4200 2
0	-69.3125
0.075	-69.4062
0.15	-69.4062
0.225	-69.4688
0.3	-69.3125
0.375	-69.375
0.45	-69.5312
0.525	-69.4062
0.6	-69.3438
0.675	-69.4688
0.75	-69.5625
0.825	-69.5312
0.9	-69.4062
0.975	-69.4062
1.05	-69.4688
1.125	-69.5312
1.2	-69.4688
1.275	-69.5
1.35	-69.5625
1.425	-69.4062
1.5	-69.3125
1.575	-69.5
1.65	-69.6563
1.725	-69.5625
1.8	-69.3438
1.875	-69.5
1.95	-69.6563
2.025	-69.4688
2.1	-69.375
2.175	-69.5
2.25	-69.6563
2.325	-69.4688
2.4	-69.3438
2.475	-69.5625
2.55	-69.6563
2.625	-69.4688
2.7	-69.4062
2.775	-69.5937
2.85	-69.5625
2.925	-69.4688
3	-69.375
3.075	-69.5625
3.15	-69.625
3.225	-69.4375
3.3	-69.5312
3.375	-69.5312
3.45	-69.5
3.525	-69.5
3.6	-69.5625
3.675	-69.5625
3.75	-69.5
3.825	-69.5312
3.9	-69.5625
3.975	-69.5625
4.05	-69.5625
4.125	-69.5
4.2	-69.5
4.275	-69.5625
4.35	-69.5312
4.425	-69.4688
4.5	-69.5937
4.575	-69.5625
4.65	-69.4375
4.725	-69.5312
4.8	-69.5625
4.875	-69.4688
4.95	-69.5937
5.025	-69.625
5.1	-69.4688
5.175	-69.5937
5.25	-69.625
5.325	-69.5312
5.4	-69.5312
5.475	-69.5625
5.55	-69.5625
5.625	-69.5312
5.7	-69.5937
5.775	-69.5312
5.85	-69.5625
5.925	-69.6563
6	-69.5937
6.075	-69.5625
6.15	-69.625
6.225	-69.5625
6.3	-69.6563
6.375	-69.5625
6.45	-69.5312
6.525	-69.75
6.6	-69.6563
6.675	-69.625
6.75	-69.5937
6.825	-69.5625
6.9	-69.625
6.975	-69.5312
7.05	-69.5937
7.125	-69.625
7.2	-69.5312
7.275	-69.5625
7.35	-69.5625
7.425	-69.6563
7.5	-69.5937
7.575	-69.5
7.65	-69.5937
7.725	-69.5
7.8	-69.5937
7.875	-69.4375
7.95	-69.5625
8.025	-69.6563
8.1	-69.5937
8.175	-69.5937
8.25	-69.5312
8.325	-69.7187
8.4	-69.625
8.475	-69.5
8.55	-69.6563
8.625	-69.6563
8.7	-69.625
8.775	-69.625
8.85	-69.5625
8.925	-69.7187
9	-69.6563
9.075	-69.5937
9.15	-69.6563
9.225	-69.6563
9.3	-69.5312
9.375	-69.5625
9.45	-69.6875
9.525	-69.7187
9.6	-69.5312
9.675	-69.5
9.75	-69.625
9.825	-69.75
9.9	-69.7187
9.975	-69.5625
10.05	-69.625
10.125	-69.75
10.2	-69.6563
10.275	-69.5625
10.35	-69.5937
10.425	-69.625
10.5	-69.5937
10.575	-69.5625
10.65	-69.6875
10.725	-69.7813
10.8	-69.6563
10.875	-69.5625
10.95	-69.6563
11.025	-69.6875
11.1	-69.6563
11.175	-69.5937
11.25	-69.6875
11.325	-69.7813
11.4	-69.5937
11.475	-69.6563
11.55	-69.7813
11.625	-69.7813
11.7	-69.5937
11.775	-69.5625
11.85	-69.7813
11.925	-69.7187
12	-69.5625
12.075	-69.6875
12.15	-69.75
12.225	-69.7813
12.3	-69.5937
12.375	-69.6563
12.45	-69.8125
12.525	-69.6563
12.6	-69.7813
12.675	-69.7187
12.75	-69.6563
12.825	-69.625
12.9	-69.7813
12.975	-69.6563
13.05	-69.6563
13.125	-69.7813
13.2	-69.75
13.275	-69.6563
13.35	-69.7187
13.425	-69.7813
13.5	-69.625
13.575	-69.75
13.65	-69.75
13.725	-69.625
13.8	-69.75
13.875	-69.7813
13.95	-69.625
14.025	-69.7187
14.1	-69.6875
14.175	-69.7187
14.25	-69.7187
14.325	-69.6875
14.4	-69.75
14.475	-69.6875
14.55	-69.6875
14.625	-69.75
14.7	-69.6563
14.775	-69.75
14.85	-69.6875
14.925	-69.6563
15	-69.75
15.075	-69.5937
15.15	-69.625
15.225	-69.6875
15.3	-69.6563
15.375	-69.6563
15.45	-69.5
15.525	-69.5937
15.6	-69.625
15.675	-69.5312
15.75	-69.625
15.825	-69.5625
15.9	-69.7187
15.975	-69.5937
16.05	-69.5312
16.125	-69.6563
16.2	-69.625
16.275	-69.5937
16.35	-69.5625
16.425	-69.5312
16.5	-69.7187
16.575	-69.5
16.65	-69.5312
16.725	-69.5937
16.8	-69.625
16.875	-69.5937
16.95	-69.5
17.025	-69.625
17.1	-69.7187
17.175	-69.5312
17.25	-69.4062
17.325	-69.625
17.4	-69.6563
17.475	-69.5312
17.55	-69.4688
17.625	-69.5312
17.7	-69.6563
17.775	-69.5937
17.85	-69.5312
17.925	-69.6563
18	-69.5312
18.075	-69.5
18.15	-69.4375
18.225	-69.6563
18.3	-69.5937
18.375	-69.5
18.45	-69.4062
18.525	-69.5312
18.6	-69.625
18.675	-69.5
18.75	-69.4062
18.825	-69.5625
18.9	-69.5625
18.975	-69.4375
19.05	-69.4062
19.125	-69.5937
19.2	-69.5312
19.275	-69.375
19.35	-69.375
19.425	-69.5937
19.5	-69.4375
19.575	-69.3125
19.65	-69.4375
19.725	-69.5
19.8	-69.3438
19.875	-69.375
19.95	-69.375
20.025	-69.4375
20.1	-69.4062
20.175	-69.4062
20.25	-69.3438
20.325	-69.25
20.4	-69.4375
20.475	-69.4062
20.55	-69.3438
20.625	-69.4375
20.7	-69.4688
20.775	-69.375
20.85	-69.4062
20.925	-69.4688
21	-69.375
21.075	-69.3125
21.15	-69.4062
21.225	-69.4688
21.3	-69.375
21.375	-69.3125
21.45	-69.4688
21.525	-69.375
21.6	-69.3438
21.675	-69.4688
21.75	-69.4062
21.825	-69.3438
21.9	-69.5
21.975	-69.4062
22.05	-69.25
22.125	-69.4375
22.2	-69.4062
22.275	-69.3125
22.35	-69.4375
22.425	-69.3125
22.5	-69.3438
22.575	-69.4062
22.65	-69.3125
22.725	-69.375
22.8	-69.4375
22.875	-69.375
22.95	-69.4375
23.025	-69.3438
23.1	-69.4688
23.175	-69.4688
23.25	-69.2813
23.325	-69.3438
23.4	-69.375
23.475	-69.4375
23.55	-69.4688
23.625	-69.3125
23.7	-69.4688
23.775	-69.4688
23.85	-69.25
23.925	-69.375
24	-69.375
24.075	-69.4688
24.15	-69.4062
24.225	-69.2813
24.3	-69.4375
24.375	-69.4062
24.45	-69.4062
24.525	-69.3125
24.6	-69.3438
24.675	-69.5312
24.75	-69.375
24.825	-69.3125
24.9	-69.375
24.975	-69.375
25.05	-69.3125
25.125	-69.2187
25.2	-69.5
25.275	-69.375
25.35	-69.3125
25.425	-69.3438
25.5	-69.3438
25.575	-69.4375
25.65	-69.375
25.725	-69.3438
25.8	-69.375
25.875	-69.4062
25.95	-69.3438
26.025	-69.375
26.1	-69.4688
26.175	-69.4062
26.25	-69.3438
26.325	-69.3438
26.4	-69.5312
26.475	-69.5312
26.55	-69.3438
26.625	-69.3125
26.7	-69.4062
26.775	-69.4062
26.85	-69.375
26.925	-69.375
27	-69.4062
27.075	-69.3438
27.15	-69.3438
27.225	-69.4375
27.3	-69.4688
27.375	-69.2813
27.45	-69.3438
27.525	-69.4062
27.6	-69.3438
27.675	-69.2187
27.75	-69.25
27.825	-69.3438
27.9	-69.3125
27.975	-69.2187
28.05	-69.2187
28.125	-69.25
28.2	-69.3438
28.275	-69.25
28.35	-69.3438
28.425	-69.1563
28.5	-69.1563
28.575	-69.1875
28.65	-69.2187
28.725	-69.1563
28.8	-69.2187
28.875	-69.25
28.95	-69.1875
29.025	-69.1875
29.1	-69.3125
29.175	-69.2187
29.25	-69.1563
29.325	-69.2813
29.4	-69.1875
29.475	-69.0625
29.55	-69.25
29.625	-69.2187
29.7	-69.0937
29.775	-69.2187
29.85	-69.1875
29.925	-69.0937
30	-69.25
30.075	-69.1563
30.15	-69.0937
30.225	-69.2187
30.3	-69.2187
30.375	-69.125
30.45	-69.125
30.525	-69.125
30.6	-69.0937
30.675	-69.125
30.75	-69.1875
30.825	-69.125
30.9	-69.1875
30.975	-69.0937
31.05	-69.1875
31.125	-69.1875
31.2	-69.0625
31.275	-69.2187
31.35	-69.1875
31.425	-69.125
31.5	-69.1563
31.575	-69.1563
31.65	-69.2813
31.725	-69.125
31.8	-69.125
31.875	-69.25
31.95	-69.1875
32.025	-69.125
32.1	-69.125
32.175	-69.2187
32.25	-69.2813
32.325	-69.0625
32.4	-69.125
32.475	-69.1563
32.55	-69.2187
32.625	-69.125
32.7	-69.0625
32.775	-69.2187
32.85	-69.1563
32.925	-69.0625
33	-69.0937
33.075	-69.0625
33.15	-69.25
33.225	-69.0937
33.3	-69.1563
33.375	-69.1875
33.45	-69.2187
33.525	-69.1875
33.6	-69.0625
33.675	-69.25
33.75	-69.2813
33.825	-69.0313
33.9	-69.125
33.975	-69.2813
34.05	-69.1875
34.125	-69.0313
34.2	-69.125
34.275	-69.3125
34.35	-69.2813
34.425	-69.0937
34.5	-69.1563
34.575	-69.2187
34.65	-69.1563
34.725	-69.125
34.8	-69.2813
34.875	-69.25
34.95	-69.1875
35.025	-69.0625
35.1	-69.125
35.175	-69.2813
35.25	-69.1563
35.325	-69.0313
35.4	-69.25
35.475	-69.3438
35.55	-69.1875
35.625	-69.0313
35.7	-69.1875
35.775	-69.2813
35.85	-69.0937
35.925	-69.0625
36	-69.25
36.075	-69.2187
36.15	-69.0937
36.225	-69.125
36.3	-69.2187
36.375	-69.2187
36.45	-69.125
36.525	-69.125
36.6	-69.1563
36.675	-69.0625
36.75	-69.125
36.825	-69.1875
36.9	-69.125
36.975	-69.1563
37.05	-69.2187
37.125	-69.0937
37.2	-69.0625
37.275	-69.125
37.35	-69.125
37.425	-69.0625
37.5	-69.125
37.575	-69.1875
37.65	-69.0625
37.725	-69.0625
37.8	-69.0937
37.875	-68.9375
37.95	-69.0937
38.025	-69.0937
38.1	-69
38.175	-69.0937
38.25	-69
38.325	-69.0313
38.4	-69
38.475	-69.0625
38.55	-69
38.625	-69.0625
38.7	-69.0937
38.775	-68.9688
38.85	-69.0937
38.925	-69.0937
39	-68.9375
39.075	-69
39.15	-69.0937
39.225	-69
39.3	-69.0313
39.375	-69.0313
39.45	-69
39.525	-69.125
39.6	-69.0625
39.675	-68.9375
39.75	-69.125
39.825	-69
39.9	-69
39.975	-69
40.05	-69.0625
40.125	-69.0937
40.2	-68.9688
40.275	-69.125
40.35	-69.0937
40.425	-69.0625
40.5	-69.0313
40.575	-68.9375
40.65	-69.125
40.725	-69.0937
40.8	-69
40.875	-69.0625
40.95	-69.0625
41.025	-69.1875
41.1	-68.9688
41.175	-69.0937
41.25	-69.0937
41.325	-69.0625
41.4	-69
41.475	-68.9688
41.55	-69.25
41.625	-69
41.7	-69
41.775	-69.0313
41.85	-69.125
41.925	-69.2187
42	-69
42.075	-69
42.15	-69.1875
42.225	-69.0625
42.3	-68.9375
42.375	-69.0937
42.45	-69.1563
42.525	-69
42.6	-68.9688
42.675	-69.0625
42.75	-69.1875
42.825	-69.1563
42.9	-69
42.975	-69
43.05	-69.0313
43.125	-69.125
43.2	-69.0625
43.275	-69
43.35	-69
43.425	-69
43.5	-69
43.575	-69
43.65	-69.0625
43.725	-69
43.8	-69
43.875	-69
43.95	-68.9688
44.025	-68.9688
44.1	-68.9062
44.175	-68.9375
44.25	-68.9688
44.325	-69
44.4	-68.9375
44.475	-68.9062
44.55	-68.9688
44.625	-69
44.7	-68.9375
44.775	-68.9688
44.85	-68.9688
44.925	-68.9375
45	-68.9062
45.075	-68.875
45.15	-68.9688
45.225	-69
45.3	-68.875
45.375	-68.9375
45.45	-69
45.525	-68.9062
45.6	-68.8125
45.675	-69.0313
45.75	-68.9688
45.825	-68.875
45.9	-69
45.975	-68.9375
46.05	-68.9062
46.125	-68.9375
46.2	-68.9688
46.275	-68.8438
46.35	-68.875
46.425	-68.9688
46.5	-68.875
46.575	-68.9375
46.65	-68.9062
46.725	-68.8438
46.8	-68.9062
46.875	-68.9375
46.95	-68.9062
47.025	-68.875
47.1	-68.9375
47.175	-68.9062
47.25	-68.9062
47.325	-68.9375
47.4	-68.8438
47.475	-68.8438
47.55	-68.875
47.625	-68.8438
47.7	-68.9062
47.775	-68.9688
47.85	-68.8125
47.925	-68.8438
48	-68.9062
48.075	-68.7812
48.15	-68.7812
48.225	-68.9062
48.3	-68.8125
48.375	-68.8125
48.45	-68.9375
48.525	-68.7812
48.6	-68.9688
48.675	-68.8125
48.75	-68.75
48.825	-68.9375
48.9	-68.8125
48.975	-68.875
49.05	-68.8125
49.125	-68.8438
49.2	-68.9062
49.275	-68.7812
49.35	-68.8125
49.425	-68.8438
49.5	-68.875
49.575	-68.75
49.65	-68.7812
49.725	-68.8125
49.8	-68.7812
49.875	-68.7812
49.95	-68.6563
50.025	-68.9375
50.1	-68.7812
50.175	-68.75
50.25	-68.75
50.325	-68.7812
50.4	-68.9062
50.475	-68.75
50.55	-68.7187
50.625	-68.8438
50.7	-68.9062
50.775	-68.7812
50.85	-68.7812
50.925	-68.8438
51	-68.7812
51.075	-68.7812
51.15	-68.9062
51.225	-68.9688
51.3	-68.8438
51.375	-68.7187
51.45	-68.75
51.525	-68.8125
51.6	-68.875
51.675	-68.8438
51.75	-68.875
51.825	-68.8438
51.9	-68.8125
51.975	-68.7812
52.05	-68.8438
52.125	-68.8438
52.2	-68.7812
52.275	-68.8438
52.35	-68.8125
52.425	-68.8438
52.5	-68.8125
52.575	-68.7812
52.65	-68.7812
52.725	-68.875
52.8	-68.875
52.875	-68.8125
52.95	-68.8125
53.025	-68.875
53.1	-68.8125
53.175	-68.7812
53.25	-68.9062
53.325	-68.9062
53.4	-68.8125
53.475	-68.75
53.55	-68.9375
53.625	-68.9062
53.7	-68.75
53.775	-68.8438
53.85	-68.875
53.925	-68.8125
54	-68.7812
54.075	-68.8438
54.15	-68.7812
54.225	-68.875
54.3	-68.9062
54.375	-68.875
54.45	-68.8125
54.525	-68.9375
54.6	-68.8125
54.675	-68.8125
54.75	-68.9375
54.825	-68.8125
54.9	-68.8125
54.975	-68.9062
55.05	-68.8125
55.125	-68.9062
55.2	-68.9062
55.275	-68.8125
55.35	-68.9062
55.425	-68.875
55.5	-68.7812
55.575	-68.8438
55.65	-68.9062
55.725	-68.8438
55.8	-68.9062
55.875	-69
55.95	-68.8438
56.025	-68.875
56.1	-68.875
56.175	-68.8438
56.25	-68.8125
56.325	-68.8125
56.4	-68.7812
56.475	-68.9375
56.55	-68.8438
56.625	-68.9062
56.7	-69
56.775	-68.9062
56.85	-68.9062
56.925	-68.9062
57	-68.9062
57.075	-68.9375
57.15	-68.8125
57.225	-68.8438
57.3	-69
57.375	-68.875
57.45	-68.9688
57.525	-68.875
57.6	-69
57.675	-68.9062
57.75	-68.8125
57.825	-68.8438
57.9	-68.8438
57.975	-68.9375
58.05	-68.7812
58.125	-68.9375
58.2	-69
58.275	-68.9375
58.35	-68.9062
58.425	-68.9062
58.5	-69.0937
58.575	-68.875
58.65	-68.875
58.725	-69
58.8	-68.9688
58.875	-68.9375
58.95	-68.875
59.025	-68.9062
59.1	-68.9062
59.175	-68.9062
59.25	-68.9062
59.325	-69
59.4	-69
59.475	-68.9062
59.55	-68.8438
59.625	-68.9688
59.7	-69.0313
59.775	-69.0313
59.85	-68.9375
59.925	-68.9375
60	-68.9375
60.075	-68.9375
60.15	-68.9688
60.225	-68.9375
60.3	-69
60.375	-68.9688
60.45	-68.9688
60.525	-68.9375
60.6	-68.9375
60.675	-69
60.75	-69.0313
60.825	-69
60.9	-69
60.975	-68.9688
61.05	-68.9062
61.125	-68.9375
61.2	-69
61.275	-69
61.35	-68.9688
61.425	-69
61.5	-69.0625
61.575	-69
61.65	-68.9062
61.725	-69
61.8	-69
61.875	-68.8438
61.95	-68.9375
62.025	-69.0313
62.1	-68.9688
62.175	-68.9062
62.25	-69
62.325	-69
62.4	-68.9375
62.475	-69
62.55	-69
62.625	-69
62.7	-69
62.775	-69
62.85	-68.9062
62.925	-68.9688
63	-69.0937
63.075	-68.9688
63.15	-68.9688
63.225	-69.0937
63.3	-69
63.375	-68.9062
63.45	-69
63.525	-69
63.6	-68.9062
63.675	-68.9375
63.75	-68.9375
63.825	-68.875
63.9	-68.9375
63.975	-68.9688
64.05	-68.9062
64.125	-69.0313
64.2	-68.9688
64.275	-68.8438
64.35	-68.9688
64.425	-68.9062
64.5	-68.7812
64.575	-69
64.65	-68.9062
64.725	-68.8125
64.8	-69
64.875	-68.9375
64.95	-68.9062
65.025	-68.9688
65.1	-68.875
65.175	-68.9688
65.25	-68.9688
65.325	-68.8438
65.4	-69
65.475	-68.9375
65.55	-68.9062
65.625	-68.8438
65.7	-68.9062
65.775	-68.9688
65.85	-68.9062
65.925	-68.9062
66	-68.9688
66.075	-68.9688
66.15	-68.9688
66.225	-68.7812
66.3	-68.9688
66.375	-69
66.45	-68.875
66.525	-68.9062
66.6	-68.875
66.675	-69.0937
66.75	-68.875
66.825	-68.875
66.9	-68.9688
66.975	-68.9688
67.05	-68.9688
67.125	-68.8125
67.2	-68.875
67.275	-69.0625
67.35	-68.9375
67.425	-68.8438
67.5	-68.9062
67.575	-69
67.65	-68.9375
67.725	-68.875
67.8	-68.875
67.875	-68.875
67.95	-68.9375
68.025	-68.9375
68.1	-69
68.175	-69
68.25	-68.9688
68.325	-68.9062
68.4	-68.9688
68.475	-68.9688
68.55	-68.8438
68.625	-68.9375
68.7	-69.0313
68.775	-68.9688
68.85	-68.9062
68.925	-68.9062
69	-69.0937
69.075	-69.0625
69.15	-68.9375
69.225	-68.9062
69.3	-69.0313
69.375	-69
69.45	-68.8438
69.525	-68.7812
69.6	-69
69.675	-69
69.75	-68.875
69.825	-68.9375
69.9	-69
69.975	-68.9688
70.05	-68.875
70.125	-69.0625
70.2	-69
70.275	-68.9688
70.35	-69.0313
70.425	-68.9375
70.5	-68.9062
70.575	-68.9375
70.65	-69
70.725	-68.9375
70.8	-69
70.875	-69.0625
70.95	-69
71.025	-69
71.1	-69.0625
71.175	-68.9375
71.25	-69.0625
71.325	-69
71.4	-68.9375
71.475	-69.0625
71.55	-69
71.625	-68.9688
71.7	-69
71.775	-68.9688
71.85	-68.9375
71.925	-69
72	-68.9375
72.075	-68.9688
72.15	-69
72.225	-68.9688
72.3	-69
72.375	-69.0625
72.45	-69
72.525	-69
72.6	-69.0313
72.675	-68.9062
72.75	-69.0625
72.825	-69
72.9	-68.9062
72.975	-69.0625
73.05	-69.125
73.125	-68.9375
73.2	-69.0313
73.275	-69
73.35	-69.0937
73.425	-69.0625
73.5	-68.9062
73.575	-69.0313
73.65	-69.0937
73.725	-68.9375
73.8	-69.0625
73.875	-69
73.95	-69.0625
74.025	-69.0937
74.1	-68.9062
74.175	-69.125
74.25	-69.0937
74.325	-69.125
74.4	-69
74.475	-68.9688
74.55	-69.125
74.625	-69
74.7	-69
74.775	-69.0625
74.85	-69.1563
74.925	-69
75	-68.9688
75.075	-69.0625
75.15	-69
75.225	-69.125
75.3	-68.9688
75.375	-69.0625
75.45	-69.125
75.525	-69
75.6	-68.9688
75.675	-69.0937
75.75	-69.125
75.825	-69.0313
75.9	-68.9375
75.975	-69.0625
76.05	-69.1563
76.125	-69.0937
76.2	-68.9688
76.275	-69.0625
76.35	-69
76.425	-68.9688
76.5	-69.0625
76.575	-69.125
76.65	-69.125
76.725	-68.9688
76.8	-69.0313
76.875	-69.125
76.95	-69.125
77.025	-68.9375
77.1	-69
77.175	-69.1875
77.25	-69.0625
77.325	-68.9375
77.4	-69.0937
77.475	-69.1563
77.55	-69.0625
77.625	-69
77.7	-69
77.775	-69.0937
77.85	-69
77.925	-69.125
78	-69.0625
78.075	-69.0625
78.15	-69.0625
78.225	-69.1563
78.3	-69
78.375	-69.0625
78.45	-69.125
78.525	-69
78.6	-69
78.675	-69.125
78.75	-69.1563
78.825	-69
78.9	-69.0937
78.975	-69.1563
79.05	-69
79.125	-69
79.2	-69.0625
79.275	-69.0937
79.35	-68.9375
79.425	-69.0313
79.5	-69.0625
79.575	-68.9688
79.65	-68.9688
79.725	-69.0625
79.8	-69
79.875	-68.9688
79.95	-69.0937
80.025	-69
80.1	-68.9688
80.175	-69
80.25	-69.0313
80.325	-68.9062
80.4	-69
80.475	-69.0937
80.55	-68.875
80.625	-69.0625
80.7	-69
80.775	-68.9688
80.85	-69.0937
80.925	-69.0313
81	-68.9375
81.075	-69.0625
81.15	-69
81.225	-69
81.3	-69.0625
81.375	-68.9688
81.45	-69
81.525	-69
81.6	-69.0313
81.675	-69
81.75	-68.9688
81.825	-69.0937
81.9	-69.0313
81.975	-68.9688
82.05	-69.1563
82.125	-69
82.2	-69
82.275	-69
82.35	-68.9375
82.425	-69.1563
82.5	-68.9688
82.575	-69
82.65	-69.0937
82.725	-69.0625
82.8	-69.0937
82.875	-68.9688
82.95	-69.125
83.025	-69.1563
83.1	-68.9688
83.175	-68.9375
83.25	-69.0313
83.325	-69.1875
83.4	-69.0313
83.475	-69
83.55	-69.125
83.625	-69
83.7	-69.0625
83.775	-69
83.85	-69.0313
83.925	-69.125
84	-68.9688
84.075	-68.9688
84.15	-69.0625
84.225	-69.125
84.3	-69.0937
84.375	-69.0625
84.45	-69.1563
84.525	-69.0625
84.6	-68.9688
84.675	-69
84.75	-69.1563
84.825	-69.1875
84.9	-68.9688
84.975	-69
85.05	-69.1875
85.125	-69.0937
85.2	-69
85.275	-68.9688
85.35	-69.1563
85.425	-69.1563
85.5	-69.0625
85.575	-69.0937
85.65	-69.2187
85.725	-69.2187
85.8	-69.0313
85.875	-69
85.95	-69.1563
86.025	-69.1563
86.1	-69.0313
86.175	-69
86.25	-69.125
86.325	-69.25
86.4	-69
86.475	-69.0313
86.55	-69.2187
86.625	-69.0937
86.7	-68.9688
86.775	-69.125
86.85	-69.25
86.925	-69.0625
87	-69.0313
87.075	-69.1563
87.15	-69.125
87.225	-69.0313
87.3	-69.0937
87.375	-69.125
87.45	-69.0937
87.525	-69.125
87.6	-69.1875
87.675	-69.0625
87.75	-69.0625
87.825	-69.1875
87.9	-69.125
87.975	-69.0937
88.05	-69.125
88.125	-69.0937
88.2	-69.1875
88.275	-69.125
88.35	-69.0313
88.425	-69.125
88.5	-69.1875
88.575	-69.0313
88.65	-69.125
88.725	-69.0937
88.8	-69.0625
88.875	-69.2187
88.95	-69.125
89.025	-69.1875
89.1	-69.1875
89.175	-69.1563
89.25	-69.1563
89.325	-69.2187
89.4	-69.1563
89.475	-69.0937
89.55	-69.1563
89.625	-69.125
89.7	-69.2187
89.775	-69.1563
89.85	-69.0625
89.925	-69.1563
90	-69.2187
90.075	-69.125
90.15	-69.1875
90.225	-69.1875
90.3	-69.1563
90.375	-69.125
90.45	-69
90.525	-69.2813
90.6	-69.2187
90.675	-69.125
90.75	-69.1563
90.825	-69.2187
90.9	-69.3438
90.975	-69.0937
91.05	-69.125
91.125	-69.25
91.2	-69.125
91.275	-69.1875
91.35	-69.0937
91.425	-69.2813
91.5	-69.2187
91.575	-69.125
91.65	-69.0937
91.725	-69.1875
91.8	-69.2813
91.875	-69
91.95	-69.1563
92.025	-69.2813
92.1	-69.1563
92.175	-69.1563
92.25	-69.1563
92.325	-69.2187
92.4	-69.1875
92.475	-69.0937
92.55	-69.2187
92.625	-69.3125
92.7	-69.25
92.775	-69.0937
92.85	-69.1563
92.925	-69.3125
93	-69.3125
93.075	-69.1875
93.15	-69.1563
93.225	-69.2187
93.3	-69.25
93.375	-69.1875
93.45	-69.2187
93.525	-69.1875
93.6	-69.25
93.675	-69.1563
93.75	-69.125
93.825	-69.1875
93.9	-69.3125
93.975	-69.2187
94.05	-69.1563
94.125	-69.2813
94.2	-69.3125
94.275	-69.125
94.35	-69.125
94.425	-69.3125
94.5	-69.25
94.575	-69.1563
94.65	-69.1875
94.725	-69.3125
94.8	-69.2813
94.875	-69.2187
94.95	-69.3125
95.025	-69.2813
95.1	-69.2187
95.175	-69.125
95.25	-69.3125
95.325	-69.2813
95.4	-69.125
95.475	-69.2187
95.55	-69.2813
95.625	-69.25
95.7	-69.1563
95.775	-69.3125
95.85	-69.2813
95.925	-69.2187
96	-69.3125
96.075	-69.2813
96.15	-69.25
96.225	-69.2813
96.3	-69.25
96.375	-69.1875
96.45	-69.25
96.525	-69.3438
96.6	-69.25
96.675	-69.2813
96.75	-69.3125
96.825	-69.2187
96.9	-69.25
96.975	-69.2813
97.05	-69.2187
97.125	-69.3125
97.2	-69.2813
97.275	-69.2813
97.35	-69.2813
97.425	-69.25
97.5	-69.2187
97.575	-69.25
97.65	-69.1875
97.725	-69.1875
97.8	-69.3125
97.875	-69.25
97.95	-69.3125
98.025	-69.3438
98.1	-69.25
98.175	-69.4062
98.25	-69.2187
98.325	-69.25
98.4	-69.25
98.475	-69.25
98.55	-69.2813
98.625	-69.1875
98.7	-69.3438
98.775	-69.4062
98.85	-69.1875
98.925	-69.3438
99	-69.4062
99.075	-69.3125
99.15	-69.2813
99.225	-69.1875
99.3	-69.3438
99.375	-69.3438
99.45	-69.25
99.525	-69.4062
99.6	-69.25
99.675	-69.4062
99.75	-69.25
99.825	-69.3438
99.9	-69.4375
99.975	-69.375
100.05	-69.3438
100.125	-69.25
100.2	-69.4688
100.275	-69.3125
100.35	-69.3125
100.425	-69.4062
100.5	-69.4375
100.575	-69.3125
100.65	-69.3438
100.725	-69.375
100.8	-69.4062
100.875	-69.3125
100.95	-69.2187
101.025	-69.375
101.1	-69.4375
101.175	-69.3438
101.25	-69.125
101.325	-69.3125
101.4	-69.4062
101.475	-69.4375
101.55	-69.2187
101.625	-69.2813
101.7	-69.4375
101.775	-69.4688
101.85	-69.3125
101.925	-69.3125
102	-69.4062
102.075	-69.4062
102.15	-69.375
102.225	-69.4062
102.3	-69.4062
102.375	-69.4062
102.45	-69.3125
102.525	-69.375
102.6	-69.2813
102.675	-69.375
102.75	-69.4062
102.825	-69.375
102.9	-69.375
102.975	-69.4062
103.05	-69.4062
103.125	-69.3438
103.2	-69.4688
103.275	-69.4375
103.35	-69.4062
103.425	-69.3125
103.5	-69.5
103.575	-69.4062
103.65	-69.3438
103.725	-69.4375
103.8	-69.4688
103.875	-69.4062
103.95	-69.2813
104.025	-69.4375
104.1	-69.4375
104.175	-69.3438
104.25	-69.375
104.325	-69.4688
104.4	-69.375
104.475	-69.375
104.55	-69.4375
104.625	-69.4062
104.7	-69.4062
104.775	-69.375
104.85	-69.375
104.925	-69.375
105	-69.4688
105.075	-69.4062
105.15	-69.375
105.225	-69.4375
105.3	-69.4375
105.375	-69.5625
105.45	-69.4375
105.525	-69.3125
105.6	-69.4062
105.675	-69.4688
105.75	-69.375
105.825	-69.5
105.9	-69.375
105.975	-69.4688
106.05	-69.4688
106.125	-69.3125
106.2	-69.4062
106.275	-69.4375
106.35	-69.3125
106.425	-69.4375
106.5	-69.3125
106.575	-69.4688
106.65	-69.4688
106.725	-69.375
106.8	-69.4062
106.875	-69.4688
106.95	-69.4688
107.025	-69.4688
107.1	-69.4062
107.175	-69.4688
107.25	-69.5
107.325	-69.3125
107.4	-69.4062
107.475	-69.5312
107.55	-69.4375
107.625	-69.5312
107.7	-69.375
107.775	-69.5312
107.85	-69.4375
107.925	-69.3438
108	-69.4688
108.075	-69.5
108.15	-69.5937
108.225	-69.4375
108.3	-69.4688
108.375	-69.5312
108.45	-69.4062
108.525	-69.5
108.6	-69.4062
108.675	-69.5
108.75	-69.5312
108.825	-69.375
108.9	-69.375
108.975	-69.6563
109.05	-69.5312
109.125	-69.3438
109.2	-69.5312
109.275	-69.5937
109.35	-69.4688
109.425	-69.4062
109.5	-69.5
109.575	-69.5625
109.65	-69.4062
109.725	-69.3438
109.8	-69.5625
109.875	-69.625
109.95	-69.4375
110.025	-69.3438
110.1	-69.5312
110.175	-69.625
110.25	-69.4688
110.325	-69.3438
110.4	-69.5625
110.475	-69.6563
110.55	-69.4375
110.625	-69.3438
110.7	-69.5
110.775	-69.5
110.85	-69.4375
110.925	-69.3125
111	-69.5625
111.075	-69.5937
111.15	-69.4375
111.225	-69.5312
111.3	-69.5625
111.375	-69.4688
111.45	-69.5312
111.525	-69.5312
111.6	-69.5625
111.675	-69.4062
111.75	-69.5
111.825	-69.5312
111.9	-69.5625
111.975	-69.5312
112.05	-69.4688
112.125	-69.4375
112.2	-69.4688
112.275	-69.4688
112.35	-69.4062
112.425	-69.4375
112.5	-69.375
112.575	-69.4375
112.65	-69.3438
112.725	-69.375
112.8	-69.4375
112.875	-69.4375
112.95	-69.3125
113.025	-69.375
113.1	-69.375
113.175	-69.3438
113.25	-69.4062
113.325	-69.3125
113.4	-69.2813
113.475	-69.3125
113.55	-69.3125
113.625	-69.25
113.7	-69.3125
113.775	-69.2813
113.85	-69.3438
113.925	-69.2813
114	-69.25
114.075	-69.2813
114.15	-69.2813
114.225	-69.25
114.3	-69.3125
114.375	-69.25
114.45	-69.1875
114.525	-69.3438
114.6	-69.1875
114.675	-69.2813
114.75	-69.3125
114.825	-69.3125
114.9	-69.25
114.975	-69.3125
115.05	-69.25
115.125	-69.4375
115.2	-69.25
115.275	-69.375
115.35	-69.3438
115.425	-69.3438
115.5	-69.25
115.575	-69.2187
115.65	-69.375
115.725	-69.3438
115.8	-69.2187
115.875	-69.3125
115.95	-69.2813
116.025	-69.375
116.1	-69.2187
116.175	-69.25
116.25	-69.3438
116.325	-69.1875
116.4	-69.2813
116.475	-69.2187
116.55	-69.375
116.625	-69.3125
116.7	-69.125
116.775	-69.3125
116.85	-69.25
116.925	-69.375
117	-69.25
117.075	-69.25
117.15	-69.4062
117.225	-69.25
117.3	-69.0625
117.375	-69.25
117.45	-69.4062
117.525	-69.25
117.6	-69.125
117.675	-69.25
117.75	-69.4062
117.825	-69.2813
117.9	-69.25
117.975	-69.2813
118.05	-69.25
118.125	-69.25
118.2	-69.2813
118.275	-69.2813
118.35	-69.375
118.425	-69.2187
118.5	-69.1563
118.575	-69.3438
118.65	-69.25
118.725	-69.1875
118.8	-69.125
118.875	-69.3438
118.95	-69.3125
119.025	-69.2187
119.1	-69.0937
119.175	-69.2813
119.25	-69.3125
119.325	-69.125
119.4	-69.1875
119.475	-69.4062
119.55	-69.2813
119.625	-69.1875
119.7	-69.25
119.775	-69.375
119.85	-69.2187
119.925	-69.125
120	-69.1875
120.075	-69.2187
120.15	-69.2187
120.225	-69.1875
120.3	-69.25
120.375	-69.125
120.45	-69.1563
120.525	-69.25
120.6	-69.1563
120.675	-69.125
120.75	-69.25
120.825	-69.2187
120.9	-69.1563
120.975	-69.2187
121.05	-69.25
121.125	-69.1563
121.2	-69.0625
121.275	-69.1875
121.35	-69.2187
121.425	-69.125
121.5	-69.2813
121.575	-69.1563
121.65	-69.125
121.725	-69.1875
121.8	-69.1875
121.875	-69.0937
121.95	-69.25
122.025	-69.2187
122.1	-69.125
122.175	-69.25
122.25	-69.1875
122.325	-69.1875
122.4	-69.25
122.475	-69.1563
122.55	-69.1563
122.625	-69.2187
122.7	-69.1563
122.775	-69.125
122.85	-69.1875
122.925	-69.1563
123	-69.2813
123.075	-69.2187
123.15	-69.2187
123.225	-69.3125
123.3	-69.1875
123.375	-69.2187
123.45	-69.2187
123.525	-69.2187
123.6	-69.25
123.675	-69.0937
123.75	-69.1563
123.825	-69.3125
123.9	-69.1563
123.975	-69.125
124.05	-69.25
124.125	-69.25
124.2	-69.2813
124.275	-69.125
124.35	-69.3125
124.425	-69.3438
124.5	-69.2813
124.575	-69.1875
124.65	-69.1563
124.725	-69.4062
124.8	-69.1875
124.875	-69.1875
124.95	-69.25
125.025	-69.3438
125.1	-69.2187
125.175	-69.125
125.25	-69.2813
125.325	-69.2813
125.4	-69.2813
125.475	-69.2187
125.55	-69.2187
125.625	-69.2813
125.7	-69.2187
125.775	-69.2187
125.85	-69.375
125.925	-69.4062
126	-69.1875
126.075	-69.2187
126.15	-69.3125
126.225	-69.3125
126.3	-69.3125
126.375	-69.1875
126.45	-69.1875
126.525	-69.3125
126.6	-69.2187
126.675	-69.1875
126.75	-69.25
126.825	-69.3438
126.9	-69.25
126.975	-69.2187
127.05	-69.2813
127.125	-69.3438
127.2	-69.25
127.275	-69.2187
127.35	-69.2187
127.425	-69.3438
127.5	-69.25
127.575	-69.125
127.65	-69.2187
127.725	-69.3438
127.8	-69.25
127.875	-69.1875
127.95	-69.2187
128.025	-69.2187
128.1	-69.1875
128.175	-69.125
128.25	-69.1875
128.325	-69.3125
128.4	-69.1563
128.475	-69.0937
128.55	-69.1875
128.625	-69.2187
128.7	-69.0625
128.775	-69.0937
128.85	-69.125
128.925	-69.0313
129	-69.0313
129.075	-69.1563
129.15	-69.125
129.225	-68.9688
129.3	-69.0625
129.375	-69.0625
129.45	-69
129.525	-69
129.6	-69.0937
129.675	-68.9688
129.75	-69
129.825	-69
129.9	-69
129.975	-69
130.05	-69.0625
130.125	-68.9688
130.2	-69
130.275	-68.9688
130.35	-68.9375
130.425	-69.0937
130.5	-69.0313
130.575	-68.9375
130.65	-69
130.725	-68.9688
130.8	-68.9062
130.875	-69
130.95	-68.9375
131.025	-68.9062
131.1	-69.0625
131.175	-69.0313
131.25	-68.9375
131.325	-69.0625
131.4	-68.9688
131.475	-68.9375
131.55	-68.9688
131.625	-68.9062
131.7	-69.0625
131.775	-68.875
131.85	-68.9062
131.925	-69
132	-68.9688
132.075	-69.0313
132.15	-68.9375
132.225	-69
132.3	-69.0625
132.375	-68.875
132.45	-69.0313
132.525	-68.9688
132.6	-69.0313
132.675	-69.0313
132.75	-68.8438
132.825	-69.0625
132.9	-69
132.975	-68.875
133.05	-68.9062
133.125	-68.9688
133.2	-69.0625
133.275	-68.875
133.35	-68.875
133.425	-68.9375
133.5	-69
133.575	-68.875
133.65	-68.8438
133.725	-69
133.8	-69
133.875	-68.875
133.95	-68.9062
134.025	-69
134.1	-68.9375
134.175	-68.8438
134.25	-68.875
134.325	-69.0313
134.4	-68.9688
134.475	-68.875
134.55	-68.8125
134.625	-68.9688
134.7	-69
134.775	-68.9375
134.85	-68.9062
134.925	-68.9062
135	-68.9688
135.075	-68.9688
135.15	-68.9375
135.225	-69
135.3	-68.875
135.375	-68.8125
135.45	-68.9688
135.525	-68.9688
135.6	-68.875
135.675	-68.8438
135.75	-68.9062
135.825	-68.9062
135.9	-68.8438
135.975	-68.7812
136.05	-68.9375
136.125	-69
136.2	-68.9375
136.275	-68.9062
136.35	-68.9375
136.425	-69
136.5	-68.875
136.575	-68.9375
136.65	-69.0313
136.725	-68.9375
136.8	-68.9688
136.875	-69
136.95	-68.9375
137.025	-69
137.1	-69
137.175	-68.9688
137.25	-69
137.325	-69.0625
137.4	-68.9688
137.475	-68.9062
137.55	-69
137.625	-69
137.7	-68.8438
137.775	-68.9375
137.85	-68.9375
137.925	-68.9062
138	-68.9375
138.075	-69
138.15	-68.9375
138.225	-69.0313
138.3	-69.0313
138.375	-68.9062
138.45	-68.9375
138.525	-69
138.6	-68.9688
138.675	-68.9062
138.75	-69
138.825	-68.9375
138.9	-68.875
138.975	-69.0937
139.05	-68.9375
139.125	-69
139.2	-69
139.275	-68.9062
139.35	-68.9688
139.425	-68.9688
139.5	-68.875
139.575	-69.0313
139.65	-68.9062
139.725	-68.8125
139.8	-69
139.875	-68.9375
139.95	-68.875
140.025	-68.9688
140.1	-68.9375
140.175	-69.0625
140.25	-68.9688
140.325	-68.9375
140.4	-69.0313
140.475	-68.9062
140.55	-68.9688
140.625	-68.9062
140.7	-68.9688
140.775	-69
140.85	-68.9062
140.925	-68.9062
141	-68.9375
141.075	-68.9688
141.15	-68.9375
141.225	-68.7812
141.3	-69
141.375	-68.9375
141.45	-68.8438
141.525	-68.9375
141.6	-68.9062
141.675	-69.0313
141.75	-68.875
141.825	-68.9688
141.9	-69.0313
141.975	-68.9688
142.05	-68.9688
142.125	-68.875
142.2	-69
142.275	-68.9375
142.35	-68.9375
142.425	-68.9062
142.5	-69
142.575	-69
142.65	-68.9688
142.725	-69
142.8	-69.0313
142.875	-68.9375
142.95	-68.9062
143.025	-68.9688
143.1	-69.0625
143.175	-69.0313
143.25	-68.875
143.325	-68.8438
143.4	-69
143.475	-68.9688
143.55	-68.8438
143.625	-68.8125
143.7	-69.0625
143.775	-69
143.85	-68.9062
143.925	-68.8438
144	-69
144.075	-68.9688
144.15	-68.875
144.225	-68.8438
144.3	-69
144.375	-69
144.45	-68.875
144.525	-68.9062
144.6	-69
144.675	-68.9688
144.75	-68.9062
144.825	-69
144.9	-69
144.975	-68.9688
145.05	-68.875
145.125	-68.9688
145.2	-69.0313
145.275	-68.9062
145.35	-68.9688
145.425	-69
145.5	-69
145.575	-68.8438
145.65	-68.9688
145.725	-69.0313
145.8	-68.9375
145.875	-69
145.95	-69
146.025	-68.9688
146.1	-68.9688
146.175	-69
146.25	-68.9375
146.325	-68.875
146.4	-69
146.475	-68.9375
146.55	-68.9062
146.625	-69
146.7	-68.9375
146.775	-68.9375
146.85	-69.0625
146.925	-68.9688
147	-69
147.075	-69.0625
147.15	-68.9688
147.225	-69.0937
147.3	-69
147.375	-68.9062
147.45	-69.0937
147.525	-68.9688
147.6	-68.9375
147.675	-69
147.75	-69
147.825	-68.9688
147.9	-69.0313
147.975	-69
148.05	-69
148.125	-69
148.2	-68.9375
148.275	-69.0937
148.35	-69.0313
148.425	-68.9375
148.5	-69.0313
148.575	-69
148.65	-69.0937
148.725	-69
148.8	-68.8125
148.875	-69.0313
148.95	-69
149.025	-69.0313
149.1	-69
149.175	-69
149.25	-69.1563
149.325	-68.875
149.4	-69
149.475	-69.0625
149.55	-69.0625
149.625	-68.9688
149.7	-68.9375
149.775	-69.125
149.85	-69
149.925	-69.0625
150	-68.9688
150.075	-69.1875
150.15	-69.125
150.225	-68.9688
150.3	-69
150.375	-69
150.45	-69.0625
150.525	-69
150.6	-68.9375
150.675	-69.0313
150.75	-69.0937
150.825	-68.9688
150.9	-68.9375
150.975	-69
151.05	-69
151.125	-68.9688
151.2	-69
151.275	-69.125
151.35	-69.0625
151.425	-68.875
151.5	-68.875
151.575	-69.0625
151.65	-69.1563
151.725	-68.9375
151.8	-68.9375
151.875	-69.0625
151.95	-69.125
152.025	-69
152.1	-69.0313
152.175	-69.2187
152.25	-69.125
152.325	-69
152.4	-69
152.475	-69.1563
152.55	-69
152.625	-68.9062
152.7	-69
152.775	-69.1875
152.85	-69.0625
152.925	-68.9062
153	-69.0625
153.075	-69.1563
153.15	-69.0937
153.225	-69
153.3	-69.0937
153.375	-69.0625
153.45	-69
153.525	-69
153.6	-69.1563
153.675	-69.1563
153.75	-68.9688
153.825	-69
153.9	-69.125
153.975	-69.0625
154.05	-68.9375
154.125	-69.125
154.2	-69.125
154.275	-68.9688
154.35	-69.0937
154.425	-69.0937
154.5	-69.0313
154.575	-69.0625
154.65	-69.1875
154.725	-69
154.8	-69.0313
154.875	-69.0625
154.95	-69.0313
155.025	-69.0937
155.1	-69.0937
155.175	-69.0937
155.25	-69.0625
155.325	-69.1563
155.4	-69
155.475	-69.0937
155.55	-69.0625
155.625	-69.0313
155.7	-69
155.775	-69.125
155.85	-69.0625
155.925	-69.0313
156	-69.0625
156.075	-68.9688
156.15	-69.0625
156.225	-69.125
156.3	-69
156.375	-69.1563
156.45	-69.0313
156.525	-69.0625
156.6	-69.0625
156.675	-68.9375
156.75	-69.0937
156.825	-69
156.9	-68.9688
156.975	-69
157.05	-68.9375
157.125	-69.0937
157.2	-68.875
157.275	-68.9688
157.35	-69.0937
157.425	-68.9688
157.5	-69
157.575	-68.9688
157.65	-69.0313
157.725	-69.0937
157.8	-68.8438
157.875	-69
157.95	-69.0625
158.025	-69.0937
158.1	-68.9688
158.175	-68.9062
158.25	-69.125
158.325	-69
158.4	-68.9375
158.475	-69
158.55	-68.9375
158.625	-69
158.7	-68.8438
158.775	-68.9688
158.85	-69.0937
158.925	-68.9688
159	-68.8438
159.075	-68.9375
159.15	-69.0937
159.225	-68.9375
159.3	-68.8438
159.375	-68.9375
159.45	-69.0937
159.525	-69.0313
159.6	-68.9688
159.675	-69
159.75	-69
159.825	-68.9375
159.9	-68.9375
159.975	-69
160.05	-68.9688
160.125	-68.9062
160.2	-68.9062
160.275	-69.0937
160.35	-69.125
160.425	-68.9375
160.5	-68.9062
160.575	-69.0313
160.65	-69
160.725	-68.9375
160.8	-68.9062
160.875	-69.0625
160.95	-69
161.025	-68.9062
161.1	-68.9375
161.175	-69
161.25	-68.9375
161.325	-68.9688
161.4	-69
161.475	-69
161.55	-69
161.625	-68.9688
161.7	-69
161.775	-68.9375
161.85	-69
161.925	-69
162	-68.9062
162.075	-69
162.15	-69
162.225	-68.875
162.3	-68.9062
162.375	-69.0625
162.45	-69
162.525	-68.9062
162.6	-68.9688
162.675	-68.9688
162.75	-68.875
162.825	-68.9688
162.9	-69
162.975	-69
163.05	-68.9062
163.125	-68.9688
163.2	-68.9688
163.275	-68.875
163.35	-69
163.425	-69
163.5	-68.9062
163.575	-68.9688
163.65	-69
163.725	-68.9688
163.8	-68.9688
163.875	-69
163.95	-68.9062
164.025	-69
164.1	-69
164.175	-68.9062
164.25	-69.0313
164.325	-69
164.4	-68.9062
164.475	-69.0313
164.55	-68.9062
164.625	-68.9375
164.7	-69.0937
164.775	-68.8438
164.85	-68.9375
164.925	-69.0937
165	-68.9062
165.075	-68.9688
165.15	-69
165.225	-69
165.3	-69.0625
165.375	-68.9688
165.45	-68.9375
165.525	-69.0625
165.6	-68.9375
165.675	-68.9688
165.75	-68.9062
165.825	-69.0625
165.9	-69.0937
165.975	-69
166.05	-68.9688
166.125	-69
166.2	-69
166.275	-68.9688
166.35	-69
166.425	-69.0625
166.5	-69.0313
166.575	-68.9062
166.65	-68.9375
166.725	-69.125
166.8	-68.9375
166.875	-68.9375
166.95	-69
167.025	-69
167.1	-69.0625
167.175	-68.9062
167.25	-68.9688
167.325	-69.1563
167.4	-69.0313
167.475	-68.875
167.55	-68.9688
167.625	-69
167.7	-69.0625
167.775	-68.9688
167.85	-69
167.925	-69.0937
168	-69
168.075	-68.9375
168.15	-69.0625
168.225	-69.1875
168.3	-69.0937
168.375	-68.875
168.45	-69.0313
168.525	-69.2187
168.6	-69
168.675	-68.9062
168.75	-69.0313
168.825	-69.1875
168.9	-69
168.975	-68.9062
169.05	-69
169.125	-69.125
169.2	-69
169.275	-68.8438
169.35	-69.0313
169.425	-69
169.5	-68.9688
169.575	-68.9062
169.65	-69
169.725	-69
169.8	-68.9375
169.875	-68.9688
169.95	-69.0625
170.025	-68.875
170.1	-68.8125
170.175	-68.9688
170.25	-69
170.325	-68.875
170.4	-68.9375
170.475	-69
170.55	-68.9375
170.625	-68.9375
170.7	-68.9688
170.775	-68.9062
170.85	-68.9688
170.925	-68.9688
171	-68.9062
171.075	-68.875
171.15	-69.0313
171.225	-68.9375
171.3	-68.9062
171.375	-68.9688
171.45	-69
171.525	-68.9375
171.6	-68.9375
171.675	-69.0937
171.75	-68.9062
171.825	-68.9375
171.9	-69
171.975	-68.9688
172.05	-68.9688
172.125	-69
172.2	-68.9375
172.275	-68.9688
172.35	-69
172.425	-68.9062
172.5	-69.0625
172.575	-69.0937
172.65	-68.9688
172.725	-69.0313
172.8	-69
172.875	-68.875
172.95	-68.9375
173.025	-68.9688
173.1	-69
173.175	-69.0625
173.25	-68.8438
173.325	-69
173.4	-69
173.475	-69
173.55	-68.9688
173.625	-68.9062
173.7	-69.0313
173.775	-68.9688
173.85	-68.9062
173.925	-69
174	-68.9688
174.075	-69.0313
174.15	-68.9375
174.225	-68.9062
174.3	-69.0625
174.375	-68.9688
174.45	-68.9062
174.525	-69
174.6	-68.9688
174.675	-69.0625
174.75	-68.8438
174.825	-69
174.9	-69.0625
174.975	-69
175.05	-68.9375
175.125	-68.9688
175.2	-69.125
175.275	-68.9375
175.35	-69
175.425	-69
175.5	-68.9688
175.575	-69
175.65	-68.9062
175.725	-68.9375
175.8	-68.9375
175.875	-68.9688
175.95	-68.9375
176.025	-68.9688
176.1	-68.9688
176.175	-68.875
176.25	-68.9062
176.325	-69.0937
176.4	-69.125
176.475	-68.9375
176.55	-68.8125
176.625	-68.875
176.7	-68.9375
176.775	-68.9688
176.85	-68.9062
176.925	-69
177	-69.0937
177.075	-68.9688
177.15	-68.9375
177.225	-68.9375
177.3	-69.0313
177.375	-68.9688
177.45	-68.9062
177.525	-69
177.6	-69
177.675	-68.9688
177.75	-68.875
177.825	-68.9062
177.9	-68.9688
177.975	-68.9062
178.05	-68.9375
178.125	-68.9375
178.2	-69.0313
178.275	-68.9688
178.35	-68.9375
178.425	-69
178.5	-69.0625
178.575	-68.9375
178.65	-68.9062
178.725	-69
178.8	-68.9062
178.875	-68.8438
178.95	-68.9375
179.025	-68.9375
179.1	-68.9062
179.175	-68.9375
179.25	-69
179.325	-68.9375
179.4	-68.9375
179.475	-69
179.55	-68.9062
179.625	-68.9375
179.7	-68.9688
179.775	-68.9375
179.85	-68.9062
179.925	-68.9688
180	-68.875
180.075	-68.9062
180.15	-68.9688
180.225	-68.9062
180.3	-68.875
180.375	-69
180.45	-68.9062
180.525	-68.9062
180.6	-68.9688
180.675	-68.875
180.75	-68.8438
180.825	-68.9688
180.9	-68.875
180.975	-68.9062
181.05	-68.9375
181.125	-68.875
181.2	-68.875
181.275	-68.9688
181.35	-68.7187
181.425	-68.8438
181.5	-68.875
181.575	-68.8438
181.65	-68.9375
181.725	-68.8125
181.8	-68.875
181.875	-68.9688
181.95	-68.8125
182.025	-68.9375
182.1	-68.9062
182.175	-68.9375
182.25	-68.875
182.325	-68.75
182.4	-68.9375
182.475	-68.9688
182.55	-68.9688
182.625	-68.7812
182.7	-68.875
182.775	-69
182.85	-68.8125
182.925	-68.9062
183	-68.8125
183.075	-69
183.15	-68.8125
183.225	-68.8125
183.3	-68.9375
183.375	-68.9688
183.45	-68.9375
183.525	-68.7812
183.6	-68.9688
183.675	-68.9688
183.75	-68.8438
183.825	-68.875
183.9	-69
183.975	-68.9688
184.05	-68.8125
184.125	-68.8125
184.2	-68.9688
184.275	-69
184.35	-68.875
184.425	-68.7812
184.5	-68.8438
184.575	-69.0625
184.65	-68.9062
184.725	-68.8438
184.8	-68.8125
184.875	-68.8125
184.95	-68.8125
185.025	-68.9375
185.1	-68.9688
185.175	-68.9062
185.25	-68.875
185.325	-68.875
185.4	-68.9688
185.475	-68.9375
185.55	-68.8438
185.625	-68.9062
185.7	-69
185.775	-68.9062
185.85	-68.8125
185.925	-68.9375
186	-69.0313
186.075	-68.9062
186.15	-68.7812
186.225	-68.875
186.3	-68.875
186.375	-68.7812
186.45	-68.8125
186.525	-68.875
186.6	-68.8438
186.675	-68.7187
186.75	-68.7812
186.825	-68.75
186.9	-68.6875
186.975	-68.7812
187.05	-68.75
187.125	-68.7187
187.2	-68.6563
187.275	-68.8125
187.35	-68.7187
187.425	-68.6875
187.5	-68.75
187.575	-68.7812
187.65	-68.625
187.725	-68.7187
187.8	-68.7187
187.875	-68.6563
187.95	-68.625
188.025	-68.75
188.1	-68.6563
188.175	-68.6563
188.25	-68.7187
188.325	-68.7187
188.4	-68.6563
188.475	-68.75
188.55	-68.6563
188.625	-68.5625
188.7	-68.6563
188.775	-68.6875
188.85	-68.5625
188.925	-68.6875
189	-68.7187
189.075	-68.625
189.15	-68.75
189.225	-68.6563
189.3	-68.6563
189.375	-68.75
189.45	-68.6875
189.525	-68.7812
189.6	-68.6563
189.675	-68.6563
189.75	-68.7812
189.825	-68.5625
189.9	-68.625
189.975	-68.75
190.05	-68.7187
190.125	-68.7812
190.2	-68.6563
190.275	-68.6875
190.35	-68.7812
190.425	-68.5937
190.5	-68.6563
190.575	-68.7812
190.65	-68.6875
190.725	-68.7187
190.8	-68.625
190.875	-68.7187
190.95	-68.7812
191.025	-68.5937
191.1	-68.7187
191.175	-68.6563
191.25	-68.6875
191.325	-68.6875
191.4	-68.5625
191.475	-68.7812
191.55	-68.6875
191.625	-68.6563
191.7	-68.625
191.775	-68.7812
191.85	-68.8438
191.925	-68.5
192	-68.625
192.075	-68.7187
192.15	-68.7187
192.225	-68.6875
192.3	-68.625
192.375	-68.6875
192.45	-68.75
192.525	-68.75
192.6	-68.7187
192.675	-68.75
192.75	-68.6875
192.825	-68.6875
192.9	-68.7812
192.975	-68.75
193.05	-68.7812
193.125	-68.625
193.2	-68.6875
193.275	-68.8438
193.35	-68.8125
193.425	-68.625
193.5	-68.75
193.575	-68.9062
193.65	-68.75
193.725	-68.625
193.8	-68.6563
193.875	-68.9062
193.95	-68.6875
194.025	-68.625
194.1	-68.7812
194.175	-68.875
194.25	-68.75
194.325	-68.625
194.4	-68.75
194.475	-68.8125
194.55	-68.6563
194.625	-68.6875
194.7	-68.875
194.775	-68.8125
194.85	-68.7187
194.925	-68.7812
195	-68.7812
195.075	-68.7812
195.15	-68.75
195.225	-68.8125
195.3	-68.8125
195.375	-68.7187
195.45	-68.8125
195.525	-68.7812
195.6	-68.7812
195.675	-68.7187
195.75	-68.7812
195.825	-68.7812
195.9	-68.7187
195.975	-68.75
196.05	-68.7812
196.125	-68.75
196.2	-68.7187
196.275	-68.7812
196.35	-68.8125
196.425	-68.7187
196.5	-68.7812
196.575	-68.7812
196.65	-68.7812
196.725	-68.8125
196.8	-68.8125
196.875	-68.7812
196.95	-68.7812
197.025	-68.9062
197.1	-68.75
197.175	-68.8438
197.25	-68.875
197.325	-68.8125
197.4	-68.7812
197.475	-68.8125
197.55	-68.7187
197.625	-68.9062
197.7	-68.8125
197.775	-68.75
197.85	-68.8438
197.925	-68.75
198	-68.875
198.075	-68.7812
198.15	-68.75
198.225	-68.9062
198.3	-68.7812
198.375	-68.8438
198.45	-68.9062
198.525	-68.8438
198.6	-68.8438
198.675	-68.7812
198.75	-68.8438
198.825	-68.9062
198.9	-68.7812
198.975	-68.7812
199.05	-68.8438
199.125	-68.7812
199.2	-68.875
199.275	-68.8125
199.35	-68.8125
199.425	-68.875
199.5	-68.6563
199.575	-68.8125
199.65	-68.8125
199.725	-68.9375
199.8	-68.8125
199.875	-68.7187
199.95	-68.8438
200.025	-68.9375
200.1	-68.75
200.175	-68.7812
200.25	-68.9375
200.325	-68.8438
200.4	-68.7812
200.475	-68.7812
200.55	-68.8125
200.625	-68.8125
200.7	-68.7812
200.775	-68.8125
200.85	-68.875
200.925	-68.8125
201	-68.7187
201.075	-68.8438
201.15	-68.9062
201.225	-68.9062
201.3	-68.7812
201.375	-68.7812
201.45	-68.9062
201.525	-68.875
201.6	-68.8438
201.675	-68.9062
201.75	-68.9062
201.825	-68.8438
201.9	-68.875
201.975	-68.9062
202.05	-68.9062
202.125	-68.7812
202.2	-68.7812
202.275	-68.9375
202.35	-68.9688
202.425	-68.8438
202.5	-68.8125
202.575	-68.9062
202.65	-68.9375
202.725	-68.7812
202.8	-68.8438
202.875	-68.875
202.95	-68.9062
203.025	-68.8125
203.1	-68.9062
203.175	-68.9375
203.25	-68.875
203.325	-68.875
203.4	-68.8438
203.475	-68.8125
203.55	-68.875
203.625	-68.9375
203.7	-68.8438
203.775	-68.9062
203.85	-68.9688
203.925	-68.8438
204	-68.8125
204.075	-68.9688
204.15	-68.9375
204.225	-68.8125
204.3	-68.9375
204.375	-68.875
204.45	-68.8125
204.525	-68.9688
204.6	-68.9062
204.675	-68.8125
204.75	-68.9375
204.825	-68.9688
204.9	-68.9062
204.975	-68.9375
205.05	-68.9375
205.125	-68.9062
205.2	-69
205.275	-68.9375
205.35	-68.9062
205.425	-69
205.5	-68.9688
205.575	-68.875
205.65	-69.0625
205.725	-68.9375
205.8	-68.875
205.875	-68.9688
205.95	-68.875
206.025	-68.9375
206.1	-69.0313
206.175	-68.8438
206.25	-69
206.325	-68.9688
206.4	-68.9062
206.475	-69.0313
206.55	-68.9688
206.625	-69.0313
206.7	-69.0625
206.775	-68.9688
206.85	-68.9688
206.925	-69
207	-68.9375
207.075	-68.9375
207.15	-68.9688
207.225	-68.9688
207.3	-69.0625
207.375	-68.8438
207.45	-68.9375
207.525	-69
207.6	-69
207.675	-69
207.75	-68.875
207.825	-69.0937
207.9	-69
207.975	-69
208.05	-68.875
208.125	-69.0937
208.2	-69
208.275	-68.9688
208.35	-69.0625
208.425	-69.0937
208.5	-69.1563
208.575	-68.9688
208.65	-69
208.725	-69.125
208.8	-69
208.875	-68.9062
208.95	-69.0313
209.025	-69.0625
209.1	-68.9688
209.175	-68.875
209.25	-69
209.325	-69.125
209.4	-69.0625
209.475	-68.9688
209.55	-68.9688
209.625	-69.0625
209.7	-69.0625
209.775	-69
209.85	-69
209.925	-69.0313
210	-69.0313
210.075	-69
210.15	-69.0625
210.225	-69.125
210.3	-69
210.375	-69
210.45	-69.0937
210.525	-69
210.6	-69
210.675	-69
210.75	-69.0937
210.825	-69.0625
210.9	-69.0625
210.975	-69.0937
211.05	-69
211.125	-69.0625
211.2	-69.2187
211.275	-69
211.35	-69
211.425	-69.125
211.5	-69.125
211.575	-69
211.65	-69.0625
211.725	-69.125
211.8	-69.0625
211.875	-69.0313
211.95	-69.1875
212.025	-69.1563
212.1	-68.9688
212.175	-69.0937
212.25	-69.1875
212.325	-69.0625
212.4	-69.0313
212.475	-69.125
212.55	-69.1563
212.625	-69.0625
212.7	-69.1563
212.775	-69.1563
212.85	-69.0937
212.925	-69.0937
213	-69.125
213.075	-69.1563
213.15	-69.0313
213.225	-69.2187
213.3	-69.25
213.375	-69.125
213.45	-69.1563
213.525	-69.2187
213.6	-69.125
213.675	-69.0625
213.75	-69.1875
213.825	-69.0625
213.9	-69.125
213.975	-69.1563
214.05	-69.0625
214.125	-69.1563
214.2	-69.0937
214.275	-69.125
214.35	-69.1563
214.425	-69
214.5	-69.1563
214.575	-69.1563
214.65	-69.0625
214.725	-69.125
214.8	-69.125
214.875	-69.125
214.95	-69.1875
215.025	-69.0937
215.1	-69.25
215.175	-69.25
215.25	-69.1875
215.325	-69.25
215.4	-69.25
215.475	-69.4062
215.55	-69.1875
215.625	-69.3438
215.7	-69.3438
215.775	-69.3438
215.85	-69.3438
215.925	-69.1563
216	-69.3438
216.075	-69.375
216.15	-69.1875
216.225	-69.3438
216.3	-69.4062
216.375	-69.375
216.45	-69.2813
216.525	-69.2187
216.6	-69.4375
216.675	-69.3438
216.75	-69.25
216.825	-69.2813
216.9	-69.3438
216.975	-69.3438
217.05	-69.2187
217.125	-69.25
217.2	-69.4688
217.275	-69.3438
217.35	-69.1875
217.425	-69.3125
217.5	-69.5
217.575	-69.4062
217.65	-69.25
217.725	-69.2813
217.8	-69.3438
217.875	-69.3438
217.95	-69.3125
218.025	-69.375
218.1	-69.375
218.175	-69.2813
218.25	-69.2187
218.325	-69.4062
218.4	-69.5312
218.475	-69.25
218.55	-69.25
218.625	-69.4375
218.7	-69.4375
218.775	-69.3438
218.85	-69.2813
218.925	-69.5
219	-69.4375
219.075	-69.25
219.15	-69.3125
219.225	-69.4062
219.3	-69.3438
219.375	-69.3125
219.45	-69.375
219.525	-69.4062
219.6	-69.3438
219.675	-69.3438
219.75	-69.375
219.825	-69.375
219.9	-69.3125
219.975	-69.3438
220.05	-69.375
220.125	-69.3125
220.2	-69.375
220.275	-69.4062
220.35	-69.375
220.425	-69.3125
220.5	-69.4062
220.575	-69.3125
220.65	-69.25
220.725	-69.4062
220.8	-69.3438
220.875	-69.2813
220.95	-69.4062
221.025	-69.375
221.1	-69.2813
221.175	-69.25
221.25	-69.4062
221.325	-69.3438
221.4	-69.2187
221.475	-69.3438
221.55	-69.3438
221.625	-69.3125
221.7	-69.3125
221.775	-69.375
221.85	-69.25
221.925	-69.25
222	-69.3125
222.075	-69.2187
222.15	-69.3125
222.225	-69.3125
222.3	-69.25
222.375	-69.3438
222.45	-69.1875
222.525	-69.2187
222.6	-69.2813
222.675	-69.1875
222.75	-69.2813
222.825	-69.2187
222.9	-69.1875
222.975	-69.375
223.05	-69.25
223.125	-69.2187
223.2	-69.3125
223.275	-69.2813
223.35	-69.3125
223.425	-69.25
223.5	-69.25
223.575	-69.4062
223.65	-69.25
223.725	-69.2813
223.8	-69.2813
223.875	-69.3125
223.95	-69.4062
224.025	-69.125
224.1	-69.25
224.175	-69.375
224.25	-69.2813
224.325	-69.2813
224.4	-69.1875
224.475	-69.4375
224.55	-69.25
224.625	-69.2187
224.7	-69.2813
224.775	-69.2813
224.85	-69.3438
224.925	-69.125
225	-69.2187
225.075	-69.3125
225.15	-69.1875
225.225	-69.1875
225.3	-69.25
225.375	-69.3438
225.45	-69.2187
225.525	-69.0625
225.6	-69.2187
225.675	-69.3438
225.75	-69.2187
225.825	-69.0937
225.9	-69.1875
225.975	-69.1875
226.05	-69.125
226.125	-69.1875
226.2	-69.2187
226.275	-69.125
226.35	-69.1563
226.425	-69.1563
226.5	-69.25
226.575	-69.25
226.65	-69.1563
226.725	-69.0625
226.8	-69.2187
226.875	-69.2813
226.95	-69.0625
227.025	-68.9688
227.1	-69.1875
227.175	-69.25
227.25	-69.0937
227.325	-69.0625
227.4	-69.375
227.475	-69.3125
227.55	-69.0937
227.625	-69.0937
227.7	-69.25
227.775	-69.2187
227.85	-69.125
227.925	-69.25
228	-69.25
228.075	-69.1875
228.15	-69.125
228.225	-69.2187
228.3	-69.25
228.375	-69.125
228.45	-69.1875
228.525	-69.1875
228.6	-69.0625
228.675	-69.1875
228.75	-69.1875
228.825	-69.0937
228.9	-69.1875
228.975	-69.1563
229.05	-69.0625
229.125	-69.1563
229.2	-69.1875
229.275	-69.1563
229.35	-69.0625
229.425	-69.2813
229.5	-69.25
229.575	-69.1563
229.65	-69.2187
229.725	-69.25
229.8	-69.125
229.875	-69.0937
229.95	-69.2187
230.025	-69.1875
230.1	-69.1563
230.175	-69.2187
230.25	-69.125
230.325	-69.125
230.4	-69.25
230.475	-69.2187
230.55	-69.125
230.625	-69.2813
230.7	-69.1875
230.775	-69.1875
230.85	-69.2187
230.925	-69.1563
231	-69.1875
231.075	-69.2187
231.15	-69.125
231.225	-69.1875
231.3	-69.2187
231.375	-69.0937
231.45	-69.3125
231.525	-69.1563
231.6	-69.1875
231.675	-69.25
231.75	-69.1875
231.825	-69.2813
231.9	-69.0625
231.975	-69.125
232.05	-69.2813
232.125	-69.125
232.2	-69.1875
232.275	-69.1875
232.35	-69.25
232.425	-69.25
232.5	-69.0625
232.575	-69.2813
232.65	-69.125
232.725	-69.3125
232.8	-69.0625
232.875	-69.1875
232.95	-69.25
233.025	-69.125
233.1	-69.1563
233.175	-69.125
233.25	-69.2813
233.325	-69.1563
233.4	-69.1875
233.475	-69.1875
233.55	-69.25
233.625	-69.25
233.7	-69.0313
233.775	-69.25
233.85	-69.3438
233.925	-69.2187
234	-69.0937
234.075	-69.25
234.15	-69.3125
234.225	-69.1875
234.3	-69.125
234.375	-69.2187
234.45	-69.25
234.525	-69.1875
234.6	-69.2187
234.675	-69.2813
234.75	-69.2187
234.825	-69.125
234.9	-69.0937
234.975	-69.25
235.05	-69.3125
235.125	-69.0937
235.2	-69.125
235.275	-69.25
235.35	-69.2813
235.425	-69.125
235.5	-69
235.575	-69.2813
235.65	-69.3438
235.725	-69.125
235.8	-69.1563
235.875	-69.25
235.95	-69.25
236.025	-69.0625
236.1	-69.1875
236.175	-69.25
236.25	-69.1875
236.325	-69.0625
236.4	-69.25
236.475	-69.2187
236.55	-69.125
236.625	-69.125
236.7	-69.2187
236.775	-69.2187
236.85	-69.1875
236.925	-69.2187
237	-69.125
237.075	-69.1875
237.15	-69.25
237.225	-69.1875
237.3	-69.125
237.375	-69.25
237.45	-69.25
237.525	-69.125
237.6	-69.25
237.675	-69.25
237.75	-69.25
237.825	-69.2813
237.9	-69.2813
237.975	-69.1563
238.05	-69.2813
238.125	-69.3125
238.2	-69.2187
238.275	-69.1875
238.35	-69.3438
238.425	-69.2187
238.5	-69.2813
238.575	-69.3438
238.65	-69.2813
238.725	-69.1875
238.8	-69.2813
238.875	-69.2813
238.95	-69.25
239.025	-69.3438
239.1	-69.2813
239.175	-69.1875
239.25	-69.2813
239.325	-69.3125
239.4	-69.2813
239.475	-69.25
239.55	-69.3125
239.625	-69.25
239.7	-69.3438
239.775	-69.2813
239.85	-69.3438
239.925	-69.4062
240	-69.2187
240.075	-69.2813
240.15	-69.3125
240.225	-69.3125
240.3	-69.4062
240.375	-69.2187
240.45	-69.3125
240.525	-69.3438
240.6	-69.2187
240.675	-69.25
240.75	-69.25
240.825	-69.4375
240.9	-69.4062
240.975	-69.2187
241.05	-69.4375
241.125	-69.3438
241.2	-69.3438
241.275	-69.25
241.35	-69.3438
241.425	-69.4062
241.5	-69.2813
241.575	-69.3125
241.65	-69.3125
241.725	-69.5312
241.8	-69.25
241.875	-69.3125
241.95	-69.4062
242.025	-69.3438
242.1	-69.4375
242.175	-69.3438
242.25	-69.375
242.325	-69.4062
242.4	-69.4062
242.475	-69.3125
242.55	-69.3125
242.625	-69.3438
242.7	-69.3438
242.775	-69.4062
242.85	-69.5625
242.925	-69.5
243	-69.25
243.075	-69.25
243.15	-69.375
243.225	-69.5
243.3	-69.375
243.375	-69.2813
243.45	-69.4688
243.525	-69.5
243.6	-69.375
243.675	-69.375
243.75	-69.5625
243.825	-69.4688
243.9	-69.375
243.975	-69.4062
244.05	-69.5625
244.125	-69.4688
244.2	-69.25
244.275	-69.4688
244.35	-69.5
244.425	-69.4375
244.5	-69.3125
244.575	-69.4688
244.65	-69.4688
244.725	-69.375
244.8	-69.3438
244.875	-69.4375
244.95	-69.5
245.025	-69.375
245.1	-69.4375
245.175	-69.5312
245.25	-69.5
245.325	-69.4062
245.4	-69.4688
245.475	-69.5
245.55	-69.4375
245.625	-69.4688
245.7	-69.4375
245.775	-69.4688
245.85	-69.5
245.925	-69.5312
246	-69.4688
246.075	-69.375
246.15	-69.5312
246.225	-69.4375
246.3	-69.4062
246.375	-69.5312
246.45	-69.5937
246.525	-69.5312
246.6	-69.4688
246.675	-69.5312
246.75	-69.5
246.825	-69.4375
246.9	-69.5312
246.975	-69.5312
247.05	-69.4062
247.125	-69.5
247.2	-69.5
247.275	-69.5
247.35	-69.5625
247.425	-69.5
247.5	-69.4375
247.575	-69.5625
247.65	-69.4062
247.725	-69.5312
247.8	-69.5312
247.875	-69.4688
247.95	-69.5625
248.025	-69.5312
248.1	-69.5
248.175	-69.5
248.25	-69.4062
248.325	-69.5625
248.4	-69.5312
248.475	-69.5312
248.55	-69.5625
248.625	-69.5
248.7	-69.5937
248.775	-69.5
248.85	-69.4375
248.925	-69.6563
249	-69.625
249.075	-69.5625
249.15	-69.4375
249.225	-69.625
249.3	-69.6563
249.375	-69.4375
249.45	-69.625
249.525	-69.625
249.6	-69.75
249.675	-69.5312
249.75	-69.5625
249.825	-69.5937
249.9	-69.625
249.975	-69.5937
250.05	-69.4688
250.125	-69.6875
250.2	-69.5937
250.275	-69.5
250.35	-69.625
250.425	-69.5625
250.5	-69.625
250.575	-69.5625
250.65	-69.5
250.725	-69.5937
250.8	-69.6563
250.875	-69.5625
250.95	-69.5937
251.025	-69.625
251.1	-69.5312
251.175	-69.5
251.25	-69.5937
251.325	-69.7187
251.4	-69.625
251.475	-69.5312
251.55	-69.4375
251.625	-69.625
251.7	-69.7187
251.775	-69.5937
251.85	-69.4688
251.925	-69.6563
252	-69.7187
252.075	-69.625
252.15	-69.625
252.225	-69.625
252.3	-69.5937
252.375	-69.5625
252.45	-69.625
252.525	-69.625
252.6	-69.6875
252.675	-69.625
252.75	-69.5625
252.825	-69.6875
252.9	-69.7187
252.975	-69.5937
253.05	-69.625
253.125	-69.75
253.2	-69.7187
253.275	-69.5625
253.35	-69.7187
253.425	-69.7813
253.5	-69.6563
253.575	-69.5625
253.65	-69.6563
253.725	-69.6875
253.8	-69.5937
253.875	-69.625
253.95	-69.7813
254.025	-69.7187
254.1	-69.5625
254.175	-69.7187
254.25	-69.75
254.325	-69.625
254.4	-69.7187
254.475	-69.75
254.55	-69.625
254.625	-69.6563
254.7	-69.7813
254.775	-69.6563
254.85	-69.625
254.925	-69.7813
255	-69.7187
255.075	-69.625
255.15	-69.75
255.225	-69.6875
255.3	-69.6563
255.375	-69.7813
255.45	-69.6563
255.525	-69.625
255.6	-69.75
255.675	-69.6563
255.75	-69.75
255.825	-69.75
255.9	-69.6875
255.975	-69.6875
256.05	-69.75
256.125	-69.625
256.2	-69.8125
256.275	-69.6563
256.35	-69.7187
256.425	-69.75
256.5	-69.6875
256.575	-69.8125
256.65	-69.5937
256.725	-69.6875
256.8	-69.7813
256.875	-69.7187
256.95	-69.75
257.025	-69.6875
257.1	-69.75
257.175	-69.8125
257.25	-69.5937
257.325	-69.7187
257.4	-69.7813
257.475	-69.7813
257.55	-69.6563
257.625	-69.5937
257.7	-69.7813
257.775	-69.7187
257.85	-69.5625
257.925	-69.75
258	-69.8125
258.075	-69.8125
258.15	-69.6563
258.225	-69.6563
258.3	-69.7813
258.375	-69.6875
258.45	-69.7187
258.525	-69.6563
258.6	-69.8437
258.675	-69.8437
258.75	-69.5937
258.825	-69.625
258.9	-69.9062
258.975	-69.8125
259.05	-69.6563
259.125	-69.625
259.2	-69.8437
259.275	-69.8125
259.35	-69.7187
259.425	-69.6875
259.5	-69.75
259.575	-69.6875
259.65	-69.7813
259.725	-69.7813
259.8	-69.7813
259.875	-69.75
259.95	-69.7187
260.025	-69.75
260.1	-69.9062
260.175	-69.75
260.25	-69.7187
260.325	-69.8437
260.4	-69.8437
260.475	-69.75
260.55	-69.625
260.625	-69.8125
260.7	-69.8437
260.775	-69.6875
260.85	-69.7187
260.925	-69.8437
261	-69.7813
261.075	-69.6563
261.15	-69.7813
261.225	-69.8437
261.3	-69.8125
261.375	-69.7187
261.45	-69.7187
261.525	-69.8437
261.6	-69.75
261.675	-69.7187
261.75	-69.7187
261.825	-69.75
261.9	-69.7813
261.975	-69.7187
262.05	-69.8125
262.125	-69.8437
262.2	-69.7813
262.275	-69.7187
262.35	-69.7813
262.425	-69.7813
262.5	-69.7813
262.575	-69.7813
262.65	-69.7813
262.725	-69.7187
262.8	-69.7813
262.875	-69.8125
262.95	-69.75
263.025	-69.75
263.1	-69.8125
263.175	-69.7813
263.25	-69.8125
263.325	-69.9062
263.4	-69.7187
263.475	-69.8437
263.55	-69.8125
263.625	-69.75
263.7	-69.8437
263.775	-69.8125
263.85	-69.7813
263.925	-69.875
264	-69.75
264.075	-69.8125
264.15	-69.8437
264.225	-69.7813
264.3	-69.8437
264.375	-69.8437
264.45	-69.7187
264.525	-69.8437
264.6	-69.8125
264.675	-69.8125
264.75	-69.875
264.825	-69.75
264.9	-69.7813
264.975	-69.875
265.05	-69.7813
265.125	-69.875
265.2	-69.75
265.275	-69.875
265.35	-69.9375
265.425	-69.6875
265.5	-69.8437
265.575	-69.8437
265.65	-69.8437
265.725	-69.75
265.8	-69.7813
265.875	-69.9688
265.95	-69.8125
266.025	-69.875
266.1	-69.8125
266.175	-69.9062
266.25	-69.8437
266.325	-69.6875
266.4	-69.8437
266.475	-69.8437
266.55	-69.9062
266.625	-69.7187
266.7	-69.75
266.775	-69.9688
266.85	-69.8437
266.925	-69.7813
267	-69.875
267.075	-69.9062
267.15	-69.8437
267.225	-69.7813
267.3	-69.8437
267.375	-69.8125
267.45	-69.7813
267.525	-69.8437
267.6	-69.875
267.675	-69.9375
267.75	-69.875
267.825	-69.6875
267.9	-69.6875
267.975	-69.9062
268.05	-69.8125
268.125	-69.75
268.2	-69.7813
268.275	-69.875
268.35	-69.9375
268.425	-69.7813
268.5	-69.7813
268.575	-69.875
268.65	-69.875
268.725	-69.7813
268.8	-69.75
268.875	-69.9062
268.95	-69.875
269.025	-69.75
269.1	-69.7813
269.175	-69.9062
269.25	-69.8437
269.325	-69.7813
269.4	-69.8125
269.475	-69.9062
269.55	-69.8125
269.625	-69.7187
269.7	-69.7813
269.775	-69.9062
269.85	-69.7813
269.925	-69.7813
270	-69.7813
270.075	-69.9062
270.15	-69.8125
270.225	-69.7813
270.3	-69.8125
270.375	-69.875
270.45	-69.8125
270.525	-69.7187
270.6	-69.875
270.675	-69.8437
270.75	-69.7813
270.825	-69.7813
270.9	-69.9062
270.975	-69.75
271.05	-69.8125
271.125	-69.9688
271.2	-69.9062
271.275	-69.8125
271.35	-69.9062
271.425	-69.8437
271.5	-69.75
271.575	-69.9062
271.65	-69.875
271.725	-69.7813
271.8	-69.875
271.875	-69.8437
271.95	-69.8437
272.025	-69.8437
272.1	-69.8437
272.175	-69.8125
272.25	-69.875
272.325	-69.8125
272.4	-69.7813
272.475	-69.9375
272.55	-69.8437
272.625	-69.9062
272.7	-69.8437
272.775	-69.7813
272.85	-69.9062
272.925	-69.875
273	-69.7813
273.075	-69.9375
273.15	-69.8437
273.225	-69.875
273.3	-69.875
273.375	-69.8125
273.45	-69.9688
273.525	-69.9062
273.6	-69.75
273.675	-69.9062
273.75	-69.8437
273.825	-69.8437
273.9	-69.8437
273.975	-69.8125
274.05	-70
274.125	-69.875
274.2	-69.8125
274.275	-69.9062
274.35	-69.9375
274.425	-69.9375
274.5	-69.75
274.575	-69.875
274.65	-69.875
274.725	-69.9688
274.8	-69.7813
274.875	-69.9062
274.95	-69.9062
275.025	-69.8125
275.1	-69.875
275.175	-69.8125
275.25	-70.0312
275.325	-69.9375
275.4	-69.75
275.475	-69.9062
275.55	-70.0312
275.625	-69.875
275.7	-69.8437
275.775	-69.9375
275.85	-70.0312
275.925	-69.875
276	-69.8437
276.075	-69.7813
276.15	-70
276.225	-69.875
276.3	-69.8125
276.375	-69.9375
276.45	-69.9062
276.525	-69.8125
276.6	-69.8125
276.675	-69.9375
276.75	-70
276.825	-69.875
276.9	-69.875
276.975	-69.9688
277.05	-69.8437
277.125	-69.8437
277.2	-69.875
277.275	-69.9062
277.35	-69.875
277.425	-69.875
277.5	-69.9062
277.575	-69.9375
277.65	-69.8125
277.725	-69.9062
277.8	-69.9062
277.875	-69.9375
277.95	-69.9062
278.025	-69.875
278.1	-69.9375
278.175	-69.9062
278.25	-69.875
278.325	-69.9688
278.4	-69.8437
278.475	-69.9062
278.55	-69.9062
278.625	-69.9062
278.7	-69.875
278.775	-69.8437
278.85	-69.9062
278.925	-69.9062
279	-69.8437
279.075	-69.8125
279.15	-69.9688
279.225	-69.9688
279.3	-69.875
279.375	-69.9688
279.45	-69.9375
279.525	-69.875
279.6	-69.8437
279.675	-69.9688
279.75	-69.9375
279.825	-69.8437
279.9	-69.9375
279.975	-69.9062
280.05	-69.9062
280.125	-70
280.2	-69.9062
280.275	-69.8437
280.35	-69.9375
280.425	-69.875
280.5	-69.875
280.575	-70.0312
280.65	-69.8125
280.725	-69.9375
280.8	-69.9688
280.875	-69.8437
280.95	-69.875
281.025	-69.9062
281.1	-69.7813
281.175	-69.9375
281.25	-69.875
281.325	-69.9375
281.4	-69.9062
281.475	-69.7813
281.55	-69.9062
281.625	-69.875
281.7	-69.875
281.775	-69.875
281.85	-69.7813
281.925	-69.9062
282	-69.8125
282.075	-69.6563
282.15	-69.8437
282.225	-69.875
282.3	-69.7813
282.375	-69.7813
282.45	-69.75
282.525	-69.9688
282.6	-69.8125
282.675	-69.7813
282.75	-69.875
282.825	-69.8125
282.9	-69.8437
282.975	-69.6875
283.05	-69.875
283.125	-69.9062
283.2	-69.75
283.275	-69.7813
283.35	-69.8437
283.425	-69.9062
283.5	-69.6563
283.575	-69.6875
283.65	-69.7813
283.725	-69.7813
283.8	-69.8125
283.875	-69.75
283.95	-69.8437
284.025	-69.7813
284.1	-69.7813
284.175	-69.7187
284.25	-69.7187
284.325	-69.7813
284.4	-69.625
284.475	-69.5937
284.55	-69.7187
284.625	-69.7813
284.7	-69.6875
284.775	-69.5625
284.85	-69.625
284.925	-69.6875
285	-69.6875
285.075	-69.625
285.15	-69.6563
285.225	-69.7187
285.3	-69.625
285.375	-69.625
285.45	-69.625
285.525	-69.7187
285.6	-69.625
285.675	-69.5625
285.75	-69.6563
285.825	-69.7813
285.9	-69.5937
285.975	-69.5312
286.05	-69.625
286.125	-69.7187
286.2	-69.7187
286.275	-69.5937
286.35	-69.7187
286.425	-69.6875
286.5	-69.625
286.575	-69.5625
286.65	-69.6875
286.725	-69.7187
286.8	-69.5625
286.875	-69.5312
286.95	-69.7187
287.025	-69.6563
287.1	-69.5625
287.175	-69.6875
287.25	-69.6875
287.325	-69.5937
287.4	-69.5625
287.475	-69.625
287.55	-69.625
287.625	-69.625
287.7	-69.6563
287.775	-69.5312
287.85	-69.6563
287.925	-69.7187
288	-69.625
288.075	-69.625
288.15	-69.6875
288.225	-69.5937
288.3	-69.6563
288.375	-69.6563
288.45	-69.625
288.525	-69.5312
288.6	-69.6563
288.675	-69.6875
288.75	-69.5625
288.825	-69.7813
288.9	-69.6875
288.975	-69.625
289.05	-69.7187
289.125	-69.6563
289.2	-69.625
289.275	-69.6875
289.35	-69.5625
289.425	-69.5937
289.5	-69.7187
289.575	-69.625
289.65	-69.625
289.725	-69.6875
289.8	-69.6563
289.875	-69.7187
289.95	-69.625
290.025	-69.7187
290.1	-69.7187
290.175	-69.6875
290.25	-69.6875
290.325	-69.6563
290.4	-69.75
290.475	-69.7813
290.55	-69.5312
290.625	-69.75
290.7	-69.7813
290.775	-69.6563
290.85	-69.6563
290.925	-69.6563
291	-69.8125
291.075	-69.6563
291.15	-69.5937
291.225	-69.7187
291.3	-69.6875
291.375	-69.75
291.45	-69.5937
291.525	-69.6563
291.6	-69.7813
291.675	-69.5937
291.75	-69.6563
291.825	-69.7187
291.9	-69.6875
291.975	-69.75
292.05	-69.5312
292.125	-69.7187
292.2	-69.8437
292.275	-69.6875
292.35	-69.5937
292.425	-69.7813
292.5	-69.8437
292.575	-69.625
292.65	-69.625
292.725	-69.6875
292.8	-69.7187
292.875	-69.7187
292.95	-69.6563
293.025	-69.7813
293.1	-69.7187
293.175	-69.5625
293.25	-69.6563
293.325	-69.8437
293.4	-69.8437
293.475	-69.6875
293.55	-69.625
293.625	-69.8437
293.7	-69.8437
293.775	-69.5937
293.85	-69.6875
293.925	-69.875
294	-69.7813
294.075	-69.5937
294.15	-69.7187
294.225	-69.875
294.3	-69.7813
294.375	-69.5625
294.45	-69.7813
294.525	-69.875
294.6	-69.8125
294.675	-69.625
294.75	-69.7813
294.825	-69.8125
294.9	-69.6563
294.975	-69.8125
295.05	-69.7187
295.125	-69.7187
295.2	-69.8125
295.275	-69.8437
295.35	-69.7813
295.425	-69.7187
295.5	-69.75
295.575	-69.7187
295.65	-69.7187
295.725	-69.7813
295.8	-69.7813
295.875	-69.7813
295.95	-69.6563
296.025	-69.7813
296.1	-69.7813
296.175	-69.75
296.25	-69.7187
296.325	-69.8437
296.4	-69.7813
296.475	-69.6875
296.55	-69.7813
296.625	-69.7813
296.7	-69.6563
296.775	-69.8437
296.85	-69.7813
296.925	-69.7187
297	-69.75
297.075	-69.8437
297.15	-69.6875
297.225	-69.8437
297.3	-69.8125
297.375	-69.7187
297.45	-69.8125
297.525	-69.7813
297.6	-69.7187
297.675	-69.875
297.75	-69.75
297.825	-69.75
297.9	-69.7813
297.975	-69.7187
298.05	-69.8437
298.125	-69.6875
298.2	-69.75
298.275	-69.7813
298.35	-69.6875
298.425	-69.7813
298.5	-69.8125
298.575	-69.7813
298.65	-69.7813
298.725	-69.6563
298.8	-69.8125
298.875	-69.8125
298.95	-69.75
299.025	-69.7813
299.1	-69.7187
299.175	-69.9062
299.25	-69.7813
299.325	-69.6875
299.4	-69.8437
299.475	-69.75
299.55	-69.8125
299.625	-69.7187
299.7	-69.875
299.775	-69.9062
299.85	-69.7187
299.925	-69.75
300	-69.75
300.075	-69.9062
300.15	-69.8125
300.225	-69.7813
300.3	-69.8437
300.375	-69.7813
300.45	-69.7813
300.525	-69.75
300.6	-69.8125
300.675	-69.8125
300.75	-69.75
300.825	-69.875
300.9	-69.8437
300.975	-69.7813
301.05	-69.6563
301.125	-69.8125
301.2	-69.9062
301.275	-69.875
301.35	-69.7187
301.425	-69.75
301.5	-69.9062
301.575	-69.9062
301.65	-69.8437
301.725	-69.8125
301.8	-69.8125
301.875	-69.8437
301.95	-69.7813
302.025	-69.7813
302.1	-69.8125
302.175	-69.75
302.25	-69.7187
302.325	-69.7813
302.4	-69.7813
302.475	-69.7813
302.55	-69.8125
302.625	-69.75
302.7	-69.7187
302.775	-69.6875
302.85	-69.7187
302.925	-69.7187
303	-69.7187
303.075	-69.75
303.15	-69.7187
303.225	-69.625
303.3	-69.7187
303.375	-69.7187
303.45	-69.625
303.525	-69.6563
303.6	-69.8125
303.675	-69.8437
303.75	-69.6875
303.825	-69.6563
303.9	-69.9062
303.975	-69.7813
304.05	-69.6875
304.125	-69.8437
304.2	-69.8437
304.275	-69.6563
304.35	-69.6875
304.425	-69.8437
304.5	-69.7187
304.575	-69.7187
304.65	-69.8437
304.725	-69.8125
304.8	-69.7187
304.875	-69.7813
304.95	-69.8125
305.025	-69.7813
305.1	-69.8125
305.175	-69.8125
305.25	-69.7187
305.325	-69.75
305.4	-69.7813
305.475	-69.6875
305.55	-69.75
305.625	-69.7187
305.7	-69.6875
305.775	-69.75
305.85	-69.6563
305.925	-69.6563
306	-69.6875
306.075	-69.6875
306.15	-69.6875
306.225	-69.6563
306.3	-69.625
306.375	-69.7187
306.45	-69.5625
306.525	-69.6875
306.6	-69.625
306.675	-69.625
306.75	-69.7187
306.825	-69.5312
306.9	-69.6563
306.975	-69.6875
307.05	-69.6563
307.125	-69.6563
307.2	-69.5
307.275	-69.6875
307.35	-69.6875
307.425	-69.5625
307.5	-69.625
307.575	-69.625
307.65	-69.7813
307.725	-69.5312
307.8	-69.625
307.875	-69.6563
307.95	-69.5625
308.025	-69.625
308.1	-69.5937
308.175	-69.7813
308.25	-69.6563
308.325	-69.625
308.4	-69.6563
308.475	-69.6875
308.55	-69.75
308.625	-69.5625
308.7	-69.5937
308.775	-69.7813
308.85	-69.625
308.925	-69.5312
309	-69.625
309.075	-69.7813
309.15	-69.6563
309.225	-69.5312
309.3	-69.5
309.375	-69.7187
309.45	-69.7187
309.525	-69.625
309.6	-69.6563
309.675	-69.7813
309.75	-69.6563
309.825	-69.625
309.9	-69.625
309.975	-69.7813
310.05	-69.6875
310.125	-69.5312
310.2	-69.6875
310.275	-69.7813
310.35	-69.6875
310.425	-69.5625
310.5	-69.6875
310.575	-69.7813
310.65	-69.5937
310.725	-69.5625
310.8	-69.7187
310.875	-69.6875
310.95	-69.6563
311.025	-69.625
311.1	-69.7813
311.175	-69.7813
311.25	-69.625
311.325	-69.6875
311.4	-69.6875
311.475	-69.6563
311.55	-69.5937
311.625	-69.7187
311.7	-69.7187
311.775	-69.625
311.85	-69.6563
311.925	-69.7187
312	-69.6563
312.075	-69.625
312.15	-69.6875
312.225	-69.6563
312.3	-69.6563
312.375	-69.7187
312.45	-69.7187
312.525	-69.6563
312.6	-69.7187
312.675	-69.8125
312.75	-69.75
312.825	-69.6875
312.9	-69.7187
312.975	-69.75
313.05	-69.625
313.125	-69.7813
313.2	-69.75
313.275	-69.6875
313.35	-69.7187
313.425	-69.7187
313.5	-69.6563
313.575	-69.75
313.65	-69.75
313.725	-69.6875
313.8	-69.7813
313.875	-69.7187
313.95	-69.6875
314.025	-69.8437
314.1	-69.6875
314.175	-69.75
314.25	-69.8125
314.325	-69.75
314.4	-69.7187
314.475	-69.7813
314.55	-69.75
314.625	-69.7813
314.7	-69.6875
314.775	-69.6875
314.85	-69.8125
314.925	-69.6875
