4200 2
0	-70.1562
0.075	-70.3125
0.15	-70.3125
0.225	-70.25
0.3	-70.2187
0.375	-70.1562
0.45	-70.4375
0.525	-70.3437
0.6	-70.2187
0.675	-70.2187
0.75	-70.375
0.825	-70.4688
0.9	-70.25
0.975	-70.25
1.05	-70.4688
1.125	-70.3125
1.2	-70.1562
1.275	-70.25
1.35	-70.4688
1.425	-70.3437
1.5	-70.2187
1.575	-70.25
1.65	-70.3125
1.725	-70.3125
1.8	-70.3125
1.875	-70.3125
1.95	-70.25
2.025	-70.25
2.1	-70.25
2.175	-70.2187
2.25	-70.375
2.325	-70.1875
2.4	-70.2187
2.475	-70.3125
2.55	-70.375
2.625	-70.25
2.7	-70.3125
2.775	-70.3437
2.85	-70.2813
2.925	-70.3125
3	-70.2813
3.075	-70.2187
3.15	-70.3125
3.225	-70.3437
3.3	-70.3125
3.375	-70.25
3.45	-70.2187
3.525	-70.25
3.6	-70.2813
3.675	-70.25
3.75	-70.2813
3.825	-70.3437
3.9	-70.2813
3.975	-70.1875
4.05	-70.3125
4.125	-70.2813
4.2	-70.2813
4.275	-70.1875
4.35	-70.3437
4.425	-70.375
4.5	-70.25
4.575	-70.2813
4.65	-70.375
4.725	-70.3125
4.8	-70.2813
4.875	-70.4063
4.95	-70.25
5.025	-70.2187
5.1	-70.4063
5.175	-70.375
5.25	-70.25
5.325	-70.3125
5.4	-70.25
5.475	-70.2187
5.55	-70.3125
5.625	-70.2813
5.7	-70.1562
5.775	-70.25
5.85	-70.125
5.925	-70.0625
6	-70.2187
6.075	-70.0625
6.15	-70.0312
6.225	-70.1562
6.3	-70.0312
6.375	-70.0625
6.45	-70.0625
6.525	-70.0312
6.6	-70.0312
6.675	-70.0938
6.75	-70
6.825	-70
6.9	-70.0312
6.975	-69.8437
7.05	-69.9688
7.125	-69.9375
7.2	-69.8437
7.275	-69.8437
7.35	-69.7187
7.425	-69.9062
7.5	-69.8437
7.575	-69.6875
7.65	-69.8125
7.725	-69.9062
7.8	-69.7813
7.875	-69.75
7.95	-69.6563
8.025	-69.8437
8.1	-69.75
8.175	-69.6875
8.25	-69.75
8.325	-69.75
8.4	-69.8437
8.475	-69.5312
8.55	-69.75
8.625	-69.7187
8.7	-69.8125
8.775	-69.6563
8.85	-69.6563
8.925	-69.7813
9	-69.6563
9.075	-69.7187
9.15	-69.5937
9.225	-69.75
9.3	-69.75
9.375	-69.5937
9.45	-69.625
9.525	-69.8125
9.6	-69.7187
9.675	-69.5937
9.75	-69.5312
9.825	-69.6563
9.9	-69.75
9.975	-69.6563
10.05	-69.7187
10.125	-69.6875
10.2	-69.5625
10.275	-69.5937
10.35	-69.6875
10.425	-69.6875
10.5	-69.6875
10.575	-69.6875
10.65	-69.7813
10.725	-69.8125
10.8	-69.6563
10.875	-69.5937
10.95	-69.7813
11.025	-69.7813
11.1	-69.625
11.175	-69.5625
11.25	-69.75
11.325	-69.75
11.4	-69.625
11.475	-69.6875
11.55	-69.7813
11.625	-69.625
11.7	-69.7187
11.775	-69.7187
11.85	-69.75
11.925	-69.6875
12	-69.7187
12.075	-69.6563
12.15	-69.6563
12.225	-69.6875
12.3	-69.7187
12.375	-69.6875
12.45	-69.7187
12.525	-69.7187
12.6	-69.7813
12.675	-69.7187
12.75	-69.6563
12.825	-69.7813
12.9	-69.8125
12.975	-69.6563
13.05	-69.6875
13.125	-69.75
13.2	-69.7187
13.275	-69.6875
13.35	-69.7813
13.425	-69.7187
13.5	-69.7187
13.575	-69.75
13.65	-69.7813
13.725	-69.6875
13.8	-69.7813
13.875	-69.8125
13.95	-69.6875
14.025	-69.7813
14.1	-69.7813
14.175	-69.7187
14.25	-69.75
14.325	-69.8125
14.4	-69.6875
14.475	-69.8125
14.55	-69.7187
14.625	-69.6875
14.7	-69.8125
14.775	-69.75
14.85	-69.7813
14.925	-69.7813
15	-69.9688
15.075	-70.2813
15.15	-70.3437
15.225	-70.375
15.3	-70.5625
15.375	-70.5
15.45	-70.5
15.525	-70.5938
15.6	-70.5625
15.675	-70.6875
15.75	-70.6562
15.825	-70.7813
15.9	-70.7813
15.975	-70.6875
16.05	-70.7813
16.125	-70.8125
16.2	-70.8437
16.275	-70.875
16.35	-70.7188
16.425	-70.9687
16.5	-70.9687
16.575	-70.9375
16.65	-70.9375
16.725	-70.9063
16.8	-71.125
16.875	-70.9687
16.95	-70.875
17.025	-71
17.1	-71.0313
17.175	-71.1562
17.25	-71.0625
17.325	-71.1875
17.4	-71.1875
17.475	-71.125
17.55	-71.125
17.625	-71.1875
17.7	-71.3437
17.775	-71.1875
17.85	-71.125
17.925	-71.1875
18	-71.375
18.075	-71.25
18.15	-71.2188
18.225	-71.25
18.3	-71.4375
18.375	-71.375
18.45	-71.3125
18.525	-71.4063
18.6	-71.375
18.675	-71.4375
18.75	-71.375
18.825	-71.5
18.9	-71.4375
18.975	-71.375
19.05	-71.4687
19.125	-71.5313
19.2	-71.5
19.275	-71.5
19.35	-71.5625
19.425	-71.6562
19.5	-71.5937
19.575	-71.4687
19.65	-71.5937
19.725	-71.625
19.8	-71.6562
19.875	-71.5313
19.95	-71.6562
20.025	-71.7188
20.1	-71.75
20.175	-71.625
20.25	-71.6875
20.325	-71.8125
20.4	-71.7812
20.475	-71.6875
20.55	-71.7812
20.625	-71.9063
20.7	-71.8438
20.775	-71.8125
20.85	-71.9063
20.925	-71.8438
21	-71.7188
21.075	-71.8438
21.15	-71.9063
21.225	-71.9063
21.3	-71.7812
21.375	-71.9063
21.45	-71.9375
21.525	-71.875
21.6	-71.875
21.675	-71.9375
21.75	-71.9375
21.825	-71.9063
21.9	-72
21.975	-71.9687
22.05	-72
22.125	-72.0625
22.2	-71.9375
22.275	-72
22.35	-72.0313
22.425	-71.9687
22.5	-72.0937
22.575	-72
22.65	-71.9687
22.725	-72
22.8	-72
22.875	-72
22.95	-72.125
23.025	-72.0625
23.1	-72
23.175	-72.1563
23.25	-72
23.325	-72.0625
23.4	-72.0625
23.475	-72.0625
23.55	-72.1563
23.625	-72
23.7	-72.0625
23.775	-72.1563
23.85	-72.0625
23.925	-72.125
24	-72.0937
24.075	-72.1875
24.15	-72.2188
24.225	-72
24.3	-72.25
24.375	-72.2188
24.45	-72.125
24.525	-72.1875
24.6	-72.2188
24.675	-72.3438
24.75	-72.125
24.825	-72.1563
24.9	-72.2812
24.975	-72.2188
25.05	-72.2812
25.125	-72.1875
25.2	-72.1563
25.275	-72.4375
25.35	-72.2188
25.425	-72.2188
25.5	-72.3438
25.575	-72.375
25.65	-72.2812
25.725	-72.1563
25.8	-72.4375
25.875	-72.4375
25.95	-72.3438
26.025	-72.3438
26.1	-72.4062
26.175	-72.4062
26.25	-72.4375
26.325	-72.375
26.4	-72.5
26.475	-72.4062
26.55	-72.375
26.625	-72.4062
26.7	-72.5313
26.775	-72.5937
26.85	-72.4062
26.925	-72.4062
27	-72.5625
27.075	-72.625
27.15	-72.5937
27.225	-72.4375
27.3	-72.5313
27.375	-72.6875
27.45	-72.5625
27.525	-72.5
27.6	-72.5937
27.675	-72.7187
27.75	-72.5937
27.825	-72.5
27.9	-72.5937
27.975	-72.7187
28.05	-72.5937
28.125	-72.5
28.2	-72.6563
28.275	-72.7812
28.35	-72.625
28.425	-72.5625
28.5	-72.75
28.575	-72.7812
28.65	-72.5625
28.725	-72.6563
28.8	-72.7812
28.875	-72.7187
28.95	-72.5625
29.025	-72.7187
29.1	-72.8125
29.175	-72.75
29.25	-72.6875
29.325	-72.75
29.4	-72.7187
29.475	-72.7187
29.55	-72.7812
29.625	-72.7187
29.7	-72.6875
29.775	-72.75
29.85	-72.6563
29.925	-72.6875
30	-72.75
30.075	-72.6563
30.15	-72.5625
30.225	-72.7812
30.3	-72.75
30.375	-72.6563
30.45	-72.7812
30.525	-72.7812
30.6	-72.625
30.675	-72.75
30.75	-72.7187
30.825	-72.7187
30.9	-72.7187
30.975	-72.7812
31.05	-72.6875
31.125	-72.75
31.2	-72.7812
31.275	-72.6875
31.35	-72.8438
31.425	-72.7812
31.5	-72.5937
31.575	-72.75
31.65	-72.8125
31.725	-72.7187
31.8	-72.7812
31.875	-72.75
31.95	-72.75
32.025	-72.8125
32.1	-72.7187
32.175	-72.9062
32.25	-72.9062
32.325	-72.75
32.4	-72.8438
32.475	-72.8125
32.55	-72.9062
32.625	-72.8438
32.7	-72.7812
32.775	-72.8438
32.85	-72.8438
32.925	-72.875
33	-72.75
33.075	-72.75
33.15	-73
33.225	-72.7812
33.3	-72.9062
33.375	-72.875
33.45	-73
33.525	-72.9062
33.6	-72.7812
33.675	-72.9688
33.75	-72.9062
33.825	-72.875
33.9	-72.875
33.975	-73
34.05	-73
34.125	-72.9375
34.2	-72.875
34.275	-72.9062
34.35	-72.9688
34.425	-72.9688
34.5	-72.9688
34.575	-73
34.65	-73
34.725	-72.9688
34.8	-72.9375
34.875	-73
34.95	-73.0312
35.025	-72.9688
35.1	-72.9688
35.175	-73.125
35.25	-73.0937
35.325	-72.9375
35.4	-72.9375
35.475	-73.1563
35.55	-73.2187
35.625	-73
35.7	-72.9688
35.775	-73.0625
35.85	-73.2187
35.925	-73.125
36	-73.0312
36.075	-73.125
36.15	-73.25
36.225	-73.125
36.3	-73
36.375	-73.125
36.45	-73.1875
36.525	-73.125
36.6	-73.125
36.675	-73.25
36.75	-73.1563
36.825	-73.0625
36.9	-73.1875
36.975	-73.1875
37.05	-73.0625
37.125	-73.1563
37.2	-73.2187
37.275	-73.2813
37.35	-73.125
37.425	-73.25
37.5	-73.25
37.575	-73.1875
37.65	-73.25
37.725	-73.2187
37.8	-73.1875
37.875	-73.3125
37.95	-73.25
38.025	-73.25
38.1	-73.2813
38.175	-73.3437
38.25	-73.25
38.325	-73.2187
38.4	-73.3437
38.475	-73.3125
38.55	-73.25
38.625	-73.4062
38.7	-73.3125
38.775	-73.2187
38.85	-73.375
38.925	-73.375
39	-73.3125
39.075	-73.375
39.15	-73.4062
39.225	-73.3125
39.3	-73.3437
39.375	-73.4062
39.45	-73.25
39.525	-73.4375
39.6	-73.4375
39.675	-73.25
39.75	-73.4375
39.825	-73.4062
39.9	-73.375
39.975	-73.4375
40.05	-73.3437
40.125	-73.4688
40.2	-73.4688
40.275	-73.3437
40.35	-73.5312
40.425	-73.4688
40.5	-73.375
40.575	-73.4688
40.65	-73.4062
40.725	-73.4375
40.8	-73.4688
40.875	-73.3437
40.95	-73.5312
41.025	-73.5625
41.1	-73.375
41.175	-73.5
41.25	-73.5
41.325	-73.625
41.4	-73.4688
41.475	-73.375
41.55	-73.5625
41.625	-73.5
41.7	-73.4688
41.775	-73.3437
41.85	-73.5938
41.925	-73.5938
42	-73.5
42.075	-73.5
42.15	-73.5625
42.225	-73.6875
42.3	-73.4062
42.375	-73.5312
42.45	-73.5625
42.525	-73.5
42.6	-73.5938
42.675	-73.5
42.75	-73.625
42.825	-73.6875
42.9	-73.5312
42.975	-73.4375
43.05	-73.7187
43.125	-73.6875
43.2	-73.5312
43.275	-73.5312
43.35	-73.5625
43.425	-73.625
43.5	-73.5938
43.575	-73.6563
43.65	-73.7187
43.725	-73.5938
43.8	-73.5
43.875	-73.6563
43.95	-73.8125
44.025	-73.7187
44.1	-73.5625
44.175	-73.5625
44.25	-73.7813
44.325	-73.6875
44.4	-73.5
44.475	-73.5625
44.55	-73.8125
44.625	-73.625
44.7	-73.5
44.775	-73.6563
44.85	-73.7187
44.925	-73.5312
45	-73.5
45.075	-73.6563
45.15	-73.625
45.225	-73.5938
45.3	-73.6563
45.375	-73.7187
45.45	-73.7187
45.525	-73.6563
45.6	-73.7187
45.675	-73.75
45.75	-73.6563
45.825	-73.7187
45.9	-73.75
45.975	-73.7187
46.05	-73.6563
46.125	-73.75
46.2	-73.7813
46.275	-73.6875
46.35	-73.7187
46.425	-73.75
46.5	-73.6875
46.575	-73.7813
46.65	-73.8125
46.725	-73.75
46.8	-73.7187
46.875	-73.8125
46.95	-73.7187
47.025	-73.6875
47.1	-73.8125
47.175	-73.75
47.25	-73.7813
47.325	-73.7813
47.4	-73.6875
47.475	-73.7813
47.55	-73.7813
47.625	-73.6875
47.7	-73.8125
47.775	-73.8437
47.85	-73.6875
47.925	-73.7187
48	-73.7813
48.075	-73.6875
48.15	-73.8125
48.225	-73.8125
48.3	-73.7187
48.375	-73.8437
48.45	-73.75
48.525	-73.7813
48.6	-73.9063
48.675	-73.8437
48.75	-73.8125
48.825	-73.9063
48.9	-73.7813
48.975	-73.7813
49.05	-73.8125
49.125	-73.7813
49.2	-73.9063
49.275	-73.875
49.35	-73.75
49.425	-73.9063
49.5	-73.9063
49.575	-73.8125
49.65	-73.8125
49.725	-73.875
49.8	-73.9688
49.875	-73.75
49.95	-73.9063
50.025	-73.875
50.1	-73.9375
50.175	-73.8125
50.25	-73.7813
50.325	-73.9688
50.4	-73.8437
50.475	-73.8437
50.55	-73.75
50.625	-73.9375
50.7	-73.875
50.775	-73.7813
50.85	-73.9063
50.925	-73.9375
51	-73.9063
51.075	-73.9063
51.15	-73.8437
51.225	-73.8437
51.3	-73.875
51.375	-73.875
51.45	-73.9375
51.525	-73.9375
51.6	-73.875
51.675	-73.7187
51.75	-73.875
51.825	-74.0625
51.9	-73.9375
51.975	-73.8125
52.05	-73.8437
52.125	-74.0625
52.2	-73.9688
52.275	-73.7813
52.35	-73.875
52.425	-74
52.5	-74.0312
52.575	-73.7813
52.65	-73.875
52.725	-74.0312
52.8	-74
52.875	-73.9063
52.95	-73.875
53.025	-74.0625
53.1	-74
53.175	-73.875
53.25	-73.9688
53.325	-74.0938
53.4	-73.9688
53.475	-73.875
53.55	-73.9688
53.625	-74.0625
53.7	-73.9688
53.775	-73.9063
53.85	-73.9688
53.925	-74.0938
54	-73.9688
54.075	-73.875
54.15	-74
54.225	-74.125
54.3	-73.9688
54.375	-73.9688
54.45	-74.0938
54.525	-74
54.6	-73.875
54.675	-74
54.75	-74
54.825	-73.9375
54.9	-73.9688
54.975	-74.0625
55.05	-73.9688
55.125	-74.0312
55.2	-74.0625
55.275	-74
55.35	-74
55.425	-74.0625
55.5	-74.0312
55.575	-74.0938
55.65	-74
55.725	-73.9688
55.8	-74.0938
55.875	-74.0625
55.95	-73.9688
56.025	-74.0625
56.1	-74.0625
56.175	-73.9688
56.25	-74.1562
56.325	-74.0938
56.4	-74.0312
56.475	-74.125
56.55	-74
56.625	-73.9375
56.7	-74.0938
56.775	-74
56.85	-74
56.925	-74.125
57	-74
57.075	-74.1562
57.15	-74
57.225	-74
57.3	-74.125
57.375	-74
57.45	-74.0938
57.525	-74
57.6	-74.125
57.675	-74.125
57.75	-73.9688
57.825	-74.0625
57.9	-74
57.975	-74.2188
58.05	-74
58.125	-74.0312
58.2	-74.1562
58.275	-74
58.35	-74.125
58.425	-74.0625
58.5	-74.2188
58.575	-74.2188
58.65	-74.0312
58.725	-74.125
58.8	-74.0938
58.875	-74.1562
58.95	-74.0312
59.025	-74
59.1	-74.125
59.175	-74.0938
59.25	-74
59.325	-74.125
59.4	-74.125
59.475	-74.0625
59.55	-74.0625
59.625	-74.0938
59.7	-74.0625
59.775	-74.0938
59.85	-74.0625
59.925	-74.125
60	-74.1562
60.075	-74.0312
60.15	-74
60.225	-74.1562
60.3	-74.2813
60.375	-74.125
60.45	-74
60.525	-74.0938
60.6	-74.2188
60.675	-74.1562
60.75	-74
60.825	-74.0938
60.9	-74.25
60.975	-74.1562
61.05	-74.0938
61.125	-74.0938
61.2	-74.1875
61.275	-74.1875
61.35	-74.0625
61.425	-74.0938
61.5	-74.2188
61.575	-74.1562
61.65	-74.125
61.725	-74.125
61.8	-74.2188
61.875	-74.1562
61.95	-74
62.025	-74.0938
62.1	-74.2188
62.175	-74.125
62.25	-74.0938
62.325	-74.1875
62.4	-74.2188
62.475	-74.1562
62.55	-74.0625
62.625	-74.1562
62.7	-74.0938
62.775	-74
62.85	-74.0938
62.925	-74.0938
63	-74.0625
63.075	-74
63.15	-74
63.225	-74
63.3	-74
63.375	-74.0312
63.45	-74
63.525	-74.0312
63.6	-74.125
63.675	-74
63.75	-74
63.825	-74
63.9	-73.9063
63.975	-74.0312
64.05	-73.9375
64.125	-73.9375
64.2	-74
64.275	-74
64.35	-73.9688
64.425	-74
64.5	-74
64.575	-74
64.65	-74.0312
64.725	-73.875
64.8	-73.9688
64.875	-74
64.95	-73.9375
65.025	-73.9688
65.1	-73.9375
65.175	-73.9375
65.25	-74
65.325	-73.875
65.4	-73.9688
65.475	-73.9688
65.55	-73.9688
65.625	-74
65.7	-73.9375
65.775	-73.9375
65.85	-74
65.925	-73.8125
66	-73.9688
66.075	-73.9688
66.15	-73.875
66.225	-73.9375
66.3	-73.875
66.375	-73.9375
66.45	-73.875
66.525	-73.7813
66.6	-73.9688
66.675	-73.9375
66.75	-73.9375
66.825	-73.8125
66.9	-73.875
66.975	-73.9688
67.05	-73.875
67.125	-73.8125
67.2	-73.7813
67.275	-74
67.35	-73.8125
67.425	-73.875
67.5	-73.9063
67.575	-73.875
67.65	-73.9063
67.725	-73.7813
67.8	-73.75
67.875	-73.9375
67.95	-73.9375
68.025	-73.8125
68.1	-73.8125
68.175	-73.9063
68.25	-73.875
68.325	-73.8125
68.4	-73.9375
68.475	-73.9063
68.55	-73.7813
68.625	-73.7813
68.7	-73.9688
68.775	-74
68.85	-73.9063
68.925	-73.75
69	-73.8437
69.075	-74
69.15	-73.9063
69.225	-73.8437
69.3	-73.7813
69.375	-73.875
69.45	-73.9063
69.525	-73.8125
69.6	-73.7813
69.675	-73.9063
69.75	-73.8437
69.825	-73.8437
69.9	-73.8125
69.975	-73.875
70.05	-73.8437
70.125	-73.8437
70.2	-73.7813
70.275	-73.875
70.35	-73.8437
70.425	-73.8125
70.5	-73.7813
70.575	-73.9063
70.65	-73.9063
70.725	-73.8437
70.8	-73.875
70.875	-73.9063
70.95	-73.9063
71.025	-73.8125
71.1	-73.8125
71.175	-73.9375
71.25	-73.8125
71.325	-73.9688
71.4	-73.9688
71.475	-73.7813
71.55	-73.8437
71.625	-73.875
71.7	-73.8437
71.775	-73.8437
71.85	-73.9375
71.925	-73.9063
72	-73.8437
72.075	-73.9375
72.15	-73.875
72.225	-73.8125
72.3	-73.9063
72.375	-73.9063
72.45	-73.8437
72.525	-73.9063
72.6	-73.9063
72.675	-73.8437
72.75	-73.875
72.825	-73.9063
72.9	-73.7813
72.975	-73.9063
73.05	-73.9063
73.125	-73.8125
73.2	-73.875
73.275	-73.9063
73.35	-73.9063
73.425	-73.9375
73.5	-73.8125
73.575	-73.875
73.65	-73.9688
73.725	-73.9063
73.8	-73.9375
73.875	-73.875
73.95	-73.9375
74.025	-73.9688
74.1	-73.8437
74.175	-73.9375
74.25	-73.9063
74.325	-73.9375
74.4	-73.9063
74.475	-73.875
74.55	-74
74.625	-73.875
74.7	-73.9063
74.775	-73.875
74.85	-74.0312
74.925	-73.9375
75	-73.7813
75.075	-73.9375
75.15	-73.9688
75.225	-73.9375
75.3	-73.8437
75.375	-73.875
75.45	-74
75.525	-73.9063
75.6	-73.9375
75.675	-73.875
75.75	-74
75.825	-73.9375
75.9	-73.8437
75.975	-73.9688
76.05	-73.9375
76.125	-73.8437
76.2	-73.9375
76.275	-73.9688
76.35	-73.9375
76.425	-73.8437
76.5	-73.8437
76.575	-74
76.65	-74
76.725	-73.8437
76.8	-73.8437
76.875	-73.9063
76.95	-73.9688
77.025	-73.9375
77.1	-73.9063
77.175	-73.9375
77.25	-73.9375
77.325	-73.8125
77.4	-73.9063
77.475	-73.9688
77.55	-73.9063
77.625	-73.8437
77.7	-73.875
77.775	-73.9063
77.85	-73.9063
77.925	-73.7813
78	-73.875
78.075	-73.9375
78.15	-73.8437
78.225	-73.7813
78.3	-73.8437
78.375	-73.9375
78.45	-73.875
78.525	-73.8125
78.6	-73.9063
78.675	-73.8125
78.75	-73.8125
78.825	-73.9063
78.9	-73.9063
78.975	-73.8437
79.05	-73.9375
79.125	-73.875
79.2	-73.8125
79.275	-73.875
79.35	-73.9063
79.425	-73.7813
79.5	-73.8125
79.575	-73.9688
79.65	-73.9063
79.725	-73.75
79.8	-73.9063
79.875	-73.9375
79.95	-73.7813
80.025	-73.8125
80.1	-73.9063
80.175	-73.7813
80.25	-73.9063
80.325	-73.9063
80.4	-73.8437
80.475	-73.8125
80.55	-73.875
80.625	-73.8125
80.7	-73.75
80.775	-73.9063
80.85	-73.8437
80.925	-73.9063
81	-73.9375
81.075	-73.8437
81.15	-73.875
81.225	-73.9375
81.3	-73.875
81.375	-73.9063
81.45	-73.9063
81.525	-73.8437
81.6	-73.9063
81.675	-73.8125
81.75	-73.8437
81.825	-73.9063
81.9	-73.875
81.975	-73.875
82.05	-73.9688
82.125	-73.9375
82.2	-73.9375
82.275	-73.875
82.35	-73.8125
82.425	-74
82.5	-73.875
82.575	-73.9063
82.65	-73.9063
82.725	-73.9688
82.8	-73.875
82.875	-73.8125
82.95	-73.9688
83.025	-73.9375
83.1	-74
83.175	-73.9063
83.25	-73.9063
83.325	-73.9688
83.4	-73.8125
83.475	-73.8437
83.55	-73.9375
83.625	-73.9375
83.7	-73.9375
83.775	-73.75
83.85	-74
83.925	-73.9688
84	-73.9688
84.075	-73.8437
84.15	-73.9688
84.225	-74.0625
84.3	-73.9063
84.375	-73.8437
84.45	-74.0625
84.525	-74.0625
84.6	-73.8437
84.675	-73.8437
84.75	-74.0312
84.825	-74.0312
84.9	-73.9375
84.975	-73.9688
85.05	-73.9688
85.125	-73.9375
85.2	-73.8437
85.275	-73.9688
85.35	-74.0625
85.425	-74
85.5	-73.8125
85.575	-73.8437
85.65	-74.0312
85.725	-74
85.8	-73.8437
85.875	-73.9063
85.95	-74.0938
86.025	-74.0625
86.1	-73.875
86.175	-73.8437
86.25	-74
86.325	-74
86.4	-73.8125
86.475	-73.9063
86.55	-74
86.625	-74
86.7	-73.9063
86.775	-74
86.85	-74.0625
86.925	-73.9688
87	-73.9375
87.075	-74
87.15	-73.9375
87.225	-73.9688
87.3	-73.9688
87.375	-73.9375
87.45	-73.875
87.525	-74
87.6	-74.0312
87.675	-73.9063
87.75	-74
87.825	-74
87.9	-73.9063
87.975	-73.9688
88.05	-74
88.125	-73.9688
88.2	-73.8437
88.275	-74
88.35	-74
88.425	-73.9063
88.5	-74
88.575	-74
88.65	-73.9688
88.725	-73.9375
88.8	-74.0625
88.875	-74
88.95	-73.9375
89.025	-74
89.1	-74
89.175	-74
89.25	-74
89.325	-73.9688
89.4	-74
89.475	-74
89.55	-73.9688
89.625	-74.0625
89.7	-73.9688
89.775	-74
89.85	-73.9688
89.925	-73.9688
90	-74
90.075	-73.9688
90.15	-73.8125
90.225	-73.9688
90.3	-74
90.375	-73.8437
90.45	-73.9375
90.525	-73.9375
90.6	-73.9063
90.675	-73.9375
90.75	-73.8125
90.825	-73.9688
90.9	-73.9375
90.975	-73.875
91.05	-74
91.125	-73.9688
91.2	-73.9688
91.275	-73.9063
91.35	-73.7813
91.425	-73.9688
91.5	-73.9375
91.575	-73.9375
91.65	-73.8125
91.725	-73.9063
91.8	-74.0312
91.875	-73.8125
91.95	-73.9063
92.025	-74
92.1	-74
92.175	-73.8437
92.25	-73.75
92.325	-73.9375
92.4	-73.9375
92.475	-73.9063
92.55	-73.8437
92.625	-73.9375
92.7	-74
92.775	-73.7813
92.85	-73.8437
92.925	-74
93	-74
93.075	-73.875
93.15	-73.8437
93.225	-73.9688
93.3	-74
93.375	-73.875
93.45	-73.9063
93.525	-73.9688
93.6	-73.9063
93.675	-73.8437
93.75	-73.9063
93.825	-74.0312
93.9	-73.9688
93.975	-73.7813
94.05	-73.8125
94.125	-74
94.2	-73.9688
94.275	-73.875
94.35	-73.8437
94.425	-73.9375
94.5	-74
94.575	-73.875
94.65	-73.8125
94.725	-74
94.8	-73.9688
94.875	-73.9063
94.95	-73.9688
95.025	-74
95.1	-74.0312
95.175	-73.8125
95.25	-73.9688
95.325	-74
95.4	-73.9688
95.475	-73.875
95.55	-74
95.625	-73.9688
95.7	-73.9063
95.775	-74
95.85	-73.9688
95.925	-73.9375
96	-73.8437
96.075	-73.9063
96.15	-73.9063
96.225	-73.8437
96.3	-73.9063
96.375	-73.9688
96.45	-73.9375
96.525	-73.9375
96.6	-74
96.675	-74
96.75	-73.875
96.825	-74
96.9	-73.9063
96.975	-73.9063
97.05	-74
97.125	-73.9063
97.2	-73.8437
97.275	-73.9375
97.35	-73.875
97.425	-73.875
97.5	-74.0312
97.575	-73.9063
97.65	-73.8437
97.725	-73.9688
97.8	-73.875
97.875	-73.9375
97.95	-74
98.025	-73.9063
98.1	-73.9375
98.175	-74
98.25	-73.9063
98.325	-73.9688
98.4	-73.9688
98.475	-73.9375
98.55	-74
98.625	-73.9063
98.7	-73.9688
98.775	-74
98.85	-73.875
98.925	-73.9688
99	-73.9688
99.075	-73.875
99.15	-74
99.225	-73.9375
99.3	-74
99.375	-74.0312
99.45	-73.8437
99.525	-73.9688
99.6	-73.9375
99.675	-74
99.75	-73.9688
99.825	-73.8437
99.9	-74.0312
99.975	-73.9375
100.05	-73.9688
100.125	-73.9688
100.2	-73.9688
100.275	-74.125
100.35	-73.9063
100.425	-73.9063
100.5	-73.9688
100.575	-74
100.65	-73.9688
100.725	-73.8437
100.8	-74.0625
100.875	-74.0938
100.95	-73.875
101.025	-73.9375
101.1	-74.0312
101.175	-73.9688
101.25	-73.8437
101.325	-74
101.4	-74.0625
101.475	-74
101.55	-73.875
101.625	-73.875
101.7	-74.0625
101.775	-74.0625
101.85	-73.9375
101.925	-73.875
102	-74.0625
102.075	-74.0938
102.15	-73.9688
102.225	-73.9375
102.3	-74.0625
102.375	-74.0312
102.45	-73.9688
102.525	-74
102.6	-74.0938
102.675	-74.0938
102.75	-73.875
102.825	-73.9688
102.9	-74
102.975	-74.0938
103.05	-74
103.125	-74.0625
103.2	-74.0938
103.275	-74.0625
103.35	-73.9688
103.425	-74
103.5	-74.0312
103.575	-74.0938
103.65	-73.9688
103.725	-73.9688
103.8	-74.0625
103.875	-74.125
103.95	-74
104.025	-73.9688
104.1	-74.0938
104.175	-74.0625
104.25	-73.9375
104.325	-74
104.4	-74.125
104.475	-74
104.55	-74.0312
104.625	-74.125
104.7	-74.0312
104.775	-73.9375
104.85	-74.0625
104.925	-74
105	-74
105.075	-74.0625
105.15	-74.0625
105.225	-74.125
105.3	-74.0938
105.375	-74
105.45	-74
105.525	-74.0938
105.6	-73.9688
105.675	-74.0625
105.75	-74
105.825	-73.9375
105.9	-74.0312
105.975	-74.0625
106.05	-74.0312
106.125	-74
106.2	-74.125
106.275	-74
106.35	-74.0625
106.425	-74.0625
106.5	-73.9688
106.575	-74.125
106.65	-74.0625
106.725	-74.0625
106.8	-74.0938
106.875	-74
106.95	-74.1562
107.025	-74
107.1	-74
107.175	-74.125
107.25	-74.0625
107.325	-74.0625
107.4	-74.125
107.475	-74.0625
107.55	-74.125
107.625	-73.9688
107.7	-74
107.775	-74.125
107.85	-74
107.925	-74.0625
108	-74
108.075	-74.1562
108.15	-74
108.225	-74
108.3	-74
108.375	-74
108.45	-74.125
108.525	-74
108.6	-74.0625
108.675	-74.125
108.75	-74.2188
108.825	-74.0938
108.9	-74.0625
108.975	-74.1562
109.05	-74
109.125	-74.0625
109.2	-74.0312
109.275	-74.125
109.35	-74.1562
109.425	-74
109.5	-74
109.575	-74.125
109.65	-74.125
109.725	-74.0625
109.8	-74
109.875	-74.0625
109.95	-74.125
110.025	-74.0625
110.1	-74.125
110.175	-74.125
110.25	-74.0938
110.325	-74.125
110.4	-74.1875
110.475	-74.125
110.55	-74
110.625	-74.0625
110.7	-74.1875
110.775	-74.1875
110.85	-74.0625
110.925	-74.0625
111	-74.1875
111.075	-74.125
111.15	-74.0625
111.225	-74.0625
111.3	-74.1562
111.375	-74.0625
111.45	-74.0625
111.525	-74.0938
111.6	-74.0938
111.675	-74.0625
111.75	-74.0625
111.825	-74.2188
111.9	-74.125
111.975	-74.0938
112.05	-74.125
112.125	-74.0938
112.2	-74.125
112.275	-74
112.35	-74.0938
112.425	-74.0938
112.5	-74.0625
112.575	-74.0938
112.65	-74.1875
112.725	-74.0938
112.8	-74.0938
112.875	-74.1875
112.95	-74.125
113.025	-74.0938
113.1	-74.1562
113.175	-74.2188
113.25	-74.125
113.325	-74.0938
113.4	-74.2188
113.475	-74.2188
113.55	-74.0938
113.625	-74.0938
113.7	-74.125
113.775	-74.125
113.85	-74.125
113.925	-74.1562
114	-74.125
114.075	-74.2188
114.15	-74.1875
114.225	-74.1562
114.3	-74.1875
114.375	-74.1875
114.45	-74.125
114.525	-74.2188
114.6	-74.1875
114.675	-74.1562
114.75	-74.1875
114.825	-74.125
114.9	-74.1875
114.975	-74.1562
115.05	-74.125
115.125	-74.2188
115.2	-74.0312
115.275	-74.2188
115.35	-74.1875
115.425	-74.0625
115.5	-74.2188
115.575	-74.1875
115.65	-74.1562
115.725	-74.2813
115.8	-74.0625
115.875	-74.125
115.95	-74.25
116.025	-74.125
116.1	-74.1562
116.175	-74.0625
116.25	-74.2188
116.325	-74.1562
116.4	-74.0625
116.475	-74.125
116.55	-74.25
116.625	-74.25
116.7	-74.0938
116.775	-74.2188
116.85	-74.1875
116.925	-74.0938
117	-74.125
117.075	-74.125
117.15	-74.2813
117.225	-74.0625
117.3	-74.125
117.375	-74.1562
117.45	-74.2188
117.525	-74.1875
117.6	-74
117.675	-74.1875
117.75	-74.3125
117.825	-74.125
117.9	-74
117.975	-74.25
118.05	-74.25
118.125	-74.125
118.2	-74.0312
118.275	-74.1562
118.35	-74.25
118.425	-74.1562
118.5	-74.0938
118.575	-74.125
118.65	-74.2188
118.725	-74.25
118.8	-74.125
118.875	-74.125
118.95	-74.2188
119.025	-74.0938
119.1	-74.1875
119.175	-74.1875
119.25	-74.25
119.325	-74.0625
119.4	-74.1562
119.475	-74.2188
119.55	-74.125
119.625	-74.125
119.7	-74.1562
119.775	-74.125
119.85	-74.1562
119.925	-74.2188
120	-74.1875
120.075	-74.1562
120.15	-74.125
120.225	-74.2188
120.3	-74.1875
120.375	-74.1562
120.45	-74
120.525	-74.1875
120.6	-74.125
120.675	-74.125
120.75	-74.125
120.825	-74.1562
120.9	-74.0312
120.975	-74.125
121.05	-74.2188
121.125	-74.0625
121.2	-74
121.275	-74.2188
121.35	-74.125
121.425	-74.0312
121.5	-74.1562
121.575	-74.2188
121.65	-74.0625
121.725	-74.1562
121.8	-74.1875
121.875	-74.1562
121.95	-74.125
122.025	-74.2188
122.1	-74.0625
122.175	-74.125
122.25	-74.2188
122.325	-74.0938
122.4	-74.0625
122.475	-74.1875
122.55	-74.125
122.625	-74.125
122.7	-74.1562
122.775	-74.0625
122.85	-74.1562
122.925	-74.125
123	-74
123.075	-74.0625
123.15	-74.125
123.225	-74.0938
123.3	-74.125
123.375	-74
123.45	-74.2188
123.525	-74.1562
123.6	-74.125
123.675	-74.1562
123.75	-74.125
123.825	-74.2188
123.9	-74.125
123.975	-74.0312
124.05	-74.2188
124.125	-74.1875
124.2	-74.1562
124.275	-74.125
124.35	-74.1562
124.425	-74.25
124.5	-74.2188
124.575	-74.0312
124.65	-74.25
124.725	-74.1562
124.8	-74.1875
124.875	-74.125
124.95	-74.0625
125.025	-74.25
125.1	-74
125.175	-74
125.25	-74.125
125.325	-74.25
125.4	-74.125
125.475	-74.0625
125.55	-74.125
125.625	-74.25
125.7	-74.1562
125.775	-74
125.85	-74.2188
125.925	-74.1875
126	-74.125
126.075	-74.0312
126.15	-74.125
126.225	-74.1875
126.3	-74.1562
126.375	-74.0938
126.45	-74.125
126.525	-74.125
126.6	-74.0625
126.675	-74.0625
126.75	-74.2188
126.825	-74.25
126.9	-74.125
126.975	-74
127.05	-74.25
127.125	-74.2813
127.2	-74.0938
127.275	-74
127.35	-74.1562
127.425	-74.25
127.5	-74.125
127.575	-74.0625
127.65	-74.0938
127.725	-74.2813
127.8	-74.1562
127.875	-74
127.95	-74.125
128.025	-74.2813
128.1	-74.125
128.175	-74.0625
128.25	-74.0625
128.325	-74.1875
128.4	-74.0938
128.475	-74.0625
128.55	-74.25
128.625	-74.1562
128.7	-74.0625
128.775	-74.0625
128.85	-74.1875
128.925	-74.2188
129	-74
129.075	-74.1875
129.15	-74.1875
129.225	-74.0938
129.3	-74.1875
129.375	-74.1875
129.45	-74.0625
129.525	-74.1875
129.6	-74.1875
129.675	-74.125
129.75	-74.1562
129.825	-74.1875
129.9	-74.125
129.975	-74.1562
130.05	-74.1875
130.125	-74.125
130.2	-74.1562
130.275	-74.2188
130.35	-74.1562
130.425	-74.125
130.5	-74.1562
130.575	-74.1875
130.65	-74.0625
130.725	-74.1562
130.8	-74.1562
130.875	-74.125
130.95	-74.1875
131.025	-74.125
131.1	-74
131.175	-74.1875
131.25	-74.125
131.325	-74.125
131.4	-74.2188
131.475	-74.125
131.55	-74.1875
131.625	-74.1875
131.7	-74.125
131.775	-74.1562
131.85	-74.1562
131.925	-74.125
132	-74.1875
132.075	-74.0938
132.15	-74.1875
132.225	-74.125
132.3	-74.125
132.375	-74.2188
132.45	-74.0625
132.525	-74.2188
132.6	-74.2188
132.675	-74.0938
132.75	-74.125
132.825	-74.0938
132.9	-74.2188
132.975	-74.1875
133.05	-74
133.125	-74.25
133.2	-74.2188
133.275	-74.2188
133.35	-74.125
133.425	-74.0625
133.5	-74.25
133.575	-74.125
133.65	-74.125
133.725	-74.1562
133.8	-74.125
133.875	-74.125
133.95	-74.0938
134.025	-74.2188
134.1	-74.125
134.175	-74.1875
134.25	-74.0625
134.325	-74.1562
134.4	-74.3437
134.475	-74.1562
134.55	-74.0625
134.625	-74.0938
134.7	-74.25
134.775	-74.1562
134.85	-74.125
134.925	-74.2188
135	-74.1562
135.075	-74.125
135.15	-74.1562
135.225	-74.25
135.3	-74.2188
135.375	-74.1562
135.45	-74.0625
135.525	-74.2188
135.6	-74.25
135.675	-74.1562
135.75	-74.0938
135.825	-74.2188
135.9	-74.2188
135.975	-74.1875
136.05	-74.125
136.125	-74.125
136.2	-74.25
136.275	-74.25
136.35	-74.0938
136.425	-74.25
136.5	-74.2813
136.575	-74.1562
136.65	-74.1562
136.725	-74.2813
136.8	-74.1875
136.875	-74
136.95	-74.1562
137.025	-74.2813
137.1	-74.125
137.175	-74.0938
137.25	-74.125
137.325	-74.2813
137.4	-74.1562
137.475	-74.0625
137.55	-74.2188
137.625	-74.2813
137.7	-74.0938
137.775	-74.1562
137.85	-74.25
137.925	-74.2188
138	-74.0938
138.075	-74.1562
138.15	-74.1875
138.225	-74
138.3	-74.2188
138.375	-74.2188
138.45	-74.125
138.525	-74.1562
138.6	-74.2188
138.675	-74.1875
138.75	-74.1875
138.825	-74.25
138.9	-74.125
138.975	-74.1875
139.05	-74.1875
139.125	-74.1562
139.2	-74.25
139.275	-74.2188
139.35	-74.1875
139.425	-74.2813
139.5	-74.1875
139.575	-74.25
139.65	-74.1562
139.725	-74.125
139.8	-74.2188
139.875	-74.25
139.95	-74.0938
140.025	-74.2188
140.1	-74.1562
140.175	-74.1875
140.25	-74.2188
140.325	-74.1562
140.4	-74.25
140.475	-74.2188
140.55	-74.0625
140.625	-74.1875
140.7	-74.2188
140.775	-74.2188
140.85	-74.25
140.925	-74.0938
141	-74.2188
141.075	-74.25
141.15	-74.1562
141.225	-74.125
141.3	-74.125
141.375	-74.2188
141.45	-74.125
141.525	-74.125
141.6	-74.25
141.675	-74.1875
141.75	-74.1875
141.825	-74
141.9	-74.25
141.975	-74.1875
142.05	-74.1562
142.125	-74.0938
142.2	-74.25
142.275	-74.25
142.35	-74.0938
142.425	-74.125
142.5	-74.125
142.575	-74.25
142.65	-74.1875
142.725	-74.0625
142.8	-74.3125
142.875	-74.3125
142.95	-74
143.025	-74.1562
143.1	-74.3125
143.175	-74.25
143.25	-74.0938
143.325	-74.0312
143.4	-74.25
143.475	-74.25
143.55	-74.1875
143.625	-74.1875
143.7	-74.25
143.775	-74.1875
143.85	-74.125
143.925	-74.125
144	-74.2188
144.075	-74.125
144.15	-74.125
144.225	-74.125
144.3	-74.1875
144.375	-74.1562
144.45	-74.1562
144.525	-74.2188
144.6	-74.2188
144.675	-74.125
144.75	-74.125
144.825	-74.1875
144.9	-74.1875
144.975	-74.1562
145.05	-74.1562
145.125	-74.2188
145.2	-74.1562
145.275	-74.1562
145.35	-74.125
145.425	-74.2188
145.5	-74.2188
145.575	-74.2188
145.65	-74.2813
145.725	-74.1875
145.8	-74.1875
145.875	-74.1562
145.95	-74.25
146.025	-74.2188
146.1	-74.1562
146.175	-74.1875
146.25	-74.2188
146.325	-74.1562
146.4	-74.25
146.475	-74.1562
146.55	-74.0938
146.625	-74.125
146.7	-74.2188
146.775	-74.0938
146.85	-74.0938
146.925	-74.2188
147	-74.125
147.075	-74.0625
147.15	-74.125
147.225	-74.125
147.3	-74
147.375	-74.2188
147.45	-74
147.525	-74.125
147.6	-74.1562
147.675	-74.0938
147.75	-74.1875
147.825	-74.1875
147.9	-74
147.975	-74.1875
148.05	-74.125
148.125	-74.125
148.2	-74.0938
148.275	-74.0312
148.35	-74.125
148.425	-74.0938
148.5	-74.0625
148.575	-74.1875
148.65	-74.0938
148.725	-74.1562
148.8	-74.0938
148.875	-74.0625
148.95	-74.1875
149.025	-74.0312
149.1	-74.0312
149.175	-74.2188
149.25	-74.0625
149.325	-74.125
149.4	-74.125
149.475	-74.125
149.55	-74.1875
149.625	-74
149.7	-74.0625
149.775	-74.125
149.85	-74.1562
149.925	-73.9688
150	-74
150.075	-74.2188
150.15	-74.0625
150.225	-74.125
150.3	-73.9688
150.375	-74.2188
150.45	-74
150.525	-74
150.6	-74.0938
150.675	-74.0625
150.75	-74.1875
150.825	-73.9375
150.9	-73.9688
150.975	-74.2188
151.05	-74.0625
151.125	-74
151.2	-74.125
151.275	-74.2188
151.35	-74.0312
151.425	-73.9688
151.5	-74.0938
151.575	-74.2188
151.65	-74.2188
151.725	-74.0938
151.8	-74.125
151.875	-74.125
151.95	-74.0938
152.025	-74.125
152.1	-74.1875
152.175	-74.2188
152.25	-74.1562
152.325	-74.0625
152.4	-74.0625
152.475	-74.1875
152.55	-74.1562
152.625	-74
152.7	-74.1875
152.775	-74.25
152.85	-74
152.925	-74.0312
153	-74.125
153.075	-74.1875
153.15	-74.0938
153.225	-74.1562
153.3	-74.125
153.375	-74.0625
153.45	-74.0938
153.525	-74.125
153.6	-74.125
153.675	-74.0625
153.75	-74.1562
153.825	-74.0312
153.9	-74
153.975	-74.1875
154.05	-74.0938
154.125	-74.0625
154.2	-74.125
154.275	-74.2188
154.35	-74.125
154.425	-74.0312
154.5	-74.125
154.575	-74.1562
154.65	-74
154.725	-74.1875
154.8	-74.1875
154.875	-74.1562
154.95	-74.1562
155.025	-74.125
155.1	-74.0625
155.175	-74.0938
155.25	-74.1875
155.325	-74.125
155.4	-74
155.475	-74.125
155.55	-74.0625
155.625	-74.0938
155.7	-74.1562
155.775	-74.0625
155.85	-74.125
155.925	-74.2188
156	-74
156.075	-74.125
156.15	-74.125
156.225	-74.0312
156.3	-74.1562
156.375	-74.1875
156.45	-74.0625
156.525	-74.2813
156.6	-74.1875
156.675	-74.0625
156.75	-74.1875
156.825	-74.0938
156.9	-74.1562
156.975	-74.125
157.05	-74.125
157.125	-74.1875
157.2	-74.125
157.275	-74.125
157.35	-74.25
157.425	-74.125
157.5	-74.125
157.575	-74.0625
157.65	-74.1875
157.725	-74.2188
157.8	-74
157.875	-74.125
157.95	-74.1875
158.025	-74.25
158.1	-74.0938
158.175	-74.1562
158.25	-74.125
158.325	-74.0938
158.4	-74.1562
158.475	-74.0312
158.55	-74.25
158.625	-74.2188
158.7	-74
158.775	-74.1562
158.85	-74.125
158.925	-74.2188
159	-74.0625
159.075	-74.125
159.15	-74.2813
159.225	-74.1562
159.3	-74
159.375	-74.1562
159.45	-74.1875
159.525	-74.0312
159.6	-74
159.675	-74.1562
159.75	-74.125
159.825	-74.0938
159.9	-73.9375
159.975	-74.0625
160.05	-74.25
160.125	-74.1562
160.2	-73.9688
160.275	-74
160.35	-74.125
160.425	-74.125
160.5	-74
160.575	-74
160.65	-74.125
160.725	-74.1562
160.8	-73.9688
160.875	-74
160.95	-74.0938
161.025	-74.1562
161.1	-74
161.175	-74
161.25	-74.125
161.325	-74.0625
161.4	-73.9063
161.475	-73.9688
161.55	-74.0625
161.625	-74.0625
161.7	-74
161.775	-74
161.85	-74.125
161.925	-73.9375
162	-73.9063
162.075	-74.0625
162.15	-74.125
162.225	-74
162.3	-73.9688
162.375	-74
162.45	-74
162.525	-73.9375
162.6	-74
162.675	-74
162.75	-73.9063
162.825	-74
162.9	-73.9688
162.975	-73.9375
163.05	-73.9688
163.125	-73.9063
163.2	-73.9063
163.275	-73.9688
163.35	-73.9688
163.425	-73.9688
163.5	-73.9063
163.575	-73.8437
163.65	-73.9375
163.725	-73.9063
163.8	-73.9063
163.875	-74
163.95	-74
164.025	-73.9063
164.1	-73.9688
164.175	-73.9688
164.25	-73.8437
164.325	-73.9688
164.4	-74.0625
164.475	-73.9375
164.55	-73.9375
164.625	-74
164.7	-73.9688
164.775	-73.9688
164.85	-73.9688
164.925	-73.8437
165	-74
165.075	-73.9063
165.15	-73.9375
165.225	-73.9688
165.3	-73.875
165.375	-73.9375
165.45	-73.9688
165.525	-73.9375
165.6	-74.0938
165.675	-73.8437
165.75	-73.9375
165.825	-74
165.9	-73.9688
165.975	-73.9688
166.05	-73.875
166.125	-74.0312
166.2	-74
166.275	-73.8125
166.35	-74.0312
166.425	-74
166.5	-74.0312
166.575	-73.9063
166.65	-73.875
166.725	-74.0625
166.8	-73.9375
166.875	-73.9688
166.95	-73.9063
167.025	-74.0625
167.1	-74
167.175	-73.9063
167.25	-73.9688
167.325	-73.9375
167.4	-74
167.475	-73.8125
167.55	-73.9688
167.625	-74.0938
167.7	-73.875
167.775	-73.9063
167.85	-74
167.925	-74.0625
168	-73.875
168.075	-73.8125
168.15	-74
168.225	-74.0625
168.3	-73.9375
168.375	-73.875
168.45	-73.9688
168.525	-74
168.6	-74
168.675	-73.875
168.75	-73.9688
168.825	-74.125
168.9	-74.0625
168.975	-73.9688
169.05	-73.9375
169.125	-73.9688
169.2	-73.9688
169.275	-73.9063
169.35	-73.9688
169.425	-74
169.5	-73.9375
169.575	-73.9375
169.65	-74
169.725	-73.9688
169.8	-73.9375
169.875	-74
169.95	-74
170.025	-74.0312
170.1	-74.0312
170.175	-73.9688
170.25	-74
170.325	-73.9375
170.4	-74.0625
170.475	-74
170.55	-74
170.625	-74.0312
170.7	-73.9688
170.775	-73.9063
170.85	-74
170.925	-74.0312
171	-74
171.075	-73.9688
171.15	-74
171.225	-74.0625
171.3	-73.9688
171.375	-73.9688
171.45	-74.125
171.525	-74.0312
171.6	-73.9375
171.675	-74
171.75	-74
171.825	-73.9063
171.9	-74.0938
171.975	-74.0312
172.05	-74.0312
172.125	-74.0938
172.2	-74
172.275	-74
172.35	-74
172.425	-74.0625
172.5	-73.9375
172.575	-74.0625
172.65	-74
172.725	-73.9688
172.8	-74.0312
172.875	-74
172.95	-73.9688
173.025	-74
173.1	-74.0312
173.175	-74.0312
173.25	-74
173.325	-73.9375
173.4	-74.0938
173.475	-74.0938
173.55	-73.9063
173.625	-74.0625
173.7	-74.0938
173.775	-73.9688
173.85	-74.0625
173.925	-74
174	-74
174.075	-74.0938
174.15	-73.875
174.225	-74.0938
174.3	-74
174.375	-73.9375
174.45	-74
174.525	-73.9375
174.6	-74.1562
174.675	-74
174.75	-73.9688
174.825	-74.0625
174.9	-74.0625
174.975	-74
175.05	-73.9063
175.125	-74.125
175.2	-74.0938
175.275	-74.125
175.35	-73.9688
175.425	-74.0312
175.5	-74.125
175.575	-73.9688
175.65	-74.0312
175.725	-74
175.8	-74.1562
175.875	-74.0625
175.95	-73.9375
176.025	-74.125
176.1	-74.1875
176.175	-74
176.25	-73.9375
176.325	-74.0312
176.4	-74.125
176.475	-74
176.55	-73.9063
176.625	-74.0625
176.7	-74.125
176.775	-74.0625
176.85	-74
176.925	-74
177	-74.125
177.075	-74.0625
177.15	-74
177.225	-74.0938
177.3	-74.1562
177.375	-74.1562
177.45	-74.0312
177.525	-74.0625
177.6	-74.0938
177.675	-74.0312
177.75	-74
177.825	-74.125
177.9	-74.0625
177.975	-74
178.05	-74.0625
178.125	-74.0625
178.2	-74.0625
178.275	-74.0938
178.35	-74
178.425	-74
178.5	-74.1562
178.575	-74.0625
178.65	-73.9688
178.725	-74.0938
178.8	-74.1562
178.875	-74.0312
178.95	-74.0938
179.025	-74.1562
179.1	-74.1875
179.175	-74.0625
179.25	-74
179.325	-74.0312
179.4	-74.0625
179.475	-73.9688
179.55	-73.9688
179.625	-74.1875
179.7	-74.0938
179.775	-73.9688
179.85	-74.125
179.925	-74.125
180	-74
180.075	-74.125
180.15	-74.125
180.225	-74.0312
180.3	-74.125
180.375	-74.0938
180.45	-74.0625
180.525	-74.1562
180.6	-74.0938
180.675	-74
180.75	-74.0938
180.825	-74.0938
180.9	-74
180.975	-74.1562
181.05	-74.1562
181.125	-74
181.2	-74.0938
181.275	-74.0625
181.35	-73.9688
181.425	-74.125
181.5	-74.0625
181.575	-74
181.65	-74.125
181.725	-74
181.8	-74.0625
181.875	-74.125
181.95	-74.0312
182.025	-74.1875
182.1	-74
182.175	-74.125
182.25	-74.0938
182.325	-74
182.4	-74.1562
182.475	-74.0625
182.55	-74
182.625	-74
182.7	-74
182.775	-74.2188
182.85	-73.9688
182.925	-74.0625
183	-74
183.075	-74.0938
183.15	-74.0625
183.225	-74
183.3	-74.1875
183.375	-74.1562
183.45	-74.0938
183.525	-74.0625
183.6	-74.0312
183.675	-74.25
183.75	-74
183.825	-74.0625
183.9	-74.0938
183.975	-74.25
184.05	-74.1562
184.125	-73.9688
184.2	-74.0625
184.275	-74.0938
184.35	-74
184.425	-74.0312
184.5	-74.125
184.575	-74.125
184.65	-73.9688
184.725	-73.9688
184.8	-74.125
184.875	-74.1875
184.95	-74.0312
185.025	-73.9688
185.1	-74.125
185.175	-74.1875
185.25	-74.0312
185.325	-74
185.4	-73.9688
185.475	-74.0625
185.55	-74.0625
185.625	-74.0938
185.7	-74.0938
185.775	-74.0938
185.85	-74
185.925	-74.0938
186	-74.125
186.075	-74.0312
186.15	-73.9688
186.225	-74.0938
186.3	-74.1562
186.375	-74
186.45	-73.9063
186.525	-74.0625
186.6	-74.125
186.675	-74.0938
186.75	-74
186.825	-74.0625
186.9	-74.0938
186.975	-74
187.05	-74.0625
187.125	-74.0625
187.2	-74.0312
187.275	-74.125
187.35	-74.0625
187.425	-74.0312
187.5	-74
187.575	-74.125
187.65	-74.0625
187.725	-74
187.8	-74.2188
187.875	-74.0625
187.95	-74
188.025	-74.125
188.1	-74.0312
188.175	-74.0312
188.25	-74.0625
188.325	-74.0938
188.4	-74
188.475	-74.0625
188.55	-74.125
188.625	-74.0938
188.7	-74.1875
188.775	-74.125
188.85	-74
188.925	-74.0625
189	-74.0312
189.075	-74.0312
189.15	-74.1562
189.225	-74.0938
189.3	-74
189.375	-74.125
189.45	-74.125
189.525	-74.0312
189.6	-74.1562
189.675	-74.1562
189.75	-74.0938
189.825	-74.1875
189.9	-74.0938
189.975	-74
190.05	-74.1875
190.125	-74.0625
190.2	-73.9375
190.275	-74.125
190.35	-74.0938
190.425	-74.125
190.5	-74.0938
190.575	-74.0625
190.65	-74.1875
190.725	-74.0938
190.8	-74.125
190.875	-74.125
190.95	-74.125
191.025	-74.1562
191.1	-73.9688
191.175	-74.1875
191.25	-74.125
191.325	-74.0938
191.4	-74.0625
191.475	-74.0625
191.55	-74.1875
191.625	-74.0312
191.7	-74
191.775	-74.125
191.85	-74.1875
191.925	-74
192	-74
192.075	-74.2188
192.15	-74.0938
192.225	-74.1562
192.3	-73.9688
192.375	-74.125
192.45	-74.0938
192.525	-73.9688
192.6	-74.0625
192.675	-74.125
192.75	-74.0938
192.825	-74
192.9	-74
192.975	-74.0938
193.05	-74.0625
193.125	-73.9375
193.2	-74.125
193.275	-74.2188
193.35	-74.1562
193.425	-74
193.5	-74
193.575	-74.1562
193.65	-74.1875
193.725	-74.0938
193.8	-74.0938
193.875	-74.1562
193.95	-74.1875
194.025	-74.0625
194.1	-74.125
194.175	-74.1562
194.25	-74.1562
194.325	-74.1562
194.4	-74.1562
194.475	-74.1562
194.55	-74.0625
194.625	-74.0625
194.7	-74.0625
194.775	-74.0938
194.85	-74.0625
194.925	-74.0312
195	-74.0938
195.075	-74.0938
195.15	-74.1875
195.225	-74.125
195.3	-74.125
195.375	-74.1562
195.45	-74.2188
195.525	-74.0938
195.6	-74
195.675	-74.125
195.75	-74.1562
195.825	-74.0625
195.9	-74.125
195.975	-74.1875
196.05	-74.0625
196.125	-74.0312
196.2	-74.1875
196.275	-74.125
196.35	-74.0625
196.425	-74.125
196.5	-74.1562
196.575	-74.0625
196.65	-74.0938
196.725	-74.0625
196.8	-74.0938
196.875	-74.125
196.95	-74.125
197.025	-74.0938
197.1	-74.1875
197.175	-74.0938
197.25	-74.0625
197.325	-74.125
197.4	-74.0938
197.475	-73.9688
197.55	-74.125
197.625	-74
197.7	-74
197.775	-74.1562
197.85	-73.9375
197.925	-74.0625
198	-74.125
198.075	-74
198.15	-74.0938
198.225	-74.0938
198.3	-74
198.375	-74.0312
198.45	-74.0625
198.525	-74
198.6	-74
198.675	-74
198.75	-74
198.825	-74.0312
198.9	-73.9375
198.975	-73.9688
199.05	-73.9688
199.125	-73.9688
199.2	-74
199.275	-73.875
199.35	-74
199.425	-74.0938
199.5	-73.9375
199.575	-74.0312
199.65	-74
199.725	-74.1562
199.8	-73.9688
199.875	-73.9688
199.95	-74.0625
200.025	-74
200.1	-74
200.175	-73.9688
200.25	-74.0938
200.325	-74.0938
200.4	-73.9375
200.475	-74.0938
200.55	-74
200.625	-74.0625
200.7	-73.9688
200.775	-73.9063
200.85	-74.125
200.925	-73.9688
201	-73.9063
201.075	-74.0938
201.15	-74.0938
201.225	-73.9688
201.3	-73.8437
201.375	-73.9375
201.45	-74.1562
201.525	-74.0938
201.6	-73.8437
201.675	-73.9375
201.75	-73.9688
201.825	-73.9688
201.9	-73.9375
201.975	-74
202.05	-74.0312
202.125	-73.9688
202.2	-73.875
202.275	-74
202.35	-74
202.425	-73.9063
202.5	-73.9063
202.575	-74
202.65	-74.0625
202.725	-73.9688
202.8	-73.9375
202.875	-74.0938
202.95	-74.0625
203.025	-73.9375
203.1	-74.0312
203.175	-73.9688
203.25	-73.875
203.325	-73.9063
203.4	-74
203.475	-73.9688
203.55	-73.9375
203.625	-73.9688
203.7	-73.9375
203.775	-73.875
203.85	-74
203.925	-74.0938
204	-73.9688
204.075	-73.9688
204.15	-74
204.225	-74
204.3	-73.9688
204.375	-74
204.45	-74.0625
204.525	-74
204.6	-73.875
204.675	-74.0625
204.75	-74
204.825	-73.9063
204.9	-74.0625
204.975	-73.9688
205.05	-73.875
205.125	-73.9375
205.2	-73.9688
205.275	-73.9688
205.35	-74.0625
205.425	-74.0938
205.5	-73.9375
205.575	-74.0625
205.65	-73.9688
205.725	-73.9063
205.8	-74
205.875	-74.0312
205.95	-73.875
206.025	-74
206.1	-73.9375
206.175	-73.8125
206.25	-73.9688
206.325	-73.9688
206.4	-73.875
206.475	-74
206.55	-73.9063
206.625	-73.9375
206.7	-74.0938
206.775	-73.9375
206.85	-74
206.925	-74.0312
207	-73.9688
207.075	-73.9688
207.15	-73.9688
207.225	-73.9375
207.3	-74.0938
207.375	-73.875
207.45	-73.9688
207.525	-74.0625
207.6	-74
207.675	-73.875
207.75	-73.875
207.825	-73.9688
207.9	-74
207.975	-73.875
208.05	-74
208.125	-73.9688
208.2	-74
208.275	-73.9688
208.35	-73.875
208.425	-74.0312
208.5	-73.9688
208.575	-73.9688
208.65	-73.875
208.725	-74.0625
208.8	-74.0312
208.875	-73.875
208.95	-74
209.025	-73.9688
209.1	-74.0625
209.175	-73.9688
209.25	-73.8437
209.325	-74.1875
209.4	-74
209.475	-73.875
209.55	-74
209.625	-74.125
209.7	-74
209.775	-73.8437
209.85	-73.9375
209.925	-74.0625
210	-74
210.075	-73.9063
210.15	-73.875
210.225	-74.0938
210.3	-74
210.375	-73.9688
210.45	-73.9688
210.525	-73.9688
210.6	-74
210.675	-73.9375
210.75	-74
210.825	-74
210.9	-73.9688
210.975	-73.9688
211.05	-74
211.125	-74
211.2	-73.9688
211.275	-74
211.35	-74
211.425	-74
211.5	-73.9063
211.575	-73.9375
211.65	-74
211.725	-74
211.8	-74
211.875	-73.9375
211.95	-74
212.025	-74.0625
212.1	-73.9375
212.175	-73.9375
212.25	-73.9063
212.325	-74.0625
212.4	-73.9063
212.475	-73.8437
212.55	-74.0625
212.625	-74.0312
212.7	-73.9375
212.775	-74
212.85	-74.0938
212.925	-74
213	-73.9688
213.075	-74
213.15	-74
213.225	-74
213.3	-74
213.375	-74
213.45	-73.9688
213.525	-73.9688
213.6	-74
213.675	-73.9688
213.75	-74
213.825	-74.0312
213.9	-73.9688
213.975	-74
214.05	-73.9688
214.125	-74
214.2	-73.9063
214.275	-74.0625
214.35	-73.9688
214.425	-73.9688
214.5	-74
214.575	-74
214.65	-73.9375
214.725	-74.0312
214.8	-73.9375
214.875	-73.9375
214.95	-74.0625
215.025	-73.9063
215.1	-73.75
215.175	-73.5312
215.25	-73.2813
215.325	-73.2813
215.4	-73.25
215.475	-73.1875
215.55	-73.1875
215.625	-73.125
215.7	-73.25
215.775	-73.0937
215.85	-73.0625
215.925	-73
216	-73
216.075	-73.0312
216.15	-72.9062
216.225	-73
216.3	-73.0312
216.375	-72.9062
216.45	-72.9062
216.525	-72.75
216.6	-72.9688
216.675	-72.875
216.75	-72.7187
216.825	-72.7812
216.9	-72.7812
216.975	-72.7812
217.05	-72.6875
217.125	-72.6875
217.2	-72.8125
217.275	-72.6563
217.35	-72.7187
217.425	-72.5937
217.5	-72.6875
217.575	-72.6875
217.65	-72.5937
217.725	-72.5625
217.8	-72.7187
217.875	-72.5625
217.95	-72.4375
218.025	-72.5313
218.1	-72.6875
218.175	-72.5625
218.25	-72.4375
218.325	-72.4375
218.4	-72.5313
218.475	-72.5
218.55	-72.3438
218.625	-72.4062
218.7	-72.4688
218.775	-72.4375
218.85	-72.3438
218.925	-72.4375
219	-72.375
219.075	-72.25
219.15	-72.3125
219.225	-72.3125
219.3	-72.3438
219.375	-72.25
219.45	-72.4062
219.525	-72.375
219.6	-72.375
219.675	-72.25
219.75	-72.25
219.825	-72.25
219.9	-72.1875
219.975	-72.2812
220.05	-72.125
220.125	-72.125
220.2	-72.25
220.275	-72.1563
220.35	-72
220.425	-72.1563
220.5	-72.2812
220.575	-72.125
220.65	-72
220.725	-72.125
220.8	-72.1563
220.875	-72.0937
220.95	-71.9687
221.025	-72.0937
221.1	-72
221.175	-71.9687
221.25	-72
221.325	-72
221.4	-72
221.475	-71.9063
221.55	-71.9687
221.625	-71.9687
221.7	-71.875
221.775	-71.9375
221.85	-72
221.925	-71.9375
222	-71.9375
222.075	-71.9375
222.15	-71.875
222.225	-71.9063
222.3	-71.9063
222.375	-71.8125
222.45	-71.875
222.525	-71.8438
222.6	-71.7812
222.675	-71.8438
222.75	-71.8438
222.825	-71.7812
222.9	-71.7812
222.975	-71.8125
223.05	-71.6875
223.125	-71.75
223.2	-71.8125
223.275	-71.7812
223.35	-71.8125
223.425	-71.7812
223.5	-71.6875
223.575	-71.875
223.65	-71.7812
223.725	-71.7188
223.8	-71.6875
223.875	-71.625
223.95	-71.6875
224.025	-71.5625
224.1	-71.5937
224.175	-71.7812
224.25	-71.5937
224.325	-71.6562
224.4	-71.625
224.475	-71.5937
224.55	-71.75
224.625	-71.5313
224.7	-71.6562
224.775	-71.6875
224.85	-71.4687
224.925	-71.5937
225	-71.5313
225.075	-71.6875
225.15	-71.5625
225.225	-71.375
225.3	-71.625
225.375	-71.5937
225.45	-71.5625
225.525	-71.3437
225.6	-71.5625
225.675	-71.5625
225.75	-71.375
225.825	-71.5313
225.9	-71.375
225.975	-71.5625
226.05	-71.4375
226.125	-71.25
226.2	-71.4687
226.275	-71.5313
226.35	-71.4375
226.425	-71.25
226.5	-71.4063
226.575	-71.5625
226.65	-71.375
226.725	-71.375
226.8	-71.4063
226.875	-71.4687
226.95	-71.4375
227.025	-71.375
227.1	-71.4375
227.175	-71.4063
227.25	-71.2812
227.325	-71.2812
227.4	-71.375
227.475	-71.4375
227.55	-71.25
227.625	-71.2812
227.7	-71.4063
227.775	-71.4063
227.85	-71.1875
227.925	-71.25
228	-71.375
228.075	-71.4063
228.15	-71.2188
228.225	-71.2812
228.3	-71.4063
228.375	-71.375
228.45	-71.1875
228.525	-71.2812
228.6	-71.3125
228.675	-71.3125
228.75	-71.1875
228.825	-71.2812
228.9	-71.3125
228.975	-71.2188
229.05	-71.2188
229.125	-71.3125
229.2	-71.2188
229.275	-71.2188
229.35	-71.1875
229.425	-71.25
229.5	-71.1875
229.575	-71.2812
229.65	-71.1562
229.725	-71.125
229.8	-71.25
229.875	-71.2188
229.95	-71.1875
230.025	-71.1562
230.1	-71.25
230.175	-71.1875
230.25	-71.1562
230.325	-71.2188
230.4	-71.2188
230.475	-71.0625
230.55	-71.125
230.625	-71.125
230.7	-71.0625
230.775	-71.1562
230.85	-71.0625
230.925	-71.0938
231	-71.125
231.075	-71.125
231.15	-71.0938
231.225	-71.1875
231.3	-71.0313
231.375	-71.0938
231.45	-71.1562
231.525	-71.0938
231.6	-71.0938
231.675	-71.0938
231.75	-71.0313
231.825	-71.0938
231.9	-71.0938
231.975	-70.9687
232.05	-71.0625
232.125	-71.0625
232.2	-70.9063
232.275	-71.0938
232.35	-71.0625
232.425	-71
232.5	-71.0938
232.575	-70.9687
232.65	-71.1875
232.725	-71
232.8	-70.9063
232.875	-71.0625
232.95	-71
233.025	-71.0625
233.1	-70.9063
233.175	-71.0625
233.25	-71.0938
233.325	-71.0313
233.4	-70.9375
233.475	-70.9375
233.55	-71.0625
233.625	-70.9063
233.7	-70.9063
233.775	-70.9687
233.85	-71.0313
233.925	-70.9687
234	-70.8437
234.075	-71.0625
234.15	-71
234.225	-70.9687
234.3	-70.9063
234.375	-70.9687
234.45	-70.9375
234.525	-70.9687
234.6	-71
234.675	-71.0313
234.75	-70.9687
234.825	-70.8125
234.9	-70.8437
234.975	-71.0313
235.05	-71
235.125	-70.875
235.2	-70.7813
235.275	-70.9063
235.35	-70.9687
235.425	-70.9063
235.5	-70.9063
235.575	-70.9375
235.65	-70.9063
235.725	-70.8125
235.8	-70.9063
235.875	-70.8437
235.95	-70.8437
236.025	-70.75
236.1	-70.8125
236.175	-70.9063
236.25	-70.7813
236.325	-70.7813
236.4	-70.75
236.475	-70.8437
236.55	-70.8125
236.625	-70.8125
236.7	-70.8437
236.775	-70.75
236.85	-70.8125
236.925	-70.8125
237	-70.7813
237.075	-70.7813
237.15	-70.8125
237.225	-70.75
237.3	-70.6562
237.375	-70.8125
237.45	-70.7813
237.525	-70.6875
237.6	-70.6875
237.675	-70.875
237.75	-70.7188
237.825	-70.625
237.9	-70.8437
237.975	-70.8125
238.05	-70.7188
238.125	-70.75
238.2	-70.7813
238.275	-70.6875
238.35	-70.7813
238.425	-70.7813
238.5	-70.75
238.575	-70.7813
238.65	-70.8437
238.725	-70.6875
238.8	-70.6562
238.875	-70.7813
238.95	-70.7188
239.025	-70.6562
239.1	-70.7188
239.175	-70.8437
239.25	-70.7188
239.325	-70.75
239.4	-70.7813
239.475	-70.6562
239.55	-70.7188
239.625	-70.7813
239.7	-70.625
239.775	-70.625
239.85	-70.75
239.925	-70.6562
240	-70.625
240.075	-70.6562
240.15	-70.5312
240.225	-70.625
240.3	-70.5625
240.375	-70.5312
240.45	-70.5625
240.525	-70.4688
240.6	-70.6562
240.675	-70.5
240.75	-70.5
240.825	-70.625
240.9	-70.4375
240.975	-70.4375
241.05	-70.4375
241.125	-70.5
241.2	-70.4063
241.275	-70.375
241.35	-70.5
241.425	-70.4375
241.5	-70.4688
241.575	-70.2813
241.65	-70.4688
241.725	-70.4688
241.8	-70.4375
241.875	-70.4063
241.95	-70.375
242.025	-70.5312
242.1	-70.375
242.175	-70.375
242.25	-70.5312
242.325	-70.4375
242.4	-70.4375
242.475	-70.3125
242.55	-70.4688
242.625	-70.5
242.7	-70.2813
242.775	-70.4063
242.85	-70.5
242.925	-70.4688
243	-70.3437
243.075	-70.4063
243.15	-70.4688
243.225	-70.4688
243.3	-70.4063
243.375	-70.4375
243.45	-70.4375
243.525	-70.375
243.6	-70.2813
243.675	-70.375
243.75	-70.5
243.825	-70.4063
243.9	-70.3437
243.975	-70.4688
244.05	-70.5625
244.125	-70.4688
244.2	-70.2813
244.275	-70.4375
244.35	-70.5
244.425	-70.4063
244.5	-70.25
244.575	-70.4375
244.65	-70.4375
244.725	-70.4063
244.8	-70.25
244.875	-70.4688
244.95	-70.4375
245.025	-70.2813
245.1	-70.375
245.175	-70.4063
245.25	-70.4375
245.325	-70.3437
245.4	-70.3437
245.475	-70.4063
245.55	-70.4063
245.625	-70.4063
245.7	-70.4063
245.775	-70.4375
245.85	-70.3437
245.925	-70.4063
246	-70.4063
246.075	-70.375
246.15	-70.4063
246.225	-70.4375
246.3	-70.375
246.375	-70.3437
246.45	-70.4688
246.525	-70.4375
246.6	-70.3437
246.675	-70.375
246.75	-70.3437
246.825	-70.2813
246.9	-70.2813
246.975	-70.4063
247.05	-70.3125
247.125	-70.3437
247.2	-70.4688
247.275	-70.375
247.35	-70.3125
247.425	-70.375
247.5	-70.3437
247.575	-70.2813
247.65	-70.4063
247.725	-70.3437
247.8	-70.375
247.875	-70.4063
247.95	-70.3437
248.025	-70.4063
248.1	-70.375
248.175	-70.3437
248.25	-70.375
248.325	-70.4063
248.4	-70.25
248.475	-70.4063
248.55	-70.2813
248.625	-70.2813
248.7	-70.4375
248.775	-70.3437
248.85	-70.25
248.925	-70.375
249	-70.2813
249.075	-70.375
249.15	-70.2187
249.225	-70.375
249.3	-70.4063
249.375	-70.1875
249.45	-70.3437
249.525	-70.3125
249.6	-70.4375
249.675	-70.25
249.75	-70.2187
249.825	-70.4063
249.9	-70.3437
249.975	-70.375
250.05	-70.2813
250.125	-70.375
250.2	-70.375
250.275	-70.1875
250.35	-70.3125
250.425	-70.2813
250.5	-70.4688
250.575	-70.1875
250.65	-70.25
250.725	-70.3125
250.8	-70.3437
250.875	-70.3437
250.95	-70.1875
251.025	-70.3437
251.1	-70.4063
251.175	-70.25
251.25	-70.1875
251.325	-70.25
251.4	-70.375
251.475	-70.2813
251.55	-70.2187
251.625	-70.4063
251.7	-70.3437
251.775	-70.25
251.85	-70.2813
251.925	-70.4063
252	-70.25
252.075	-70.1875
252.15	-70.2187
252.225	-70.375
252.3	-70.25
252.375	-70.1562
252.45	-70.2187
252.525	-70.375
252.6	-70.3437
252.675	-70.1562
252.75	-70.1875
252.825	-70.3125
252.9	-70.4063
252.975	-70.1875
253.05	-70.1875
253.125	-70.3125
253.2	-70.2813
253.275	-70.125
253.35	-70.3125
253.425	-70.3125
253.5	-70.2187
253.575	-70.1562
253.65	-70.3437
253.725	-70.2813
253.8	-70.2187
253.875	-70.125
253.95	-70.3437
254.025	-70.3437
254.1	-70.125
254.175	-70.25
254.25	-70.2813
254.325	-70.2187
254.4	-70.2187
254.475	-70.25
254.55	-70.2187
254.625	-70.1875
254.7	-70.25
254.775	-70.2813
254.85	-70.2187
254.925	-70.3125
255	-70.3125
255.075	-70.125
255.15	-70.1875
255.225	-70.25
255.3	-70.2187
255.375	-70.2187
255.45	-70.2187
255.525	-70.1875
255.6	-70.25
255.675	-70.25
255.75	-70.125
255.825	-70.2187
255.9	-70.2187
255.975	-70.1562
256.05	-70.2187
256.125	-70.2187
256.2	-70.1562
256.275	-70.2813
256.35	-70.2187
256.425	-70.125
256.5	-70.25
256.575	-70.25
256.65	-70.125
256.725	-70.2187
256.8	-70.1875
256.875	-70.2813
256.95	-70.25
257.025	-70.2187
257.1	-70.3125
257.175	-70.2813
257.25	-70.1562
257.325	-70.2187
257.4	-70.1875
257.475	-70.25
257.55	-70.2187
257.625	-70.0625
257.7	-70.2813
257.775	-70.125
257.85	-70.125
257.925	-70.0938
258	-70.0625
258.075	-70.1875
258.15	-70.0938
258.225	-70.0938
258.3	-70.125
258.375	-70.125
258.45	-70.0938
258.525	-70.0312
258.6	-70.2187
258.675	-70.1562
258.75	-70
258.825	-70.0938
258.9	-70.0938
258.975	-70.2187
259.05	-69.9375
259.125	-70.125
259.2	-70.125
259.275	-70.0312
259.35	-70.0625
259.425	-70.0312
259.5	-70.0938
259.575	-70.0938
259.65	-69.9688
259.725	-70.0312
259.8	-70.0312
259.875	-70
259.95	-70
260.025	-70.0312
260.1	-70.1875
260.175	-70.1562
260.25	-69.8437
260.325	-70.0312
260.4	-70.0625
260.475	-70.1562
260.55	-70.0312
260.625	-69.9688
260.7	-70.0625
260.775	-70.0938
260.85	-70.0312
260.925	-70.0312
261	-70.0625
261.075	-70.0625
261.15	-70
261.225	-70
261.3	-70.0625
261.375	-70.125
261.45	-70.0312
261.525	-70
261.6	-70.125
261.675	-70.125
261.75	-69.9375
261.825	-70.0625
261.9	-70.0938
261.975	-70.0312
262.05	-70.0625
262.125	-70.1562
262.2	-70.0938
262.275	-69.9688
262.35	-70.0938
262.425	-70.0625
262.5	-70.0938
262.575	-70.0312
262.65	-70.0938
262.725	-70.125
262.8	-70.0312
262.875	-70.0625
262.95	-70.125
263.025	-70
263.1	-70.0312
263.175	-70.125
263.25	-70
263.325	-70.0312
263.4	-70.1562
263.475	-70.0938
263.55	-69.9688
263.625	-70.0625
263.7	-70.0938
263.775	-70.0312
263.85	-70.0938
263.925	-70.125
264	-70.0312
264.075	-70.0938
264.15	-70.1562
264.225	-70
264.3	-70.0312
264.375	-70.1562
264.45	-70.0938
264.525	-70.125
264.6	-70.0938
264.675	-70.0312
264.75	-70.0938
264.825	-70.0625
264.9	-70
264.975	-70.0938
265.05	-70.1562
265.125	-69.9375
265.2	-70.125
265.275	-70.125
265.35	-70.0625
265.425	-70.125
265.5	-70.0625
265.575	-70.1875
265.65	-70.0938
265.725	-70.125
265.8	-70.0625
265.875	-70.0938
265.95	-70.0938
266.025	-70
266.1	-70.125
266.175	-70.1562
266.25	-70.125
266.325	-70.0312
266.4	-70
266.475	-70.2187
266.55	-70.0625
266.625	-70.0312
266.7	-70
266.775	-70.125
266.85	-70.0312
266.925	-69.875
267	-70.0312
267.075	-70.0938
267.15	-70.0938
267.225	-70.0312
267.3	-69.9688
267.375	-70.1562
267.45	-70.0312
267.525	-69.9375
267.6	-70.1562
267.675	-70.125
267.75	-70.0938
267.825	-70.0625
267.9	-70.125
267.975	-70.1562
268.05	-70
268.125	-69.9375
268.2	-70.125
268.275	-70.1875
268.35	-70.0625
268.425	-69.9688
268.5	-70.0625
268.575	-70.1875
268.65	-70.0625
268.725	-69.9375
268.8	-69.9688
268.875	-70.125
268.95	-70.0938
269.025	-70.0312
269.1	-70.0312
269.175	-70.1562
269.25	-70.125
269.325	-70.0625
269.4	-70
269.475	-70.1875
269.55	-70.0625
269.625	-69.9688
269.7	-70.0312
269.775	-70.2187
269.85	-70.0938
269.925	-69.9688
270	-70.0625
270.075	-70.125
270.15	-70.1562
270.225	-70
270.3	-70.0312
270.375	-70.1562
270.45	-70.125
270.525	-70.0938
270.6	-70.2187
270.675	-70.1875
270.75	-70.0312
270.825	-70.0625
270.9	-70.1562
270.975	-70.1562
271.05	-70.0312
271.125	-70.0938
271.2	-70.1562
271.275	-70.0938
271.35	-70
271.425	-70.1562
271.5	-70.125
271.575	-70.0938
271.65	-70.0938
271.725	-70.125
271.8	-70.0625
271.875	-70.0625
271.95	-70.1562
272.025	-70.0625
272.1	-70.0938
272.175	-70.125
272.25	-70.0625
272.325	-70.0938
272.4	-70.0625
272.475	-70.0625
272.55	-70.1562
272.625	-70.0938
272.7	-70
272.775	-70.0938
272.85	-70.0938
272.925	-70
273	-70.1562
273.075	-70.0625
273.15	-70.0625
273.225	-70
273.3	-69.9688
273.375	-70.125
273.45	-70
273.525	-70.0312
273.6	-70.0625
273.675	-70
273.75	-70.0625
273.825	-70.0625
273.9	-69.9375
273.975	-70.0312
274.05	-70
274.125	-70.1562
274.2	-70.0938
274.275	-70.0312
274.35	-70.0625
274.425	-70
274.5	-70
274.575	-70.0625
274.65	-70.125
274.725	-70.0938
274.8	-69.9688
274.875	-70.0938
274.95	-70.1562
275.025	-70.0312
275.1	-70.0312
275.175	-70.0312
275.25	-70.1875
275.325	-70.0938
275.4	-69.9062
275.475	-70.0312
275.55	-70.0312
275.625	-70.0625
275.7	-70
275.775	-70
275.85	-70.2187
275.925	-70.0312
276	-69.9688
276.075	-70.125
276.15	-70.125
276.225	-70
276.3	-70.0312
276.375	-70.0312
276.45	-70.0938
276.525	-69.9375
276.6	-69.9062
276.675	-70.125
276.75	-70.1562
276.825	-70.0312
276.9	-69.9688
276.975	-70.0625
277.05	-70.125
277.125	-70.0938
277.2	-69.9688
277.275	-70
277.35	-70.125
277.425	-70.0312
277.5	-70
277.575	-70.0938
277.65	-70.0625
277.725	-70.0625
277.8	-70.0312
277.875	-70.0938
277.95	-70.0938
278.025	-70.0938
278.1	-70.0625
278.175	-70.0312
278.25	-70.125
278.325	-70.0625
278.4	-70.0312
278.475	-70
278.55	-70.0625
278.625	-70.0938
278.7	-69.9688
278.775	-70.0625
278.85	-70.1562
278.925	-70.0312
279	-70
279.075	-70.125
279.15	-70.0938
279.225	-70
279.3	-70.0625
279.375	-70.0938
279.45	-70.0938
279.525	-70.0312
279.6	-70.125
279.675	-70.0625
279.75	-69.9688
279.825	-70.0625
279.9	-70.0625
279.975	-69.9688
280.05	-70.1562
280.125	-70.0938
280.2	-70
280.275	-70.125
280.35	-70.0625
280.425	-70.0312
280.5	-70.0312
280.575	-70.0938
280.65	-70
280.725	-70.0625
280.8	-70.0625
280.875	-70.0312
280.95	-70.0625
281.025	-70.0312
281.1	-69.9375
281.175	-70.0625
281.25	-70.0625
281.325	-70.0312
281.4	-70.0938
281.475	-70.0625
281.55	-70.0938
281.625	-70.125
281.7	-70
281.775	-70.0938
281.85	-70.125
281.925	-70
282	-70.125
282.075	-70.0625
282.15	-70.0625
282.225	-70.1562
282.3	-70
282.375	-70.0938
282.45	-70
282.525	-70.1875
282.6	-70.125
282.675	-69.9375
282.75	-70.125
282.825	-70.0625
282.9	-70.1562
282.975	-70.0312
283.05	-70.0938
283.125	-70.125
283.2	-70.0312
283.275	-70.0938
283.35	-70
283.425	-70.1562
283.5	-70.125
283.575	-69.9375
283.65	-70.1562
283.725	-70.1562
283.8	-70.0938
283.875	-70.0625
283.95	-70
284.025	-70.2187
284.1	-70
284.175	-70.0938
284.25	-70.125
284.325	-70.0938
284.4	-70.0312
284.475	-70.0625
284.55	-70.0625
284.625	-70.125
284.7	-70.0625
284.775	-70.0625
284.85	-70.1562
284.925	-70.1562
285	-70.0312
285.075	-70.0312
285.15	-70.125
285.225	-70.2187
285.3	-70.0625
285.375	-69.9688
285.45	-70.0938
285.525	-70.2187
285.6	-70.1562
285.675	-70.0938
285.75	-70.1562
285.825	-70.0938
285.9	-70.0938
285.975	-70.1562
286.05	-70.1875
286.125	-70.0625
286.2	-70
286.275	-70.125
286.35	-70.0938
286.425	-69.9688
286.5	-70
286.575	-70.0312
286.65	-69.9688
286.725	-69.9062
286.8	-69.9062
286.875	-69.875
286.95	-69.75
287.025	-69.7813
287.1	-69.7813
287.175	-69.7187
287.25	-69.6875
287.325	-69.7813
287.4	-69.5937
287.475	-69.5625
287.55	-69.5937
287.625	-69.6563
287.7	-69.5312
287.775	-69.5312
287.85	-69.5937
287.925	-69.5312
288	-69.4375
288.075	-69.4688
288.15	-69.5625
288.225	-69.5
288.3	-69.4375
288.375	-69.5625
288.45	-69.5312
288.525	-69.4062
288.6	-69.5
288.675	-69.4375
288.75	-69.3438
288.825	-69.4062
288.9	-69.375
288.975	-69.4375
289.05	-69.4375
289.125	-69.3438
289.2	-69.4688
289.275	-69.4062
289.35	-69.3438
289.425	-69.4375
289.5	-69.4062
289.575	-69.3438
289.65	-69.4062
289.725	-69.3438
289.8	-69.25
289.875	-69.4062
289.95	-69.3125
290.025	-69.3125
290.1	-69.4062
290.175	-69.3438
290.25	-69.25
290.325	-69.4062
290.4	-69.375
290.475	-69.375
290.55	-69.3438
290.625	-69.3125
290.7	-69.4688
290.775	-69.25
290.85	-69.3125
290.925	-69.4688
291	-69.4375
291.075	-69.375
291.15	-69.2187
291.225	-69.4062
291.3	-69.3438
291.375	-69.3438
291.45	-69.3438
291.525	-69.25
291.6	-69.4062
291.675	-69.3438
291.75	-69.3125
291.825	-69.5
291.9	-69.4062
291.975	-69.4062
292.05	-69.2813
292.125	-69.4375
292.2	-69.4375
292.275	-69.25
292.35	-69.3438
292.425	-69.3125
292.5	-69.4375
292.575	-69.375
292.65	-69.25
292.725	-69.4688
292.8	-69.5
292.875	-69.2813
292.95	-69.3438
293.025	-69.4062
293.1	-69.4375
293.175	-69.2813
293.25	-69.3438
293.325	-69.4375
293.4	-69.5312
293.475	-69.3438
293.55	-69.2813
293.625	-69.4062
293.7	-69.4062
293.775	-69.4062
293.85	-69.4688
293.925	-69.5312
294	-69.4062
294.075	-69.25
294.15	-69.3125
294.225	-69.4688
294.3	-69.4688
294.375	-69.25
294.45	-69.3438
294.525	-69.4688
294.6	-69.4375
294.675	-69.3125
294.75	-69.3438
294.825	-69.5
294.9	-69.4062
294.975	-69.25
295.05	-69.4062
295.125	-69.4062
295.2	-69.3438
295.275	-69.375
295.35	-69.375
295.425	-69.375
295.5	-69.3438
295.575	-69.375
295.65	-69.3125
295.725	-69.2813
295.8	-69.375
295.875	-69.3438
295.95	-69.25
296.025	-69.4062
296.1	-69.4062
296.175	-69.3125
296.25	-69.3125
296.325	-69.4062
296.4	-69.375
296.475	-69.3125
296.55	-69.4062
296.625	-69.375
296.7	-69.2187
296.775	-69.3438
296.85	-69.3125
296.925	-69.2813
297	-69.4062
297.075	-69.4062
297.15	-69.2813
297.225	-69.2813
297.3	-69.3438
297.375	-69.2813
297.45	-69.25
297.525	-69.375
297.6	-69.3125
297.675	-69.25
297.75	-69.3125
297.825	-69.2813
297.9	-69.3125
297.975	-69.3438
298.05	-69.25
298.125	-69.4062
298.2	-69.375
298.275	-69.3125
298.35	-69.4062
298.425	-69.2813
298.5	-69.375
298.575	-69.4062
298.65	-69.25
298.725	-69.3438
298.8	-69.375
298.875	-69.375
298.95	-69.4062
299.025	-69.2187
299.1	-69.4062
299.175	-69.375
299.25	-69.25
299.325	-69.375
299.4	-69.3125
299.475	-69.4688
299.55	-69.3438
299.625	-69.25
299.7	-69.4688
299.775	-69.3438
299.85	-69.375
299.925	-69.3438
300	-69.4062
300.075	-69.5312
300.15	-69.25
300.225	-69.3125
300.3	-69.3438
300.375	-69.3438
300.45	-69.3438
300.525	-69.2187
300.6	-69.4375
300.675	-69.4375
300.75	-69.2813
300.825	-69.25
300.9	-69.3125
300.975	-69.5
301.05	-69.25
301.125	-69.125
301.2	-69.4062
301.275	-69.5312
301.35	-69.3125
301.425	-69.25
301.5	-69.4062
301.575	-69.4375
301.65	-69.4062
301.725	-69.3438
301.8	-69.375
301.875	-69.4062
301.95	-69.3125
302.025	-69.4062
302.1	-69.5
302.175	-69.4062
302.25	-69.2813
302.325	-69.4062
302.4	-69.4688
302.475	-69.4375
302.55	-69.3125
302.625	-69.375
302.7	-69.5625
302.775	-69.4062
302.85	-69.3438
302.925	-69.375
303	-69.5
303.075	-69.4688
303.15	-69.3125
303.225	-69.4375
303.3	-69.5625
303.375	-69.375
303.45	-69.3125
303.525	-69.5312
303.6	-69.4375
303.675	-69.375
303.75	-69.4375
303.825	-69.4688
303.9	-69.4062
303.975	-69.4688
304.05	-69.4688
304.125	-69.375
304.2	-69.3438
304.275	-69.4062
304.35	-69.4062
304.425	-69.4062
304.5	-69.4375
304.575	-69.4375
304.65	-69.375
304.725	-69.4062
304.8	-69.4375
304.875	-69.5
304.95	-69.4375
305.025	-69.4375
305.1	-69.5
305.175	-69.4062
305.25	-69.5
305.325	-69.5312
305.4	-69.4062
305.475	-69.4375
305.55	-69.5312
305.625	-69.5312
305.7	-69.4688
305.775	-69.5312
305.85	-69.4062
305.925	-69.4375
306	-69.5312
306.075	-69.4688
306.15	-69.4062
306.225	-69.5312
306.3	-69.375
306.375	-69.4375
306.45	-69.5312
306.525	-69.4375
306.6	-69.375
306.675	-69.5312
306.75	-69.4375
306.825	-69.4688
306.9	-69.5
306.975	-69.4688
307.05	-69.5625
307.125	-69.5
307.2	-69.4375
307.275	-69.6563
307.35	-69.5
307.425	-69.5625
307.5	-69.4688
307.575	-69.5312
307.65	-69.5312
307.725	-69.4062
307.8	-69.5
307.875	-69.5
307.95	-69.5
308.025	-69.5
308.1	-69.375
308.175	-69.6563
308.25	-69.5312
308.325	-69.5
308.4	-69.4688
308.475	-69.5
308.55	-69.625
308.625	-69.4688
308.7	-69.5312
308.775	-69.5312
308.85	-69.5
308.925	-69.4062
309	-69.2813
309.075	-69.5625
309.15	-69.4375
309.225	-69.375
309.3	-69.4375
309.375	-69.5312
309.45	-69.5
309.525	-69.4688
309.6	-69.4375
309.675	-69.5
309.75	-69.5312
309.825	-69.5
309.9	-69.4688
309.975	-69.5312
310.05	-69.4688
310.125	-69.4062
310.2	-69.5
310.275	-69.625
310.35	-69.5312
310.425	-69.4375
310.5	-69.375
310.575	-69.5625
310.65	-69.5
310.725	-69.375
310.8	-69.4062
310.875	-69.5937
310.95	-69.4688
311.025	-69.3438
311.1	-69.4062
311.175	-69.5312
311.25	-69.5312
311.325	-69.4688
311.4	-69.4688
311.475	-69.5
311.55	-69.5312
311.625	-69.4062
311.7	-69.4688
311.775	-69.5
311.85	-69.4688
311.925	-69.4062
312	-69.4062
312.075	-69.4375
312.15	-69.5
312.225	-69.5
312.3	-69.375
312.375	-69.5
312.45	-69.5
312.525	-69.4062
312.6	-69.4688
312.675	-69.5
312.75	-69.375
312.825	-69.5
312.9	-69.5
312.975	-69.4688
313.05	-69.4688
313.125	-69.5
313.2	-69.4375
313.275	-69.5312
313.35	-69.4688
313.425	-69.4688
313.5	-69.5
313.575	-69.6563
313.65	-69.4688
313.725	-69.5
313.8	-69.5312
313.875	-69.5
313.95	-69.4062
314.025	-69.5312
314.1	-69.5312
314.175	-69.4688
314.25	-69.5625
314.325	-69.5312
314.4	-69.4375
314.475	-69.5937
314.55	-69.5312
314.625	-69.4375
314.7	-69.5312
314.775	-69.5
314.85	-69.4062
314.925	-69.5625
