4200 2
0	-69.875
0.075	-69.7813
0.15	-69.7187
0.225	-69.9375
0.3	-69.875
0.375	-69.7187
0.45	-69.7813
0.525	-69.9062
0.6	-69.875
0.675	-69.7813
0.75	-69.8437
0.825	-69.8437
0.9	-69.6875
0.975	-69.7813
1.05	-69.875
1.125	-69.9375
1.2	-69.75
1.275	-69.7813
1.35	-69.9062
1.425	-69.9062
1.5	-69.7813
1.575	-69.6875
1.65	-69.875
1.725	-69.9375
1.8	-69.7813
1.875	-69.7187
1.95	-69.9688
2.025	-69.9062
2.1	-69.8125
2.175	-69.7187
2.25	-69.8437
2.325	-69.8437
2.4	-69.75
2.475	-69.7813
2.55	-69.9062
2.625	-69.875
2.7	-69.7813
2.775	-69.8125
2.85	-69.8437
2.925	-69.8437
3	-69.6875
3.075	-69.8437
3.15	-69.8437
3.225	-69.7187
3.3	-69.8437
3.375	-69.8437
3.45	-69.8437
3.525	-69.7813
3.6	-69.7813
3.675	-69.8437
3.75	-69.8125
3.825	-69.7813
3.9	-69.8125
3.975	-69.6875
4.05	-69.6875
4.125	-69.7813
4.2	-69.6563
4.275	-69.6563
4.35	-69.8437
4.425	-69.6875
4.5	-69.6563
4.575	-69.7187
4.65	-69.6563
4.725	-69.6563
4.8	-69.7187
4.875	-69.6875
4.95	-69.6563
5.025	-69.7813
5.1	-69.6875
5.175	-69.6563
5.25	-69.6875
5.325	-69.6563
5.4	-69.6563
5.475	-69.7187
5.55	-69.5625
5.625	-69.6875
5.7	-69.625
5.775	-69.5625
5.85	-69.6875
5.925	-69.6563
6	-69.7813
6.075	-69.7187
6.15	-69.5625
6.225	-69.75
6.3	-69.6875
6.375	-69.6563
6.45	-69.5937
6.525	-69.5625
6.6	-69.7187
6.675	-69.5937
6.75	-69.625
6.825	-69.6563
6.9	-69.6563
6.975	-69.7187
7.05	-69.5312
7.125	-69.6563
7.2	-69.6875
7.275	-69.5937
7.35	-69.7813
7.425	-69.5937
7.5	-69.7187
7.575	-69.6563
7.65	-69.5
7.725	-69.6563
7.8	-69.6875
7.875	-69.6875
7.95	-69.5625
8.025	-69.625
8.1	-69.7187
8.175	-69.5
8.25	-69.5937
8.325	-69.5625
8.4	-69.7187
8.475	-69.6563
8.55	-69.5312
8.625	-69.625
8.7	-69.75
8.775	-69.5937
8.85	-69.5
8.925	-69.625
9	-69.6875
9.075	-69.625
9.15	-69.5937
9.225	-69.5625
9.3	-69.7187
9.375	-69.625
9.45	-69.625
9.525	-69.6875
9.6	-69.625
9.675	-69.5625
9.75	-69.625
9.825	-69.6563
9.9	-69.6875
9.975	-69.6875
10.05	-69.6563
10.125	-69.625
10.2	-69.75
10.275	-69.7187
10.35	-69.5625
10.425	-69.625
10.5	-69.6563
10.575	-69.5937
10.65	-69.5312
10.725	-69.6563
10.8	-69.7187
10.875	-69.625
10.95	-69.5937
11.025	-69.6563
11.1	-69.7187
11.175	-69.6563
11.25	-69.5625
11.325	-69.5937
11.4	-69.6875
11.475	-69.5937
11.55	-69.625
11.625	-69.6875
11.7	-69.75
11.775	-69.5937
11.85	-69.5312
11.925	-69.6875
12	-69.6563
12.075	-69.625
12.15	-69.6875
12.225	-69.7187
12.3	-69.6563
12.375	-69.6875
12.45	-69.6875
12.525	-69.625
12.6	-69.7187
12.675	-69.625
12.75	-69.6563
12.825	-69.75
12.9	-69.6563
12.975	-69.5312
13.05	-69.7813
13.125	-69.625
13.2	-69.5937
13.275	-69.7187
13.35	-69.6563
13.425	-69.5937
13.5	-69.7187
13.575	-69.6563
13.65	-69.5937
13.725	-69.7187
13.8	-69.625
13.875	-69.5937
13.95	-69.7813
14.025	-69.625
14.1	-69.625
14.175	-69.7813
14.25	-69.5937
14.325	-69.625
14.4	-69.7187
14.475	-69.5937
14.55	-69.6563
14.625	-69.5625
14.7	-69.5625
14.775	-69.7187
14.85	-69.5625
14.925	-69.6563
15	-68.7812
15.075	-68
15.15	-67.375
15.225	-66.9687
15.3	-67.0312
15.375	-66.9063
15.45	-66.9375
15.525	-66.6875
15.6	-66.625
15.675	-66.7187
15.75	-66.4063
15.825	-66.375
15.9	-66.25
15.975	-66.25
16.05	-66
16.125	-66
16.2	-65.9375
16.275	-65.9375
16.35	-65.7813
16.425	-65.5625
16.5	-65.7813
16.575	-65.625
16.65	-65.5625
16.725	-65.4062
16.8	-65.3438
16.875	-65.4062
16.95	-65.25
17.025	-65.0937
17.1	-65.125
17.175	-65.0625
17.25	-65
17.325	-64.9375
17.4	-64.9687
17.475	-64.9375
17.55	-64.625
17.625	-64.625
17.7	-64.8125
17.775	-64.7188
17.85	-64.4687
17.925	-64.4063
18	-64.5625
18.075	-64.5625
18.15	-64.4063
18.225	-64.1875
18.3	-64.3438
18.375	-64.4063
18.45	-64.125
18.525	-64
18.6	-64.0625
18.675	-64.125
18.75	-64
18.825	-63.875
18.9	-64
18.975	-63.9375
19.05	-63.8125
19.125	-63.7188
19.2	-63.8125
19.275	-63.6875
19.35	-63.5625
19.425	-63.625
19.5	-63.5938
19.575	-63.4375
19.65	-63.4375
19.725	-63.4687
19.8	-63.4063
19.875	-63.3125
19.95	-63.3437
20.025	-63.2813
20.1	-63.1875
20.175	-63.1875
20.25	-63.1875
20.325	-63.1562
20.4	-63.0312
20.475	-63.0312
20.55	-62.9375
20.625	-62.875
20.7	-62.9063
20.775	-62.9375
20.85	-62.875
20.925	-62.75
21	-62.8437
21.075	-62.6875
21.15	-62.5938
21.225	-62.7187
21.3	-62.625
21.375	-62.5312
21.45	-62.5625
21.525	-62.5
21.6	-62.4062
21.675	-62.4687
21.75	-62.4062
21.825	-62.2813
21.9	-62.3438
21.975	-62.3438
22.05	-62.2188
22.125	-62.1875
22.2	-62.1875
22.275	-62.0937
22.35	-62.125
22.425	-62.125
22.5	-61.9375
22.575	-62.0313
22.65	-62
22.725	-61.875
22.8	-61.9688
22.875	-61.8437
22.95	-61.9375
23.025	-61.7812
23.1	-61.625
23.175	-61.7812
23.25	-61.6875
23.325	-61.5937
23.4	-61.5312
23.475	-61.5312
23.55	-61.6563
23.625	-61.4375
23.7	-61.375
23.775	-61.5625
23.85	-61.4375
23.925	-61.4375
24	-61.25
24.075	-61.3438
24.15	-61.375
24.225	-61.1875
24.3	-61.1875
24.375	-61.1563
24.45	-61.3438
24.525	-61.0938
24.6	-61.0625
24.675	-61.125
24.75	-61.125
24.825	-61
24.9	-60.875
24.975	-61.0938
25.05	-61
25.125	-60.8125
25.2	-60.875
25.275	-60.9375
25.35	-60.8438
25.425	-60.75
25.5	-60.7813
25.575	-60.7813
25.65	-60.7813
25.725	-60.5938
25.8	-60.5
25.875	-60.6875
25.95	-60.6875
26.025	-60.5
26.1	-60.4375
26.175	-60.4375
26.25	-60.5938
26.325	-60.4375
26.4	-60.4687
26.475	-60.4062
26.55	-60.3125
26.625	-60.2813
26.7	-60.4062
26.775	-60.3437
26.85	-60.2813
26.925	-60.2188
27	-60.25
27.075	-60.3125
27.15	-60.125
27.225	-60.0625
27.3	-60.125
27.375	-60.1562
27.45	-60.0313
27.525	-60.0313
27.6	-60.0313
27.675	-59.9688
27.75	-59.875
27.825	-59.875
27.9	-59.9063
27.975	-59.875
28.05	-59.7812
28.125	-59.875
28.2	-59.7812
28.275	-59.7188
28.35	-59.8125
28.425	-59.6875
28.5	-59.6875
28.575	-59.625
28.65	-59.7188
28.725	-59.5625
28.8	-59.5625
28.875	-59.625
28.95	-59.5
29.025	-59.4687
29.1	-59.5
29.175	-59.4687
29.25	-59.4687
29.325	-59.4687
29.4	-59.375
29.475	-59.375
29.55	-59.3438
29.625	-59.3438
29.7	-59.25
29.775	-59.3438
29.85	-59.2812
29.925	-59.1875
30	-59.25
30.075	-59.2187
30.15	-59.125
30.225	-59.25
30.3	-59.1875
30.375	-59.0625
30.45	-59.125
30.525	-59.0313
30.6	-59.0313
30.675	-59.0313
30.75	-58.9687
30.825	-59
30.9	-59.0313
30.975	-58.8438
31.05	-59
31.125	-58.9687
31.2	-58.75
31.275	-58.8438
31.35	-58.875
31.425	-58.8438
31.5	-58.875
31.575	-58.6875
31.65	-58.8438
31.725	-58.8125
31.8	-58.625
31.875	-58.625
31.95	-58.6875
32.025	-58.75
32.1	-58.625
32.175	-58.5938
32.25	-58.5938
32.325	-58.6562
32.4	-58.5625
32.475	-58.4062
32.55	-58.5938
32.625	-58.5
32.7	-58.4688
32.775	-58.4688
32.85	-58.4375
32.925	-58.4688
33	-58.2188
33.075	-58.3125
33.15	-58.4688
33.225	-58.3125
33.3	-58.2188
33.375	-58.2188
33.45	-58.2188
33.525	-58.25
33.6	-58.1875
33.675	-58.125
33.75	-58.2188
33.825	-58.125
33.9	-58.125
33.975	-58.1562
34.05	-58.1562
34.125	-58.0937
34.2	-57.9375
34.275	-58
34.35	-58.1562
34.425	-58.0625
34.5	-57.9375
34.575	-57.875
34.65	-58
34.725	-57.9375
34.8	-57.8437
34.875	-57.8125
34.95	-57.9375
35.025	-57.9063
35.1	-57.6875
35.175	-57.7188
35.25	-57.875
35.325	-57.7188
35.4	-57.5625
35.475	-57.7188
35.55	-57.8125
35.625	-57.7188
35.7	-57.625
35.775	-57.6875
35.85	-57.7188
35.925	-57.625
36	-57.5312
36.075	-57.6563
36.15	-57.6875
36.225	-57.5938
36.3	-57.4375
36.375	-57.5938
36.45	-57.5938
36.525	-57.5
36.6	-57.375
36.675	-57.5
36.75	-57.4687
36.825	-57.375
36.9	-57.4063
36.975	-57.4375
37.05	-57.3125
37.125	-57.3125
37.2	-57.375
37.275	-57.3438
37.35	-57.25
37.425	-57.3125
37.5	-57.2187
37.575	-57.2187
37.65	-57.2187
37.725	-57.25
37.8	-57.1562
37.875	-57.2187
37.95	-57.125
38.025	-57.0625
38.1	-57.2187
38.175	-57.2187
38.25	-57.0313
38.325	-57.125
38.4	-57.125
38.475	-57.0313
38.55	-57.125
38.625	-57.0625
38.7	-57
38.775	-57.0625
38.85	-57
38.925	-56.9375
39	-57.0938
39.075	-56.9062
39.15	-57
39.225	-56.9687
39.3	-56.8438
39.375	-56.9375
39.45	-56.7813
39.525	-56.8125
39.6	-56.9375
39.675	-56.7813
39.75	-56.7813
39.825	-56.8438
39.9	-56.8125
39.975	-56.75
40.05	-56.7188
40.125	-56.7813
40.2	-56.8125
40.275	-56.6562
40.35	-56.7188
40.425	-56.7813
40.5	-56.6875
40.575	-56.6875
40.65	-56.5625
40.725	-56.6562
40.8	-56.625
40.875	-56.5313
40.95	-56.5313
41.025	-56.5313
41.1	-56.625
41.175	-56.4688
41.25	-56.5
41.325	-56.5937
41.4	-56.4688
41.475	-56.4375
41.55	-56.375
41.625	-56.4688
41.7	-56.4688
41.775	-56.3437
41.85	-56.4375
41.925	-56.5313
42	-56.4062
42.075	-56.25
42.15	-56.375
42.225	-56.5313
42.3	-56.4062
42.375	-56.25
42.45	-56.1875
42.525	-56.3125
42.6	-56.3125
42.675	-56.2188
42.75	-56.2188
42.825	-56.25
42.9	-56.25
42.975	-56.1875
43.05	-56.2188
43.125	-56.1875
43.2	-56.1875
43.275	-56.0937
43.35	-56.0937
43.425	-56.0625
43.5	-56.0312
43.575	-56.0625
43.65	-56.0312
43.725	-56.0625
43.8	-56.0625
43.875	-56.0937
43.95	-56.0625
44.025	-56.0312
44.1	-56.0625
44.175	-55.9688
44.25	-55.9375
44.325	-56.0312
44.4	-56
44.475	-55.9063
44.55	-55.875
44.625	-56.0312
44.7	-55.9375
44.775	-55.8437
44.85	-55.9063
44.925	-56.0312
45	-55.9063
45.075	-55.6875
45.15	-55.875
45.225	-55.8125
45.3	-55.7187
45.375	-55.8125
45.45	-55.875
45.525	-55.75
45.6	-55.7812
45.675	-55.7812
45.75	-55.7187
45.825	-55.75
45.9	-55.7812
45.975	-55.6875
46.05	-55.6875
46.125	-55.7187
46.2	-55.5625
46.275	-55.625
46.35	-55.6875
46.425	-55.5938
46.5	-55.5938
46.575	-55.625
46.65	-55.5938
46.725	-55.5625
46.8	-55.5938
46.875	-55.5625
46.95	-55.5312
47.025	-55.5625
47.1	-55.4375
47.175	-55.5312
47.25	-55.5312
47.325	-55.3125
47.4	-55.5312
47.475	-55.5312
47.55	-55.4063
47.625	-55.4375
47.7	-55.4687
47.775	-55.3125
47.85	-55.4375
47.925	-55.3438
48	-55.3125
48.075	-55.4063
48.15	-55.25
48.225	-55.3125
48.3	-55.4063
48.375	-55.25
48.45	-55.2813
48.525	-55.2187
48.6	-55.375
48.675	-55.25
48.75	-55.0625
48.825	-55.2187
48.9	-55.1875
48.975	-55.25
49.05	-55.1562
49.125	-55.1562
49.2	-55.2813
49.275	-55.0938
49.35	-55.1562
49.425	-55.0625
49.5	-55.125
49.575	-55.125
49.65	-55.0313
49.725	-55.125
49.8	-55.0625
49.875	-55.1562
49.95	-55.0313
50.025	-54.9687
50.1	-55.125
50.175	-55.0625
50.25	-54.875
50.325	-54.9375
50.4	-55.0625
50.475	-55.0625
50.55	-54.9062
50.625	-54.9687
50.7	-55.0313
50.775	-54.9687
50.85	-54.9375
50.925	-54.9375
51	-54.9687
51.075	-54.9062
51.15	-54.8125
51.225	-54.9687
51.3	-55
51.375	-54.8125
51.45	-54.7813
51.525	-54.9062
51.6	-54.9687
51.675	-54.75
51.75	-54.6875
51.825	-54.8437
51.9	-55
51.975	-54.75
52.05	-54.6875
52.125	-54.8437
52.2	-54.9062
52.275	-54.7188
52.35	-54.6562
52.425	-54.7813
52.5	-54.7813
52.575	-54.6562
52.65	-54.5937
52.725	-54.6875
52.8	-54.8125
52.875	-54.6562
52.95	-54.625
53.025	-54.7813
53.1	-54.625
53.175	-54.5625
53.25	-54.625
53.325	-54.6875
53.4	-54.5937
53.475	-54.5937
53.55	-54.6562
53.625	-54.5
53.7	-54.4688
53.775	-54.5625
53.85	-54.5
53.925	-54.5
54	-54.5937
54.075	-54.4688
54.15	-54.375
54.225	-54.4375
54.3	-54.4688
54.375	-54.3437
54.45	-54.4688
54.525	-54.4063
54.6	-54.375
54.675	-54.4375
54.75	-54.4063
54.825	-54.3125
54.9	-54.375
54.975	-54.4688
55.05	-54.3125
55.125	-54.4063
55.2	-54.4063
55.275	-54.25
55.35	-54.2812
55.425	-54.3125
55.5	-54.2188
55.575	-54.3437
55.65	-54.2812
55.725	-54.25
55.8	-54.3125
55.875	-54.3125
55.95	-54.2188
56.025	-54.3125
56.1	-54.2188
56.175	-54.3125
56.25	-54.2812
56.325	-54.125
56.4	-54.25
56.475	-54.2188
56.55	-54.25
56.625	-54.2188
56.7	-54.0625
56.775	-54.25
56.85	-54.1875
56.925	-54.125
57	-54.125
57.075	-54.1875
57.15	-54.2188
57.225	-53.9687
57.3	-54.1563
57.375	-54.0937
57.45	-54.0625
57.525	-54.0625
57.6	-53.9687
57.675	-54.1563
57.75	-54.0625
57.825	-54.0625
57.9	-54.0625
57.975	-54.1563
58.05	-54.0937
58.125	-53.9063
58.2	-54.0937
58.275	-54.0625
58.35	-53.9687
58.425	-54.0312
58.5	-54.0312
58.575	-54.0625
58.65	-54.0312
58.725	-54
58.8	-54.0312
58.875	-54.0312
58.95	-53.9063
59.025	-53.875
59.1	-53.9687
59.175	-54.0625
59.25	-53.9375
59.325	-53.7812
59.4	-53.875
59.475	-54
59.55	-53.9687
59.625	-53.875
59.7	-53.9063
59.775	-53.9375
59.85	-54
59.925	-53.875
60	-53.8438
60.075	-53.9375
60.15	-53.875
60.225	-53.8438
60.3	-53.8438
60.375	-53.9687
60.45	-53.7812
60.525	-53.6875
60.6	-53.9063
60.675	-53.9375
60.75	-53.8125
60.825	-53.7187
60.9	-53.8438
60.975	-53.8438
61.05	-53.75
61.125	-53.7187
61.2	-53.8125
61.275	-53.875
61.35	-53.6875
61.425	-53.7187
61.5	-53.8125
61.575	-53.7812
61.65	-53.625
61.725	-53.75
61.8	-53.75
61.875	-53.7187
61.95	-53.7187
62.025	-53.75
62.1	-53.75
62.175	-53.75
62.25	-53.7812
62.325	-53.6875
62.4	-53.7812
62.475	-53.7187
62.55	-53.7187
62.625	-53.5938
62.7	-53.7812
62.775	-53.7812
62.85	-53.625
62.925	-53.75
63	-53.6875
63.075	-53.5625
63.15	-53.7187
63.225	-53.6563
63.3	-53.5938
63.375	-53.6875
63.45	-53.625
63.525	-53.5938
63.6	-53.5938
63.675	-53.5938
63.75	-53.4687
63.825	-53.625
63.9	-53.6563
63.975	-53.5
64.05	-53.6875
64.125	-53.5938
64.2	-53.5
64.275	-53.625
64.35	-53.5625
64.425	-53.5938
64.5	-53.4687
64.575	-53.5
64.65	-53.625
64.725	-53.5313
64.8	-53.5313
64.875	-53.5625
64.95	-53.5
65.025	-53.5313
65.1	-53.375
65.175	-53.4687
65.25	-53.5
65.325	-53.375
65.4	-53.4062
65.475	-53.4062
65.55	-53.5625
65.625	-53.4375
65.7	-53.3125
65.775	-53.4062
65.85	-53.4375
65.925	-53.4375
66	-53.2813
66.075	-53.4375
66.15	-53.4375
66.225	-53.375
66.3	-53.3438
66.375	-53.375
66.45	-53.4687
66.525	-53.25
66.6	-53.375
66.675	-53.4062
66.75	-53.375
66.825	-53.3438
66.9	-53.25
66.975	-53.3438
67.05	-53.3125
67.125	-53.3438
67.2	-53.2813
67.275	-53.3438
67.35	-53.3438
67.425	-53.25
67.5	-53.25
67.575	-53.3438
67.65	-53.4062
67.725	-53.3125
67.8	-53.2187
67.875	-53.3125
67.95	-53.3125
68.025	-53.375
68.1	-53.2813
68.175	-53.2187
68.25	-53.2187
68.325	-53.2187
68.4	-53.1875
68.475	-53.25
68.55	-53.25
68.625	-53.1875
68.7	-53.2813
68.775	-53.25
68.85	-53.2187
68.925	-53.1875
69	-53.1875
69.075	-53.1875
69.15	-53.25
69.225	-53.2187
69.3	-53.125
69.375	-53.1562
69.45	-53.25
69.525	-53.125
69.6	-53.0625
69.675	-53.125
69.75	-53.1562
69.825	-53.0313
69.9	-53.1562
69.975	-53.1875
70.05	-53.125
70.125	-53
70.2	-53.1562
70.275	-53.0938
70.35	-53.0313
70.425	-53.0938
70.5	-53.125
70.575	-53.0625
70.65	-53
70.725	-53.0938
70.8	-53.125
70.875	-53.0938
70.95	-53.0938
71.025	-53.125
71.1	-53
71.175	-53.0938
71.25	-53.0625
71.325	-53.0313
71.4	-53.0625
71.475	-53.0625
71.55	-53
71.625	-53.0313
71.7	-53
71.775	-53.0313
71.85	-53.1562
71.925	-53.0625
72	-52.9688
72.075	-53.0625
72.15	-53.0625
72.225	-53.0313
72.3	-53.0938
72.375	-53
72.45	-53
72.525	-53.125
72.6	-52.9688
72.675	-53.0313
72.75	-53.0625
72.825	-53
72.9	-53.0938
72.975	-52.9688
73.05	-52.9688
73.125	-53.0938
73.2	-52.9688
73.275	-53
73.35	-53
73.425	-53
73.5	-52.9688
73.575	-52.8125
73.65	-53
73.725	-53
73.8	-52.7813
73.875	-52.9062
73.95	-52.9062
74.025	-53
74.1	-52.9062
74.175	-52.8437
74.25	-52.9375
74.325	-52.9062
74.4	-52.9375
74.475	-52.7813
74.55	-52.9375
74.625	-52.9688
74.7	-52.8437
74.775	-52.8437
74.85	-52.7813
74.925	-52.9062
75	-52.8125
75.075	-52.6562
75.15	-52.875
75.225	-52.9688
75.3	-52.7188
75.375	-52.7188
75.45	-52.9062
75.525	-52.9375
75.6	-52.875
75.675	-52.75
75.75	-52.875
75.825	-52.8125
75.9	-52.8125
75.975	-52.8437
76.05	-52.8125
76.125	-52.7188
76.2	-52.7188
76.275	-52.7813
76.35	-52.8125
76.425	-52.7813
76.5	-52.6875
76.575	-52.8437
76.65	-52.875
76.725	-52.7813
76.8	-52.625
76.875	-52.6875
76.95	-52.75
77.025	-52.6875
77.1	-52.6875
77.175	-52.75
77.25	-52.7188
77.325	-52.6562
77.4	-52.75
77.475	-52.6875
77.55	-52.7188
77.625	-52.75
77.7	-52.6875
77.775	-52.6562
77.85	-52.6875
77.925	-52.7813
78	-52.7188
78.075	-52.6562
78.15	-52.7813
78.225	-52.7188
78.3	-52.5625
78.375	-52.5
78.45	-52.6875
78.525	-52.625
78.6	-52.5625
78.675	-52.625
78.75	-52.6562
78.825	-52.5312
78.9	-52.5937
78.975	-52.6562
79.05	-52.625
79.125	-52.5312
79.2	-52.625
79.275	-52.625
79.35	-52.5
79.425	-52.6875
79.5	-52.5625
79.575	-52.5625
79.65	-52.6562
79.725	-52.5312
79.8	-52.5625
79.875	-52.5
79.95	-52.5625
80.025	-52.5625
80.1	-52.5937
80.175	-52.5625
80.25	-52.5625
80.325	-52.5
80.4	-52.4688
80.475	-52.625
80.55	-52.5
80.625	-52.5
80.7	-52.5937
80.775	-52.4375
80.85	-52.5
80.925	-52.5937
81	-52.4688
81.075	-52.5
81.15	-52.4063
81.225	-52.5312
81.3	-52.625
81.375	-52.4688
81.45	-52.5
81.525	-52.5
81.6	-52.4688
81.675	-52.4688
81.75	-52.4063
81.825	-52.4375
81.9	-52.5937
81.975	-52.5
82.05	-52.5
82.125	-52.5
82.2	-52.5
82.275	-52.5
82.35	-52.4063
82.425	-52.625
82.5	-52.5
82.575	-52.4688
82.65	-52.3437
82.725	-52.5
82.8	-52.5312
82.875	-52.3437
82.95	-52.375
83.025	-52.4688
83.1	-52.5937
83.175	-52.4375
83.25	-52.3125
83.325	-52.5312
83.4	-52.4688
83.475	-52.4063
83.55	-52.4688
83.625	-52.5312
83.7	-52.5625
83.775	-52.375
83.85	-52.375
83.925	-52.5
84	-52.5
84.075	-52.4063
84.15	-52.375
84.225	-52.4688
84.3	-52.5
84.375	-52.4375
84.45	-52.4688
84.525	-52.4688
84.6	-52.5
84.675	-52.4375
84.75	-52.4375
84.825	-52.5
84.9	-52.4375
84.975	-52.4375
85.05	-52.4375
85.125	-52.4375
85.2	-52.5
85.275	-52.375
85.35	-52.4375
85.425	-52.4063
85.5	-52.4688
85.575	-52.3125
85.65	-52.4063
85.725	-52.5
85.8	-52.5
85.875	-52.3125
85.95	-52.3437
86.025	-52.5
86.1	-52.375
86.175	-52.25
86.25	-52.375
86.325	-52.4688
86.4	-52.375
86.475	-52.2812
86.55	-52.4688
86.625	-52.4688
86.7	-52.3125
86.775	-52.3125
86.85	-52.4688
86.925	-52.3437
87	-52.25
87.075	-52.3125
87.15	-52.4688
87.225	-52.3437
87.3	-52.2188
87.375	-52.3125
87.45	-52.375
87.525	-52.3437
87.6	-52.375
87.675	-52.4688
87.75	-52.3437
87.825	-52.3125
87.9	-52.375
87.975	-52.3125
88.05	-52.4063
88.125	-52.4063
88.2	-52.2812
88.275	-52.4063
88.35	-52.3437
88.425	-52.2812
88.5	-52.375
88.575	-52.4688
88.65	-52.3125
88.725	-52.3125
88.8	-52.4063
88.875	-52.25
88.95	-52.2812
89.025	-52.2812
89.1	-52.25
89.175	-52.375
89.25	-52.25
89.325	-52.2812
89.4	-52.375
89.475	-52.25
89.55	-52.3125
89.625	-52.2812
89.7	-52.3437
89.775	-52.375
89.85	-52.2188
89.925	-52.3125
90	-52.3437
90.075	-52.375
90.15	-52.2812
90.225	-52.125
90.3	-52.375
90.375	-52.3125
90.45	-52.25
90.525	-52.2812
90.6	-52.3125
90.675	-52.4063
90.75	-52.1563
90.825	-52.2812
90.9	-52.25
90.975	-52.3437
91.05	-52.25
91.125	-52.1563
91.2	-52.4063
91.275	-52.2188
91.35	-52.125
91.425	-52.1875
91.5	-52.25
91.575	-52.2812
91.65	-52.0938
91.725	-52.1875
91.8	-52.3437
91.875	-52.2188
91.95	-52.0312
92.025	-52.2188
92.1	-52.3125
92.175	-52.2188
92.25	-52.0312
92.325	-52.125
92.4	-52.25
92.475	-52.2188
92.55	-52.1563
92.625	-52.125
92.7	-52.1563
92.775	-52.125
92.85	-52.125
92.925	-52.125
93	-52.2188
93.075	-52.125
93.15	-52.125
93.225	-52.2188
93.3	-52.1875
93.375	-52.125
93.45	-52.0938
93.525	-52.125
93.6	-52.125
93.675	-52.125
93.75	-52.0938
93.825	-52.125
93.9	-52.2188
93.975	-52.1563
94.05	-52
94.125	-52.0938
94.2	-52.125
94.275	-52.1563
94.35	-52
94.425	-52.0938
94.5	-52.2188
94.575	-52.125
94.65	-52
94.725	-52.0625
94.8	-52.1563
94.875	-52.0938
94.95	-52
95.025	-52.0938
95.1	-52.0625
95.175	-52.0625
95.25	-52
95.325	-52.0938
95.4	-52
95.475	-52
95.55	-52
95.625	-52.0312
95.7	-52.0625
95.775	-52
95.85	-52
95.925	-52
96	-52.0938
96.075	-51.9687
96.15	-52
96.225	-52.0625
96.3	-51.9375
96.375	-52
96.45	-52.0625
96.525	-51.875
96.6	-52.0625
96.675	-52.0938
96.75	-51.9375
96.825	-52.0938
96.9	-51.9687
96.975	-51.9687
97.05	-52.0625
97.125	-51.9687
97.2	-51.9687
97.275	-52.0938
97.35	-51.9375
97.425	-51.9375
97.5	-51.9687
97.575	-52
97.65	-52
97.725	-52.0938
97.8	-51.9687
97.875	-52.0625
97.95	-52.0625
98.025	-51.9375
98.1	-52
98.175	-52
98.25	-51.9375
98.325	-51.9375
98.4	-51.9063
98.475	-52.0625
98.55	-51.9375
98.625	-51.9375
98.7	-51.875
98.775	-52.0625
98.85	-52
98.925	-51.875
99	-51.9063
99.075	-51.9687
99.15	-52.0625
99.225	-51.9063
99.3	-51.9687
99.375	-51.9687
99.45	-51.9063
99.525	-51.9063
99.6	-51.875
99.675	-52.0625
99.75	-52.0625
99.825	-51.9063
99.9	-51.9375
99.975	-51.9687
100.05	-51.9375
100.125	-51.9063
100.2	-51.875
100.275	-51.9375
100.35	-51.9687
100.425	-51.9375
100.5	-52
100.575	-51.9687
100.65	-51.9063
100.725	-51.875
100.8	-52
100.875	-52.0625
100.95	-51.9687
101.025	-51.8125
101.1	-51.9375
101.175	-52.0938
101.25	-51.9375
101.325	-51.8438
101.4	-51.875
101.475	-51.9687
101.55	-51.9687
101.625	-51.875
101.7	-51.9375
101.775	-52
101.85	-52.0312
101.925	-51.9063
102	-51.9375
102.075	-51.9687
102.15	-51.9687
102.225	-51.875
102.3	-51.9687
102.375	-51.9375
102.45	-51.9687
102.525	-51.9063
102.6	-51.8438
102.675	-51.9375
102.75	-52
102.825	-51.9375
102.9	-51.875
102.975	-52
103.05	-51.9375
103.125	-51.8438
103.2	-51.9375
103.275	-51.9375
103.35	-51.9063
103.425	-51.8438
103.5	-51.9375
103.575	-51.8438
103.65	-51.7187
103.725	-51.9375
103.8	-51.9687
103.875	-51.8438
103.95	-51.8125
104.025	-51.875
104.1	-51.875
104.175	-51.8125
104.25	-51.9063
104.325	-51.875
104.4	-51.7812
104.475	-51.875
104.55	-51.9063
104.625	-51.8125
104.7	-51.9063
104.775	-51.9063
104.85	-51.7812
104.925	-51.875
105	-51.8438
105.075	-51.7812
105.15	-51.875
105.225	-51.875
105.3	-51.7812
105.375	-51.8438
105.45	-51.8125
105.525	-51.8438
105.6	-51.875
105.675	-51.875
105.75	-51.7812
105.825	-51.875
105.9	-51.8125
105.975	-51.7812
106.05	-51.875
106.125	-51.7187
106.2	-51.75
106.275	-51.7812
106.35	-51.7812
106.425	-51.9063
106.5	-51.7187
106.575	-51.8125
106.65	-51.875
106.725	-51.7812
106.8	-51.8125
106.875	-51.8438
106.95	-51.9375
107.025	-51.9687
107.1	-51.7812
107.175	-51.875
107.25	-51.875
107.325	-51.8125
107.4	-51.7812
107.475	-51.7187
107.55	-51.9375
107.625	-51.7187
107.7	-51.7812
107.775	-51.7812
107.85	-51.8125
107.925	-51.9063
108	-51.6562
108.075	-51.7812
108.15	-51.8438
108.225	-51.7187
108.3	-51.75
108.375	-51.7812
108.45	-51.8438
108.525	-51.8438
108.6	-51.7812
108.675	-51.7812
108.75	-51.8125
108.825	-51.8125
108.9	-51.75
108.975	-51.8438
109.05	-51.875
109.125	-51.7187
109.2	-51.7812
109.275	-51.875
109.35	-51.9063
109.425	-51.7812
109.5	-51.6562
109.575	-51.7812
109.65	-51.9687
109.725	-51.8438
109.8	-51.7187
109.875	-51.7187
109.95	-51.9063
110.025	-51.8438
110.1	-51.7187
110.175	-51.7187
110.25	-51.7812
110.325	-51.7812
110.4	-51.7812
110.475	-51.7812
110.55	-51.7812
110.625	-51.7812
110.7	-51.7812
110.775	-51.8125
110.85	-51.7812
110.925	-51.8438
111	-51.75
111.075	-51.75
111.15	-51.8125
111.225	-51.7812
111.3	-51.7187
111.375	-51.8125
111.45	-51.7812
111.525	-51.7187
111.6	-51.7187
111.675	-51.875
111.75	-51.7812
111.825	-51.6875
111.9	-51.8438
111.975	-51.7812
112.05	-51.6562
112.125	-51.6875
112.2	-51.7812
112.275	-51.6875
112.35	-51.6562
112.425	-51.7187
112.5	-51.5625
112.575	-51.5938
112.65	-51.5938
112.725	-51.4375
112.8	-51.5
112.875	-51.5
112.95	-51.375
113.025	-51.4062
113.1	-51.4062
113.175	-51.3125
113.25	-51.4062
113.325	-51.375
113.4	-51.2813
113.475	-51.3125
113.55	-51.3438
113.625	-51.1875
113.7	-51.25
113.775	-51.125
113.85	-51.1562
113.925	-51.2813
114	-51.125
114.075	-51.2188
114.15	-51.2188
114.225	-51.0625
114.3	-51.1875
114.375	-51.125
114.45	-51.0937
114.525	-51.1875
114.6	-51.0937
114.675	-51.1562
114.75	-51.1875
114.825	-51.125
114.9	-51.125
114.975	-51.0313
115.05	-51.0937
115.125	-51.125
115.2	-51
115.275	-51.0625
115.35	-51
115.425	-51.1875
115.5	-51.0937
115.575	-51
115.65	-51.125
115.725	-51.0937
115.8	-51.0937
115.875	-50.875
115.95	-51.0937
116.025	-51.0625
116.1	-51.0625
116.175	-51.0625
116.25	-51
116.325	-51.1562
116.4	-51.0313
116.475	-51.0625
116.55	-51.0625
116.625	-51.0937
116.7	-51
116.775	-50.9688
116.85	-51.0313
116.925	-51.125
117	-50.9688
117.075	-50.9062
117.15	-50.9375
117.225	-51
117.3	-51.0313
117.375	-50.9688
117.45	-51
117.525	-51.0625
117.6	-50.9062
117.675	-50.9062
117.75	-51.0625
117.825	-51.125
117.9	-50.9688
117.975	-50.875
118.05	-51
118.125	-51.125
118.2	-51
118.275	-50.875
118.35	-51.0625
118.425	-51.125
118.5	-50.9688
118.575	-50.9062
118.65	-51.125
118.725	-51.0625
118.8	-50.9375
118.875	-50.9062
118.95	-51.125
119.025	-50.9688
119.1	-50.9062
119.175	-51
119.25	-51.125
119.325	-51.0313
119.4	-50.9375
119.475	-51.0313
119.55	-51.0313
119.625	-50.9375
119.7	-50.875
119.775	-51.0313
119.85	-51
119.925	-50.9688
120	-50.9688
120.075	-51.0313
120.15	-50.9688
120.225	-50.9375
120.3	-51.0313
120.375	-51
120.45	-50.9688
120.525	-50.9375
120.6	-51
120.675	-50.9375
120.75	-50.9688
120.825	-51.0313
120.9	-51
120.975	-50.9375
121.05	-51.0313
121.125	-50.9375
121.2	-50.9062
121.275	-50.9688
121.35	-50.9375
121.425	-50.9375
121.5	-51
121.575	-50.9375
121.65	-50.9062
121.725	-51.0313
121.8	-50.9375
121.875	-50.9062
121.95	-50.9375
122.025	-50.875
122.1	-51.0313
122.175	-50.9688
122.25	-50.8125
122.325	-51
122.4	-50.9688
122.475	-50.9375
122.55	-50.9688
122.625	-50.9688
122.7	-50.9688
122.775	-51
122.85	-50.9375
122.925	-51.0313
123	-51.0313
123.075	-50.9062
123.15	-50.9375
123.225	-50.9062
123.3	-50.9375
123.375	-51.0313
123.45	-50.8437
123.525	-50.9688
123.6	-51.0313
123.675	-50.875
123.75	-50.9062
123.825	-50.875
123.9	-51.0313
123.975	-50.9375
124.05	-50.7813
124.125	-50.9688
124.2	-51
124.275	-50.9062
124.35	-50.9375
124.425	-50.875
124.5	-51.0625
124.575	-50.9062
124.65	-50.9688
124.725	-51
124.8	-51.0937
124.875	-50.9375
124.95	-50.8125
125.025	-51.0313
125.1	-50.9688
125.175	-50.9062
125.25	-51
125.325	-51
125.4	-50.9375
125.475	-50.875
125.55	-50.9062
125.625	-50.9688
125.7	-50.9375
125.775	-50.7813
125.85	-50.8437
125.925	-51
126	-50.9688
126.075	-50.8437
126.15	-50.75
126.225	-50.8125
126.3	-50.9062
126.375	-50.8437
126.45	-50.8125
126.525	-50.7813
126.6	-50.8437
126.675	-50.8437
126.75	-50.8125
126.825	-50.8125
126.9	-50.7813
126.975	-50.7813
127.05	-50.7813
127.125	-50.7813
127.2	-50.7188
127.275	-50.7813
127.35	-50.7813
127.425	-50.8437
127.5	-50.7813
127.575	-50.8125
127.65	-50.9062
127.725	-50.7813
127.8	-50.7813
127.875	-50.7813
127.95	-50.875
128.025	-50.8437
128.1	-50.8437
128.175	-50.875
128.25	-50.8125
128.325	-50.75
128.4	-50.875
128.475	-50.8125
128.55	-50.7813
128.625	-50.875
128.7	-50.7813
128.775	-50.75
128.85	-50.9062
128.925	-50.8125
129	-50.7188
129.075	-50.8437
129.15	-50.7813
129.225	-50.7188
129.3	-50.7813
129.375	-50.8125
129.45	-50.75
129.525	-50.8437
129.6	-50.875
129.675	-50.7188
129.75	-50.875
129.825	-50.8437
129.9	-50.75
129.975	-50.9062
130.05	-50.875
130.125	-50.8125
130.2	-50.9062
130.275	-50.875
130.35	-50.75
130.425	-50.8437
130.5	-50.8125
130.575	-50.75
130.65	-50.8125
130.725	-50.7188
130.8	-50.875
130.875	-50.8437
130.95	-50.7813
131.025	-50.8437
131.1	-50.7188
131.175	-50.8125
131.25	-50.9062
131.325	-50.8437
131.4	-50.9062
131.475	-50.875
131.55	-50.6875
131.625	-50.8437
131.7	-50.875
131.775	-50.9062
131.85	-50.875
131.925	-50.75
132	-50.9688
132.075	-50.875
132.15	-50.7813
132.225	-50.75
132.3	-50.875
132.375	-50.9688
132.45	-50.7813
132.525	-50.875
132.6	-50.9375
132.675	-50.9062
132.75	-50.8125
132.825	-50.7188
132.9	-50.8125
132.975	-50.8125
133.05	-50.7813
133.125	-50.6875
133.2	-50.875
133.275	-50.9688
133.35	-50.6563
133.425	-50.8125
133.5	-50.9375
133.575	-50.9062
133.65	-50.8437
133.725	-50.875
133.8	-51.0313
133.875	-51
133.95	-50.8125
134.025	-50.75
134.1	-50.9688
134.175	-50.9688
134.25	-50.8437
134.325	-50.8125
134.4	-50.9062
134.475	-50.8125
134.55	-50.9062
134.625	-50.9062
134.7	-51.0313
134.775	-50.8437
134.85	-50.8125
134.925	-50.9062
135	-50.9375
135.075	-50.875
135.15	-50.6875
135.225	-50.875
135.3	-50.9688
135.375	-50.9062
135.45	-50.8125
135.525	-50.9375
135.6	-51
135.675	-50.9062
135.75	-50.8437
135.825	-51.0313
135.9	-50.9688
135.975	-50.9062
136.05	-50.9375
136.125	-50.9375
136.2	-50.9375
136.275	-50.9375
136.35	-50.9375
136.425	-50.9062
136.5	-50.875
136.575	-50.9375
136.65	-50.9062
136.725	-50.8437
136.8	-50.9375
136.875	-50.9062
136.95	-50.9062
137.025	-50.9375
137.1	-51.0313
137.175	-50.9688
137.25	-50.875
137.325	-51.0313
137.4	-50.9375
137.475	-50.875
137.55	-50.9688
137.625	-51
137.7	-50.875
137.775	-50.9062
137.85	-51.0313
137.925	-50.9062
138	-50.9688
138.075	-51.0625
138.15	-51
138.225	-50.9375
138.3	-51.0625
138.375	-51
138.45	-50.9688
138.525	-50.9688
138.6	-51
138.675	-51.0313
138.75	-51.0937
138.825	-50.9688
138.9	-51
138.975	-51
139.05	-50.9062
139.125	-50.9688
139.2	-50.9375
139.275	-51
139.35	-51.1562
139.425	-51.0313
139.5	-51.0625
139.575	-51.125
139.65	-51
139.725	-51.0937
139.8	-51.0313
139.875	-51.0625
139.95	-51.1875
140.025	-51
140.1	-51.0313
140.175	-51.125
140.25	-51.0937
140.325	-51.0313
140.4	-51.0313
140.475	-51.1562
140.55	-51.125
140.625	-50.9375
140.7	-51.0937
140.775	-51.0313
140.85	-51.1562
140.925	-51.0625
141	-51.0313
141.075	-51.1562
141.15	-51.0313
141.225	-51.0625
141.3	-51
141.375	-51.125
141.45	-51.0937
141.525	-50.9375
141.6	-51.1875
141.675	-51.1562
141.75	-51.125
141.825	-51.0937
141.9	-51.0625
141.975	-51.0937
142.05	-51.2188
142.125	-51.0937
142.2	-51.0937
142.275	-51.1562
142.35	-51.125
142.425	-51.1562
142.5	-51.1875
142.575	-51.2188
142.65	-51.2188
142.725	-51.0313
142.8	-51.0625
142.875	-51.25
142.95	-51.2188
143.025	-51.0625
143.1	-51.0625
143.175	-51.2188
143.25	-51.25
143.325	-51.0313
143.4	-51.0937
143.475	-51.2188
143.55	-51.1562
143.625	-51.0625
143.7	-51.0937
143.775	-51.125
143.85	-51.1562
143.925	-51.0313
144	-51.0625
144.075	-51.1875
144.15	-51.0937
144.225	-50.9688
144.3	-51.0937
144.375	-51.2188
144.45	-51.0937
144.525	-51.0313
144.6	-51.125
144.675	-51.25
144.75	-51.0937
144.825	-51.0313
144.9	-51.125
144.975	-51.125
145.05	-51.0313
145.125	-51.0937
145.2	-51.1875
145.275	-51.1562
145.35	-51.0937
145.425	-51.2188
145.5	-51.1875
145.575	-51.0937
145.65	-51.1562
145.725	-51.0937
145.8	-51.0625
145.875	-51.1875
145.95	-51.2813
146.025	-51.0937
146.1	-51.25
146.175	-51.2188
146.25	-51.0937
146.325	-51.1875
146.4	-51.1562
146.475	-51.0937
146.55	-51.1562
146.625	-51.2188
146.7	-51.1562
146.775	-51.125
146.85	-51.1875
146.925	-51.0937
147	-51.1875
147.075	-51.1875
147.15	-51.0937
147.225	-51.25
147.3	-51.2188
147.375	-51.1875
147.45	-51.25
147.525	-51.1562
147.6	-51.2188
147.675	-51.1875
147.75	-51.125
147.825	-51.2813
147.9	-51.0937
147.975	-51.1562
148.05	-51.25
148.125	-51.2188
148.2	-51.1875
148.275	-51.1875
148.35	-51.25
148.425	-51.25
148.5	-51.125
148.575	-51.2813
148.65	-51.25
148.725	-51.2188
148.8	-51.1562
148.875	-51.125
148.95	-51.3438
149.025	-51.2188
149.1	-51.2188
149.175	-51.1562
149.25	-51.3438
149.325	-51.25
149.4	-51.125
149.475	-51.2188
149.55	-51.25
149.625	-51.2813
149.7	-51.1562
149.775	-51.1562
149.85	-51.3438
149.925	-51.25
150	-51.1562
150.075	-51.3125
150.15	-51.2813
150.225	-51.2188
150.3	-51.1875
150.375	-51.25
150.45	-51.25
150.525	-51.1562
150.6	-51.0313
150.675	-51.1875
150.75	-51.25
150.825	-51.2813
150.9	-51.125
150.975	-51.2188
151.05	-51.3438
151.125	-51.3438
151.2	-51.25
151.275	-51.2188
151.35	-51.25
151.425	-51.2813
151.5	-51.25
151.575	-51.3125
151.65	-51.25
151.725	-51.2813
151.8	-51.1875
151.875	-51.25
151.95	-51.2813
152.025	-51.2813
152.1	-51.2813
152.175	-51.25
152.25	-51.2188
152.325	-51.25
152.4	-51.2188
152.475	-51.1875
152.55	-51.3125
152.625	-51.25
152.7	-51.25
152.775	-51.2188
152.85	-51.4062
152.925	-51.2813
153	-51.1875
153.075	-51.25
153.15	-51.3438
153.225	-51.25
153.3	-51.1875
153.375	-51.3438
153.45	-51.3125
153.525	-51.25
153.6	-51.3125
153.675	-51.2813
153.75	-51.25
153.825	-51.2813
153.9	-51.3125
153.975	-51.2813
154.05	-51.25
154.125	-51.4062
154.2	-51.2813
154.275	-51.2813
154.35	-51.375
154.425	-51.3438
154.5	-51.25
154.575	-51.4062
154.65	-51.2813
154.725	-51.25
154.8	-51.3125
154.875	-51.4062
154.95	-51.2813
155.025	-51.375
155.1	-51.3438
155.175	-51.25
155.25	-51.3438
155.325	-51.3125
155.4	-51.2188
155.475	-51.2813
155.55	-51.3125
155.625	-51.2813
155.7	-51.3125
155.775	-51.3438
155.85	-51.25
155.925	-51.4375
156	-51.375
156.075	-51.375
156.15	-51.375
156.225	-51.3438
156.3	-51.4062
156.375	-51.25
156.45	-51.2813
156.525	-51.375
156.6	-51.2813
156.675	-51.3438
156.75	-51.3125
156.825	-51.4375
156.9	-51.4375
156.975	-51.25
157.05	-51.4687
157.125	-51.4375
157.2	-51.4687
157.275	-51.3125
157.35	-51.25
157.425	-51.4375
157.5	-51.3125
157.575	-51.375
157.65	-51.3438
157.725	-51.5313
157.8	-51.3438
157.875	-51.25
157.95	-51.3438
158.025	-51.375
158.1	-51.4375
158.175	-51.3125
158.25	-51.4062
158.325	-51.5
158.4	-51.3438
158.475	-51.3125
158.55	-51.4062
158.625	-51.4687
158.7	-51.2813
158.775	-51.2813
158.85	-51.4375
158.925	-51.5313
159	-51.3438
159.075	-51.3125
159.15	-51.4375
159.225	-51.5
159.3	-51.4375
159.375	-51.4062
159.45	-51.4062
159.525	-51.4375
159.6	-51.4062
159.675	-51.4062
159.75	-51.4375
159.825	-51.4687
159.9	-51.375
159.975	-51.4062
160.05	-51.5313
160.125	-51.4375
160.2	-51.3125
160.275	-51.375
160.35	-51.4375
160.425	-51.4062
160.5	-51.3125
160.575	-51.4062
160.65	-51.5313
160.725	-51.4687
160.8	-51.4375
160.875	-51.5313
160.95	-51.4062
161.025	-51.375
161.1	-51.375
161.175	-51.4375
161.25	-51.4062
161.325	-51.5
161.4	-51.5313
161.475	-51.375
161.55	-51.25
161.625	-51.5
161.7	-51.4375
161.775	-51.375
161.85	-51.5313
161.925	-51.4375
162	-51.4062
162.075	-51.5313
162.15	-51.5
162.225	-51.4062
162.3	-51.5313
162.375	-51.4687
162.45	-51.4375
162.525	-51.4375
162.6	-51.5
162.675	-51.4375
162.75	-51.4062
162.825	-51.5
162.9	-51.4687
162.975	-51.4375
163.05	-51.5938
163.125	-51.4687
163.2	-51.4375
163.275	-51.5625
163.35	-51.4687
163.425	-51.375
163.5	-51.5
163.575	-51.4375
163.65	-51.5
163.725	-51.5
163.8	-51.4062
163.875	-51.5313
163.95	-51.5
164.025	-51.4687
164.1	-51.5938
164.175	-51.5
164.25	-51.4375
164.325	-51.5625
164.4	-51.4375
164.475	-51.5313
164.55	-51.4687
164.625	-51.4375
164.7	-51.5938
164.775	-51.5313
164.85	-51.4687
164.925	-51.5938
165	-51.5313
165.075	-51.5625
165.15	-51.5313
165.225	-51.4687
165.3	-51.6562
165.375	-51.5625
165.45	-51.4687
165.525	-51.625
165.6	-51.5938
165.675	-51.625
165.75	-51.4375
165.825	-51.5313
165.9	-51.6562
165.975	-51.4687
166.05	-51.5313
166.125	-51.5313
166.2	-51.5938
166.275	-51.5938
166.35	-51.4375
166.425	-51.6562
166.5	-51.5625
166.575	-51.625
166.65	-51.5625
166.725	-51.5
166.8	-51.6875
166.875	-51.5625
166.95	-51.4062
167.025	-51.5
167.1	-51.6562
167.175	-51.5313
167.25	-51.375
167.325	-51.5313
167.4	-51.5625
167.475	-51.5938
167.55	-51.5313
167.625	-51.5625
167.7	-51.5938
167.775	-51.4375
167.85	-51.5313
167.925	-51.625
168	-51.625
168.075	-51.4062
168.15	-51.4062
168.225	-51.6562
168.3	-51.5313
168.375	-51.5
168.45	-51.4375
168.525	-51.625
168.6	-51.625
168.675	-51.4687
168.75	-51.5
168.825	-51.6562
168.9	-51.625
168.975	-51.4375
169.05	-51.5625
169.125	-51.6562
169.2	-51.5313
169.275	-51.4062
169.35	-51.5
169.425	-51.5625
169.5	-51.4375
169.575	-51.4062
169.65	-51.5313
169.725	-51.5313
169.8	-51.5
169.875	-51.5313
169.95	-51.5
170.025	-51.5313
170.1	-51.4687
170.175	-51.5313
170.25	-51.5
170.325	-51.5313
170.4	-51.4687
170.475	-51.5313
170.55	-51.4687
170.625	-51.5
170.7	-51.5938
170.775	-51.5625
170.85	-51.4687
170.925	-51.5625
171	-51.5938
171.075	-51.4375
171.15	-51.5313
171.225	-51.5625
171.3	-51.4687
171.375	-51.5
171.45	-51.5625
171.525	-51.4375
171.6	-51.4687
171.675	-51.5313
171.75	-51.4687
171.825	-51.5313
171.9	-51.5313
171.975	-51.4687
172.05	-51.5313
172.125	-51.5
172.2	-51.4375
172.275	-51.5938
172.35	-51.5
172.425	-51.4375
172.5	-51.5625
172.575	-51.5625
172.65	-51.4687
172.725	-51.5
172.8	-51.4687
172.875	-51.5313
172.95	-51.5313
173.025	-51.375
173.1	-51.5313
173.175	-51.4687
173.25	-51.4375
173.325	-51.4375
173.4	-51.4062
173.475	-51.5938
173.55	-51.4687
173.625	-51.3438
173.7	-51.5938
173.775	-51.5
173.85	-51.5313
173.925	-51.4062
174	-51.4375
174.075	-51.5938
174.15	-51.4375
174.225	-51.4375
174.3	-51.5313
174.375	-51.5313
174.45	-51.4687
174.525	-51.2813
174.6	-51.5313
174.675	-51.5
174.75	-51.4687
174.825	-51.4062
174.9	-51.4375
174.975	-51.625
175.05	-51.5313
175.125	-51.375
175.2	-51.5625
175.275	-51.625
175.35	-51.4062
175.425	-51.375
175.5	-51.5625
175.575	-51.5938
175.65	-51.4062
175.725	-51.4062
175.8	-51.5625
175.875	-51.625
175.95	-51.5313
176.025	-51.4375
176.1	-51.5
176.175	-51.5938
176.25	-51.5625
176.325	-51.5313
176.4	-51.5625
176.475	-51.5
176.55	-51.5313
176.625	-51.5
176.7	-51.5625
176.775	-51.5625
176.85	-51.4687
176.925	-51.5
177	-51.5625
177.075	-51.5313
177.15	-51.5625
177.225	-51.5313
177.3	-51.5313
177.375	-51.5313
177.45	-51.5938
177.525	-51.5
177.6	-51.5
177.675	-51.5625
177.75	-51.5313
177.825	-51.5313
177.9	-51.5
177.975	-51.5625
178.05	-51.5938
178.125	-51.4687
178.2	-51.5
178.275	-51.5625
178.35	-51.5625
178.425	-51.5313
178.5	-51.7187
178.575	-51.5625
178.65	-51.4687
178.725	-51.5313
178.8	-51.5938
178.875	-51.5313
178.95	-51.4687
179.025	-51.625
179.1	-51.5938
179.175	-51.5
179.25	-51.625
179.325	-51.5625
179.4	-51.4687
179.475	-51.5625
179.55	-51.5625
179.625	-51.5
179.7	-51.5625
179.775	-51.5313
179.85	-51.5
179.925	-51.5938
180	-51.5
180.075	-51.5313
180.15	-51.5
180.225	-51.5
180.3	-51.625
180.375	-51.5938
180.45	-51.5313
180.525	-51.6562
180.6	-51.5938
180.675	-51.5625
180.75	-51.6875
180.825	-51.5938
180.9	-51.5313
180.975	-51.7187
181.05	-51.625
181.125	-51.5313
181.2	-51.625
181.275	-51.5625
181.35	-51.6562
181.425	-51.625
181.5	-51.4687
181.575	-51.6875
181.65	-51.6562
181.725	-51.5625
181.8	-51.5625
181.875	-51.5625
181.95	-51.6875
182.025	-51.625
182.1	-51.5938
182.175	-51.625
182.25	-51.6562
182.325	-51.625
182.4	-51.5313
182.475	-51.6875
182.55	-51.5938
182.625	-51.6562
182.7	-51.5313
182.775	-51.6562
182.85	-51.7187
182.925	-51.5313
183	-51.5938
183.075	-51.6875
183.15	-51.625
183.225	-51.6562
183.3	-51.5313
183.375	-51.6562
183.45	-51.75
183.525	-51.5313
183.6	-51.4375
183.675	-51.6875
183.75	-51.75
183.825	-51.6562
183.9	-51.5938
183.975	-51.6562
184.05	-51.7187
184.125	-51.5625
184.2	-51.6562
184.275	-51.625
184.35	-51.6562
184.425	-51.5625
184.5	-51.625
184.575	-51.8438
184.65	-51.75
184.725	-51.5938
184.8	-51.5625
184.875	-51.8125
184.95	-51.6562
185.025	-51.5313
185.1	-51.625
185.175	-51.7187
185.25	-51.6562
185.325	-51.5313
185.4	-51.6562
185.475	-51.7187
185.55	-51.6562
185.625	-51.5313
185.7	-51.625
185.775	-51.75
185.85	-51.625
185.925	-51.5
186	-51.625
186.075	-51.7187
186.15	-51.5938
186.225	-51.5625
186.3	-51.6562
186.375	-51.6875
186.45	-51.5938
186.525	-51.625
186.6	-51.6562
186.675	-51.6562
186.75	-51.6562
186.825	-51.7187
186.9	-51.625
186.975	-51.5938
187.05	-51.6562
187.125	-51.6562
187.2	-51.6562
187.275	-51.6562
187.35	-51.6875
187.425	-51.6562
187.5	-51.5625
187.575	-51.6875
187.65	-51.6562
187.725	-51.5625
187.8	-51.7187
187.875	-51.7187
187.95	-51.6562
188.025	-51.7187
188.1	-51.6562
188.175	-51.5938
188.25	-51.6875
188.325	-51.7812
188.4	-51.6562
188.475	-51.625
188.55	-51.7812
188.625	-51.625
188.7	-51.7187
188.775	-51.7812
188.85	-51.6562
188.925	-51.7187
189	-51.7187
189.075	-51.625
189.15	-51.7812
189.225	-51.7187
189.3	-51.6875
189.375	-51.6875
189.45	-51.625
189.525	-51.7187
189.6	-51.75
189.675	-51.625
189.75	-51.7812
189.825	-51.75
189.9	-51.6875
189.975	-51.6875
190.05	-51.6875
190.125	-51.8125
190.2	-51.5625
190.275	-51.6875
190.35	-51.7187
190.425	-51.75
190.5	-51.625
190.575	-51.7187
190.65	-51.7187
190.725	-51.6875
190.8	-51.6875
190.875	-51.6562
190.95	-51.8438
191.025	-51.7812
191.1	-51.6562
191.175	-51.7187
191.25	-51.7187
191.325	-51.7812
191.4	-51.6562
191.475	-51.5938
191.55	-51.8125
191.625	-51.7812
191.7	-51.625
191.775	-51.75
191.85	-51.8438
191.925	-51.75
192	-51.6562
192.075	-51.7187
192.15	-51.8125
192.225	-51.7187
192.3	-51.6562
192.375	-51.6875
192.45	-51.8125
192.525	-51.7812
192.6	-51.6875
192.675	-51.7187
192.75	-51.8125
192.825	-51.875
192.9	-51.7812
192.975	-51.7187
193.05	-51.7812
193.125	-51.7812
193.2	-51.6875
193.275	-51.7187
193.35	-51.7187
193.425	-51.75
193.5	-51.7812
193.575	-51.75
193.65	-51.7812
193.725	-51.8125
193.8	-51.8125
193.875	-51.75
193.95	-51.7187
194.025	-51.7812
194.1	-51.7187
194.175	-51.7187
194.25	-51.7812
194.325	-51.8438
194.4	-51.7812
194.475	-51.7812
194.55	-51.8125
194.625	-51.8438
194.7	-51.75
194.775	-51.6875
194.85	-51.8125
194.925	-51.8438
195	-51.7812
195.075	-51.75
195.15	-51.8125
195.225	-51.7187
195.3	-51.7187
195.375	-51.8125
195.45	-51.8125
195.525	-51.75
195.6	-51.8125
195.675	-51.7812
195.75	-51.7812
195.825	-51.8125
195.9	-51.8125
195.975	-51.7187
196.05	-51.8125
196.125	-51.8125
196.2	-51.7812
196.275	-51.8125
196.35	-51.7187
196.425	-51.7187
196.5	-51.8438
196.575	-51.75
196.65	-51.75
196.725	-51.8438
196.8	-51.7187
196.875	-51.8125
196.95	-51.8438
197.025	-51.75
197.1	-51.75
197.175	-51.8125
197.25	-51.7187
197.325	-51.8125
197.4	-51.8438
197.475	-51.7187
197.55	-51.8125
197.625	-51.8125
197.7	-51.7812
197.775	-51.8438
197.85	-51.6875
197.925	-51.7812
198	-51.8438
198.075	-51.6875
198.15	-51.7812
198.225	-51.9063
198.3	-51.7812
198.375	-51.9063
198.45	-51.6875
198.525	-51.7812
198.6	-51.875
198.675	-51.7187
198.75	-51.8438
198.825	-51.875
198.9	-51.875
198.975	-51.8438
199.05	-51.75
199.125	-51.9375
199.2	-51.8438
199.275	-51.7812
199.35	-51.8438
199.425	-51.9063
199.5	-51.9687
199.575	-51.7812
199.65	-51.7812
199.725	-51.9063
199.8	-51.8125
199.875	-51.8438
199.95	-51.7812
200.025	-51.9063
200.1	-51.9063
200.175	-51.7187
200.25	-51.7187
200.325	-51.9375
200.4	-51.875
200.475	-51.75
200.55	-51.7812
200.625	-51.8438
200.7	-51.8438
200.775	-51.7812
200.85	-51.9063
200.925	-51.9687
201	-51.875
201.075	-51.75
201.15	-51.8125
201.225	-51.9063
201.3	-51.7812
201.375	-51.6562
201.45	-51.8438
201.525	-51.9687
201.6	-51.9063
201.675	-51.75
201.75	-51.9063
201.825	-51.9687
201.9	-51.875
201.975	-51.6875
202.05	-51.8125
202.125	-52
202.2	-51.8438
202.275	-51.7812
202.35	-51.9063
202.425	-51.9063
202.5	-51.7812
202.575	-51.75
202.65	-51.9375
202.725	-51.9375
202.8	-51.75
202.875	-51.875
202.95	-51.9063
203.025	-51.8438
203.1	-51.875
203.175	-51.875
203.25	-51.8125
203.325	-51.875
203.4	-51.9063
203.475	-51.8438
203.55	-51.8438
203.625	-51.9063
203.7	-51.8438
203.775	-51.7812
203.85	-51.9063
203.925	-51.875
204	-51.8438
204.075	-51.8125
204.15	-51.9063
204.225	-51.9063
204.3	-51.75
204.375	-51.8125
204.45	-51.875
204.525	-51.8125
204.6	-51.8438
204.675	-51.7812
204.75	-51.6875
204.825	-51.7812
204.9	-51.8125
204.975	-51.625
205.05	-51.7812
205.125	-51.7812
205.2	-51.75
205.275	-51.8125
205.35	-51.75
205.425	-51.7187
205.5	-51.7812
205.575	-51.6875
205.65	-51.7812
205.725	-51.7812
205.8	-51.7187
205.875	-51.8438
205.95	-51.7812
206.025	-51.7187
206.1	-51.8438
206.175	-51.75
206.25	-51.625
206.325	-51.8125
206.4	-51.7812
206.475	-51.9063
206.55	-51.7812
206.625	-51.7187
206.7	-51.875
206.775	-51.9063
206.85	-51.7187
206.925	-51.8125
207	-51.8125
207.075	-51.9063
207.15	-51.75
207.225	-51.8125
207.3	-51.9375
207.375	-51.7187
207.45	-51.6875
207.525	-51.6875
207.6	-51.9063
207.675	-51.7187
207.75	-51.7812
207.825	-51.7812
207.9	-51.8125
207.975	-51.9063
208.05	-51.625
208.125	-51.9063
208.2	-51.8438
208.275	-51.8125
208.35	-51.7812
208.425	-51.7187
208.5	-51.7812
208.575	-51.8125
208.65	-51.6875
208.725	-51.7812
208.8	-51.875
208.875	-51.875
208.95	-51.8125
209.025	-51.8438
209.1	-51.8125
209.175	-51.7812
209.25	-51.75
209.325	-51.875
209.4	-51.9063
209.475	-51.8438
209.55	-51.8125
209.625	-51.8438
209.7	-51.9687
209.775	-51.9063
209.85	-51.625
209.925	-51.8438
210	-51.9687
210.075	-51.7812
210.15	-51.7187
210.225	-51.875
210.3	-51.9375
210.375	-51.875
210.45	-51.8125
210.525	-51.8438
210.6	-51.9687
210.675	-51.75
210.75	-51.7187
210.825	-51.9063
210.9	-51.9687
210.975	-51.9063
211.05	-51.8438
211.125	-51.9375
211.2	-51.9375
211.275	-51.7812
211.35	-51.7812
211.425	-51.9063
211.5	-51.875
211.575	-51.75
211.65	-51.7812
211.725	-51.9375
211.8	-51.8438
211.875	-51.8438
211.95	-51.9687
212.025	-51.9063
212.1	-51.8438
212.175	-51.875
212.25	-51.9375
212.325	-51.875
212.4	-51.9687
212.475	-51.9375
212.55	-51.8125
212.625	-51.9375
212.7	-52
212.775	-51.8438
212.85	-51.9687
212.925	-51.875
213	-51.8438
213.075	-51.9375
213.15	-51.9063
213.225	-51.8125
213.3	-52
213.375	-51.9687
213.45	-51.7812
213.525	-51.9375
213.6	-51.9063
213.675	-51.8438
213.75	-51.9063
213.825	-51.9063
213.9	-51.8438
213.975	-52
214.05	-51.9687
214.125	-51.9375
214.2	-51.9687
214.275	-51.9375
214.35	-51.9063
214.425	-51.9063
214.5	-51.875
214.575	-51.9687
214.65	-51.9375
214.725	-51.8125
214.8	-52
214.875	-52
214.95	-51.9687
215.025	-51.9063
215.1	-52.7813
215.175	-53.7812
215.25	-54.125
215.325	-54.4063
215.4	-54.5
215.475	-54.6875
215.55	-54.8125
215.625	-54.7813
215.7	-55
215.775	-55.0938
215.85	-55.2187
215.925	-55.1562
216	-55.2813
216.075	-55.5312
216.15	-55.5
216.225	-55.5625
216.3	-55.6563
216.375	-55.8437
216.45	-55.8437
216.525	-55.8125
216.6	-56.0312
216.675	-56.0937
216.75	-56.0625
216.825	-56.1563
216.9	-56.3125
216.975	-56.4062
217.05	-56.3125
217.125	-56.4375
217.2	-56.5
217.275	-56.6875
217.35	-56.625
217.425	-56.6562
217.5	-56.8438
217.575	-56.875
217.65	-56.8125
217.725	-56.875
217.8	-57
217.875	-57.125
217.95	-57.0625
218.025	-57
218.1	-57.25
218.175	-57.3438
218.25	-57.2812
218.325	-57.2812
218.4	-57.5312
218.475	-57.6563
218.55	-57.4063
218.625	-57.4375
218.7	-57.7188
218.775	-57.7812
218.85	-57.6875
218.925	-57.75
219	-58
219.075	-58.0312
219.15	-57.9063
219.225	-57.9063
219.3	-58.1562
219.375	-58.1562
219.45	-58.125
219.525	-58.1562
219.6	-58.2813
219.675	-58.3125
219.75	-58.25
219.825	-58.4062
219.9	-58.5
219.975	-58.5
220.05	-58.4688
220.125	-58.6562
220.2	-58.7187
220.275	-58.625
220.35	-58.7813
220.425	-58.875
220.5	-58.8125
220.575	-58.9375
220.65	-58.9375
220.725	-58.9375
220.8	-59.0313
220.875	-59.0625
220.95	-59.0313
221.025	-59.125
221.1	-59.2187
221.175	-59.1563
221.25	-59.25
221.325	-59.2812
221.4	-59.25
221.475	-59.375
221.55	-59.375
221.625	-59.4063
221.7	-59.5312
221.775	-59.5312
221.85	-59.5937
221.925	-59.5937
222	-59.5625
222.075	-59.625
222.15	-59.8125
222.225	-59.7188
222.3	-59.75
222.375	-59.9063
222.45	-59.8125
222.525	-59.9375
222.6	-59.9375
222.675	-60
222.75	-60.125
222.825	-60.0625
222.9	-60.0625
222.975	-60.125
223.05	-60.1875
223.125	-60.3125
223.2	-60.25
223.275	-60.4687
223.35	-60.3437
223.425	-60.4375
223.5	-60.4062
223.575	-60.4375
223.65	-60.5938
223.725	-60.5
223.8	-60.5
223.875	-60.5938
223.95	-60.625
224.025	-60.75
224.1	-60.625
224.175	-60.8125
224.25	-60.8438
224.325	-60.8438
224.4	-60.875
224.475	-60.9063
224.55	-61.0938
224.625	-60.9063
224.7	-60.9375
224.775	-61.125
224.85	-61.125
224.925	-61.1875
225	-61.0625
225.075	-61.2812
225.15	-61.3438
225.225	-61.125
225.3	-61.1875
225.375	-61.4375
225.45	-61.4688
225.525	-61.4063
225.6	-61.3438
225.675	-61.5312
225.75	-61.625
225.825	-61.5312
225.9	-61.5
225.975	-61.5625
226.05	-61.6875
226.125	-61.7812
226.2	-61.7188
226.275	-61.8125
226.35	-61.75
226.425	-61.75
226.5	-61.9062
226.575	-61.9375
226.65	-61.9062
226.725	-61.9375
226.8	-62.0313
226.875	-62.0937
226.95	-61.9375
227.025	-61.9062
227.1	-62.0937
227.175	-62.0937
227.25	-62.0937
227.325	-62.0625
227.4	-62.0937
227.475	-62.1562
227.55	-62.0937
227.625	-62.1562
227.7	-62.2813
227.775	-62.2188
227.85	-62.1562
227.925	-62.2188
228	-62.2813
228.075	-62.3438
228.15	-62.25
228.225	-62.3438
228.3	-62.375
228.375	-62.3438
228.45	-62.375
228.525	-62.4687
228.6	-62.4062
228.675	-62.4062
228.75	-62.5625
228.825	-62.5312
228.9	-62.5312
228.975	-62.625
229.05	-62.6563
229.125	-62.5938
229.2	-62.6875
229.275	-62.75
229.35	-62.6563
229.425	-62.8125
229.5	-62.8125
229.575	-62.75
229.65	-62.9375
229.725	-62.9063
229.8	-62.875
229.875	-62.9375
229.95	-62.8437
230.025	-62.9688
230.1	-62.9688
230.175	-62.9688
230.25	-63.0938
230.325	-63.125
230.4	-63.0312
230.475	-63.125
230.55	-63.1562
230.625	-63.1875
230.7	-63.2813
230.775	-63.1562
230.85	-63.25
230.925	-63.3437
231	-63.1562
231.075	-63.25
231.15	-63.375
231.225	-63.3437
231.3	-63.375
231.375	-63.3437
231.45	-63.5312
231.525	-63.5
231.6	-63.375
231.675	-63.5
231.75	-63.5312
231.825	-63.5625
231.9	-63.5312
231.975	-63.4687
232.05	-63.625
232.125	-63.625
232.2	-63.6875
232.275	-63.5625
232.35	-63.7812
232.425	-63.8125
232.5	-63.625
232.575	-63.7812
232.65	-63.7812
232.725	-63.9687
232.8	-63.7812
232.875	-63.8437
232.95	-63.9063
233.025	-63.9063
233.1	-63.9375
233.175	-63.875
233.25	-64
233.325	-64.0938
233.4	-64
233.475	-64
233.55	-64.1875
233.625	-64.125
233.7	-64
233.775	-64.0938
233.85	-64.2812
233.925	-64.2812
234	-64.0938
234.075	-64.125
234.15	-64.2812
234.225	-64.4063
234.3	-64.2812
234.375	-64.2188
234.45	-64.4063
234.525	-64.3125
234.6	-64.3438
234.675	-64.4063
234.75	-64.5
234.825	-64.5
234.9	-64.4063
234.975	-64.5313
235.05	-64.5625
235.125	-64.5625
235.2	-64.5
235.275	-64.6563
235.35	-64.6875
235.425	-64.625
235.5	-64.625
235.575	-64.7812
235.65	-64.7188
235.725	-64.7812
235.8	-64.75
235.875	-64.8438
235.95	-64.7812
236.025	-64.875
236.1	-64.8438
236.175	-64.8438
236.25	-64.9062
236.325	-64.9687
236.4	-64.9062
236.475	-64.9687
236.55	-65.0313
236.625	-65.0937
236.7	-65
236.775	-65
236.85	-65.1563
236.925	-65.125
237	-65.0625
237.075	-65.125
237.15	-65.25
237.225	-65.125
237.3	-65.1563
237.375	-65.2812
237.45	-65.2187
237.525	-65.3125
237.6	-65.3125
237.675	-65.2812
237.75	-65.3438
237.825	-65.375
237.9	-65.25
237.975	-65.375
238.05	-65.4062
238.125	-65.3438
238.2	-65.5312
238.275	-65.4062
238.35	-65.4062
238.425	-65.5312
238.5	-65.5
238.575	-65.375
238.65	-65.5312
238.725	-65.5
238.8	-65.5625
238.875	-65.5625
238.95	-65.5
239.025	-65.625
239.1	-65.625
239.175	-65.5312
239.25	-65.7187
239.325	-65.625
239.4	-65.7187
239.475	-65.7813
239.55	-65.6563
239.625	-65.9062
239.7	-65.7813
239.775	-65.75
239.85	-65.8125
239.925	-65.75
240	-65.875
240.075	-65.75
240.15	-65.7813
240.225	-65.8438
240.3	-65.8438
240.375	-65.9062
240.45	-65.7813
240.525	-65.9375
240.6	-65.9688
240.675	-65.8125
240.75	-65.8438
240.825	-65.9062
240.9	-66.0625
240.975	-65.9688
241.05	-65.875
241.125	-66.0625
241.2	-66
241.275	-66.0625
241.35	-65.9688
241.425	-66.2187
241.5	-66.0938
241.575	-66.0312
241.65	-66.0938
241.725	-66.1563
241.8	-66.2187
241.875	-66.1875
241.95	-66.1563
242.025	-66.2813
242.1	-66.3125
242.175	-66.1875
242.25	-66.1875
242.325	-66.3437
242.4	-66.25
242.475	-66.2813
242.55	-66.375
242.625	-66.4688
242.7	-66.3437
242.775	-66.25
242.85	-66.3437
242.925	-66.4688
243	-66.4375
243.075	-66.2813
243.15	-66.4063
243.225	-66.5625
243.3	-66.5312
243.375	-66.375
243.45	-66.5625
243.525	-66.6875
243.6	-66.5312
243.675	-66.4375
243.75	-66.6562
243.825	-66.6875
243.9	-66.5625
243.975	-66.6562
244.05	-66.6875
244.125	-66.625
244.2	-66.5
244.275	-66.625
244.35	-66.7187
244.425	-66.6562
244.5	-66.7187
244.575	-66.6875
244.65	-66.6875
244.725	-66.75
244.8	-66.8125
244.875	-66.6875
244.95	-66.8437
245.025	-66.875
245.1	-66.8125
245.175	-66.7813
245.25	-66.875
245.325	-66.875
245.4	-66.8437
245.475	-67
245.55	-66.9687
245.625	-66.9375
245.7	-66.9375
245.775	-66.9063
245.85	-66.875
245.925	-67.0938
246	-67.0312
246.075	-66.9687
246.15	-67.0312
246.225	-67.0625
246.3	-67.0312
246.375	-67.0938
246.45	-67.1562
246.525	-67.0312
246.6	-67.0625
246.675	-67.1875
246.75	-67.0625
246.825	-67.125
246.9	-67.25
246.975	-67.125
247.05	-67.2188
247.125	-67.1562
247.2	-67.1562
247.275	-67.3125
247.35	-67.25
247.425	-67.2188
247.5	-67.25
247.575	-67.2188
247.65	-67.3125
247.725	-67.2188
247.8	-67.3125
247.875	-67.375
247.95	-67.2188
248.025	-67.375
248.1	-67.375
248.175	-67.4063
248.25	-67.4063
248.325	-67.3437
248.4	-67.5
248.475	-67.5313
248.55	-67.4375
248.625	-67.4687
248.7	-67.5313
248.775	-67.5625
248.85	-67.4063
248.925	-67.4687
249	-67.5313
249.075	-67.4375
249.15	-67.5938
249.225	-67.4375
249.3	-67.625
249.375	-67.5625
249.45	-67.4063
249.525	-67.5938
249.6	-67.5625
249.675	-67.6562
249.75	-67.5
249.825	-67.625
249.9	-67.6562
249.975	-67.6562
250.05	-67.625
250.125	-67.625
250.2	-67.7188
250.275	-67.7188
250.35	-67.625
250.425	-67.5625
250.5	-67.7812
250.575	-67.8125
250.65	-67.7188
250.725	-67.6875
250.8	-67.8125
250.875	-67.6875
250.95	-67.6875
251.025	-67.7812
251.1	-67.875
251.175	-67.7812
251.25	-67.7188
251.325	-67.8438
251.4	-67.9375
251.475	-67.875
251.55	-67.7188
251.625	-67.875
251.7	-67.9375
251.775	-67.9063
251.85	-67.75
251.925	-67.9375
252	-68
252.075	-67.9063
252.15	-67.8125
252.225	-67.9687
252.3	-68
252.375	-67.9687
252.45	-67.9687
252.525	-68
252.6	-68
252.675	-67.9687
252.75	-68
252.825	-68.0937
252.9	-68
252.975	-68
253.05	-68.0625
253.125	-68.0937
253.2	-67.9687
253.275	-68.0625
253.35	-68
253.425	-68.0313
253.5	-68.0625
253.575	-68.125
253.65	-68.0625
253.725	-68.125
253.8	-68.25
253.875	-68.0937
253.95	-68
254.025	-68.2188
254.1	-68.1562
254.175	-68.125
254.25	-68.25
254.325	-68.2188
254.4	-68.125
254.475	-68.25
254.55	-68.25
254.625	-68.125
254.7	-68.2812
254.775	-68.1875
254.85	-68.1875
254.925	-68.25
255	-68.1875
255.075	-68.3438
255.15	-68.3125
255.225	-68.2188
255.3	-68.3438
255.375	-68.3125
255.45	-68.25
255.525	-68.375
255.6	-68.3125
255.675	-68.2812
255.75	-68.4375
255.825	-68.2812
255.9	-68.375
255.975	-68.4375
256.05	-68.3125
256.125	-68.4375
256.2	-68.4062
256.275	-68.4375
256.35	-68.4687
256.425	-68.3438
256.5	-68.4375
256.575	-68.5
256.65	-68.4375
256.725	-68.4375
256.8	-68.4062
256.875	-68.5937
256.95	-68.4687
257.025	-68.375
257.1	-68.5
257.175	-68.5
257.25	-68.5937
257.325	-68.3438
257.4	-68.4687
257.475	-68.5937
257.55	-68.5
257.625	-68.4375
257.7	-68.4062
257.775	-68.6563
257.85	-68.5
257.925	-68.4062
258	-68.5625
258.075	-68.5
258.15	-68.625
258.225	-68.5
258.3	-68.5625
258.375	-68.7187
258.45	-68.5625
258.525	-68.5937
258.6	-68.6563
258.675	-68.625
258.75	-68.5313
258.825	-68.5937
258.9	-68.6563
258.975	-68.6875
259.05	-68.625
259.125	-68.5
259.2	-68.6875
259.275	-68.8125
259.35	-68.7187
259.425	-68.5313
259.5	-68.7187
259.575	-68.8125
259.65	-68.7812
259.725	-68.6563
259.8	-68.5625
259.875	-68.8438
259.95	-68.75
260.025	-68.625
260.1	-68.75
260.175	-68.875
260.25	-68.7812
260.325	-68.625
260.4	-68.75
260.475	-68.8125
260.55	-68.6875
260.625	-68.6563
260.7	-68.9062
260.775	-68.8438
260.85	-68.75
260.925	-68.75
261	-68.8438
261.075	-68.875
261.15	-68.7187
261.225	-68.9062
261.3	-68.9062
261.375	-68.8125
261.45	-68.8438
261.525	-68.875
261.6	-68.875
261.675	-68.8125
261.75	-68.8438
261.825	-68.8125
261.9	-68.8438
261.975	-68.9688
262.05	-68.875
262.125	-68.9062
262.2	-68.9062
262.275	-68.9688
262.35	-68.8438
262.425	-68.8125
262.5	-68.9375
262.575	-68.9062
262.65	-68.8438
262.725	-69
262.8	-68.9688
262.875	-68.875
262.95	-68.9375
263.025	-68.9688
263.1	-68.9062
263.175	-69
263.25	-68.9062
263.325	-68.9062
263.4	-69
263.475	-69
263.55	-68.9375
263.625	-69.0313
263.7	-68.9062
263.775	-68.9688
263.85	-69.0313
263.925	-68.9688
264	-69
264.075	-69.0313
264.15	-68.9688
264.225	-69.0313
264.3	-68.9688
264.375	-68.9062
264.45	-69.0937
264.525	-68.9688
264.6	-68.9375
264.675	-69.0937
264.75	-69
264.825	-69.0937
264.9	-69
264.975	-68.9688
265.05	-69.125
265.125	-68.9688
265.2	-69
265.275	-69.0313
265.35	-69.1563
265.425	-69.0937
265.5	-68.9062
265.575	-69.0625
265.65	-69.1563
265.725	-69.1563
265.8	-69
265.875	-69.0937
265.95	-69.1875
266.025	-69.0625
266.1	-69.0625
266.175	-69.0937
266.25	-69.2187
266.325	-69.0625
266.4	-69
266.475	-69.1563
266.55	-69.1875
266.625	-69.2187
266.7	-68.9688
266.775	-69.2187
266.85	-69.25
266.925	-69.1563
267	-69
267.075	-69.25
267.15	-69.3438
267.225	-69.1563
267.3	-69.0625
267.375	-69.1875
267.45	-69.3438
267.525	-69.2813
267.6	-69.125
267.675	-69.2187
267.75	-69.2187
267.825	-69.125
267.9	-69.1875
267.975	-69.2813
268.05	-69.2813
268.125	-69.1563
268.2	-69.2187
268.275	-69.2813
268.35	-69.25
268.425	-69.1563
268.5	-69.2187
268.575	-69.3438
268.65	-69.3438
268.725	-69.125
268.8	-69.25
268.875	-69.375
268.95	-69.3438
269.025	-69.2187
269.1	-69.3125
269.175	-69.3438
269.25	-69.2813
269.325	-69.1563
269.4	-69.2813
269.475	-69.25
269.55	-69.2187
269.625	-69.2187
269.7	-69.3125
269.775	-69.25
269.85	-69.2187
269.925	-69.3125
270	-69.25
270.075	-69.25
270.15	-69.3125
270.225	-69.1875
270.3	-69.1875
270.375	-69.3125
270.45	-69.1875
270.525	-69.1875
270.6	-69.3125
270.675	-69.25
270.75	-69.2813
270.825	-69.2813
270.9	-69.2187
270.975	-69.2813
271.05	-69.3125
271.125	-69.2187
271.2	-69.25
271.275	-69.3438
271.35	-69.2813
271.425	-69.375
271.5	-69.375
271.575	-69.2187
271.65	-69.25
271.725	-69.3125
271.8	-69.25
271.875	-69.2813
271.95	-69.4062
272.025	-69.25
272.1	-69.3438
272.175	-69.3125
272.25	-69.1875
272.325	-69.4062
272.4	-69.2813
272.475	-69.3438
272.55	-69.3438
272.625	-69.375
272.7	-69.375
272.775	-69.3438
272.85	-69.2813
272.925	-69.4062
273	-69.3438
273.075	-69.2187
273.15	-69.4062
273.225	-69.3438
273.3	-69.3125
273.375	-69.2813
273.45	-69.25
273.525	-69.4375
273.6	-69.3438
273.675	-69.25
273.75	-69.4062
273.825	-69.2813
273.9	-69.375
273.975	-69.1563
274.05	-69.25
274.125	-69.4062
274.2	-69.2187
274.275	-69.1875
274.35	-69.25
274.425	-69.4062
274.5	-69.25
274.575	-69.25
274.65	-69.25
274.725	-69.375
274.8	-69.2813
274.875	-69.1563
274.95	-69.375
275.025	-69.3438
275.1	-69.25
275.175	-69.2813
275.25	-69.2813
275.325	-69.3125
275.4	-69.2813
275.475	-69.3125
275.55	-69.3125
275.625	-69.25
275.7	-69.3438
275.775	-69.25
275.85	-69.3438
275.925	-69.4062
276	-69.1875
276.075	-69.2813
276.15	-69.4375
276.225	-69.4688
276.3	-69.25
276.375	-69.1875
276.45	-69.4062
276.525	-69.4375
276.6	-69.3125
276.675	-69.25
276.75	-69.4062
276.825	-69.375
276.9	-69.2813
276.975	-69.25
277.05	-69.4688
277.125	-69.375
277.2	-69.2813
277.275	-69.375
277.35	-69.4375
277.425	-69.375
277.5	-69.2813
277.575	-69.375
277.65	-69.4375
277.725	-69.25
277.8	-69.3125
277.875	-69.375
277.95	-69.2813
278.025	-69.4375
278.1	-69.4062
278.175	-69.3125
278.25	-69.4375
278.325	-69.4375
278.4	-69.3125
278.475	-69.3438
278.55	-69.4062
278.625	-69.3438
278.7	-69.25
278.775	-69.4062
278.85	-69.4375
278.925	-69.3438
279	-69.3125
279.075	-69.4062
279.15	-69.3438
279.225	-69.3438
279.3	-69.375
279.375	-69.375
279.45	-69.3438
279.525	-69.4062
279.6	-69.4062
279.675	-69.2813
279.75	-69.375
279.825	-69.375
279.9	-69.2813
279.975	-69.4062
280.05	-69.4062
280.125	-69.2813
280.2	-69.375
280.275	-69.4062
280.35	-69.3125
280.425	-69.375
280.5	-69.4375
280.575	-69.3125
280.65	-69.375
280.725	-69.3438
280.8	-69.4375
280.875	-69.3438
280.95	-69.25
281.025	-69.4375
281.1	-69.4062
281.175	-69.4062
281.25	-69.3438
281.325	-69.3125
281.4	-69.5
281.475	-69.375
281.55	-69.4062
281.625	-69.4375
281.7	-69.4375
281.775	-69.4062
281.85	-69.1875
281.925	-69.4688
282	-69.4688
282.075	-69.4375
282.15	-69.375
282.225	-69.4062
282.3	-69.5312
282.375	-69.3438
282.45	-69.375
282.525	-69.4688
282.6	-69.5
282.675	-69.4062
282.75	-69.3438
282.825	-69.4688
282.9	-69.4375
282.975	-69.4062
283.05	-69.4062
283.125	-69.4688
283.2	-69.5312
283.275	-69.375
283.35	-69.3438
283.425	-69.5312
283.5	-69.5
283.575	-69.2813
283.65	-69.4375
283.725	-69.4688
283.8	-69.4375
283.875	-69.3438
283.95	-69.375
284.025	-69.5
284.1	-69.5625
284.175	-69.4062
284.25	-69.375
284.325	-69.5312
284.4	-69.5312
284.475	-69.5312
284.55	-69.4062
284.625	-69.5312
284.7	-69.4688
284.775	-69.4375
284.85	-69.4688
284.925	-69.5
285	-69.4062
285.075	-69.4062
285.15	-69.4688
285.225	-69.5625
285.3	-69.5
285.375	-69.4688
285.45	-69.5
285.525	-69.4688
285.6	-69.4688
285.675	-69.5312
285.75	-69.5312
285.825	-69.5
285.9	-69.5312
285.975	-69.5312
286.05	-69.5312
286.125	-69.4688
286.2	-69.5312
286.275	-69.5312
286.35	-69.5
286.425	-69.4375
286.5	-69.5
286.575	-69.5
286.65	-69.4375
286.725	-69.5312
286.8	-69.4375
286.875	-69.4375
286.95	-69.5625
287.025	-69.5312
287.1	-69.4375
287.175	-69.5
287.25	-69.5625
287.325	-69.5312
287.4	-69.5312
287.475	-69.5312
287.55	-69.4688
287.625	-69.5312
287.7	-69.5312
287.775	-69.4375
287.85	-69.5
287.925	-69.5312
288	-69.5
288.075	-69.5312
288.15	-69.5
288.225	-69.5
288.3	-69.5625
288.375	-69.5312
288.45	-69.5
288.525	-69.5625
288.6	-69.5
288.675	-69.4688
288.75	-69.5625
288.825	-69.5312
288.9	-69.5
288.975	-69.5312
289.05	-69.4062
289.125	-69.5
289.2	-69.5625
289.275	-69.5
289.35	-69.5312
289.425	-69.4375
289.5	-69.5937
289.575	-69.5
289.65	-69.4375
289.725	-69.5
289.8	-69.5312
289.875	-69.5625
289.95	-69.5625
290.025	-69.4062
290.1	-69.5625
290.175	-69.4375
290.25	-69.4688
290.325	-69.4688
290.4	-69.5
290.475	-69.5625
290.55	-69.4062
290.625	-69.4688
290.7	-69.5312
290.775	-69.5312
290.85	-69.5312
290.925	-69.3438
291	-69.5937
291.075	-69.5625
291.15	-69.4062
291.225	-69.4375
291.3	-69.4688
291.375	-69.5625
291.45	-69.4062
291.525	-69.4375
291.6	-69.5625
291.675	-69.5312
291.75	-69.4688
291.825	-69.4375
291.9	-69.5312
291.975	-69.625
292.05	-69.5
292.125	-69.5312
292.2	-69.5312
292.275	-69.5
292.35	-69.5312
292.425	-69.5312
292.5	-69.5937
292.575	-69.5
292.65	-69.4062
292.725	-69.5625
292.8	-69.7187
292.875	-69.625
292.95	-69.4062
293.025	-69.4375
293.1	-69.625
293.175	-69.5937
293.25	-69.4062
293.325	-69.4688
293.4	-69.5937
293.475	-69.5312
293.55	-69.375
293.625	-69.5
293.7	-69.6563
293.775	-69.5625
293.85	-69.4688
293.925	-69.5625
294	-69.6875
294.075	-69.5
294.15	-69.5
294.225	-69.5625
294.3	-69.5625
294.375	-69.5312
294.45	-69.5937
294.525	-69.625
294.6	-69.5312
294.675	-69.5625
294.75	-69.5625
294.825	-69.5625
294.9	-69.625
294.975	-69.625
295.05	-69.5
295.125	-69.5625
295.2	-69.6563
295.275	-69.4375
295.35	-69.5937
295.425	-69.625
295.5	-69.5312
295.575	-69.5625
295.65	-69.625
295.725	-69.5312
295.8	-69.5625
295.875	-69.5937
295.95	-69.5312
296.025	-69.4062
296.1	-69.5937
296.175	-69.5312
296.25	-69.5
296.325	-69.5625
296.4	-69.5312
296.475	-69.4688
296.55	-69.5312
296.625	-69.5625
296.7	-69.5937
296.775	-69.5
296.85	-69.5625
296.925	-69.4688
297	-69.5312
297.075	-69.5312
297.15	-69.4375
297.225	-69.5312
297.3	-69.5312
297.375	-69.4062
297.45	-69.625
297.525	-69.4375
297.6	-69.4062
297.675	-69.5
297.75	-69.4375
297.825	-69.5312
297.9	-69.5937
297.975	-69.5
298.05	-69.5937
298.125	-69.4375
298.2	-69.5
298.275	-69.5312
298.35	-69.5312
298.425	-69.5312
298.5	-69.4062
298.575	-69.6563
298.65	-69.5
298.725	-69.5
298.8	-69.5625
298.875	-69.5625
298.95	-69.6563
299.025	-69.4375
299.1	-69.5625
299.175	-69.5625
299.25	-69.5625
299.325	-69.4375
299.4	-69.5312
299.475	-69.625
299.55	-69.5937
299.625	-69.5625
299.7	-69.4375
299.775	-69.6563
299.85	-69.5312
299.925	-69.5
300	-69.4688
300.075	-69.5312
300.15	-69.5937
300.225	-69.4375
300.3	-69.4375
300.375	-69.4375
300.45	-69.5312
300.525	-69.5937
300.6	-69.5312
300.675	-69.5937
300.75	-69.4375
300.825	-69.4062
300.9	-69.5
300.975	-69.625
301.05	-69.5937
301.125	-69.4688
301.2	-69.4375
301.275	-69.5937
301.35	-69.5625
301.425	-69.5
301.5	-69.4688
301.575	-69.5312
301.65	-69.5625
301.725	-69.4375
301.8	-69.5
301.875	-69.5312
301.95	-69.5312
302.025	-69.4062
302.1	-69.4375
302.175	-69.5937
302.25	-69.5625
302.325	-69.4375
302.4	-69.5
302.475	-69.625
302.55	-69.5
302.625	-69.4062
302.7	-69.5312
302.775	-69.5312
302.85	-69.5
302.925	-69.4375
303	-69.625
303.075	-69.5312
303.15	-69.4375
303.225	-69.5625
303.3	-69.5625
303.375	-69.4375
303.45	-69.5
303.525	-69.5937
303.6	-69.4688
303.675	-69.5625
303.75	-69.5312
303.825	-69.4688
303.9	-69.5937
303.975	-69.5625
304.05	-69.4688
304.125	-69.4375
304.2	-69.625
304.275	-69.5312
304.35	-69.5312
304.425	-69.625
304.5	-69.5625
304.575	-69.5312
304.65	-69.5937
304.725	-69.5625
304.8	-69.4375
304.875	-69.5625
304.95	-69.5937
305.025	-69.5625
305.1	-69.6563
305.175	-69.625
305.25	-69.5312
305.325	-69.6875
305.4	-69.5625
305.475	-69.5625
305.55	-69.6563
305.625	-69.5937
305.7	-69.625
305.775	-69.6563
305.85	-69.5312
305.925	-69.6875
306	-69.5312
306.075	-69.5937
306.15	-69.625
306.225	-69.5312
306.3	-69.625
306.375	-69.5625
306.45	-69.5625
306.525	-69.75
306.6	-69.5312
306.675	-69.5625
306.75	-69.625
306.825	-69.6563
306.9	-69.5625
306.975	-69.4688
307.05	-69.7187
307.125	-69.5625
307.2	-69.5312
307.275	-69.5625
307.35	-69.5625
307.425	-69.6563
307.5	-69.4688
307.575	-69.5625
307.65	-69.6875
307.725	-69.625
307.8	-69.5625
307.875	-69.4688
307.95	-69.6563
308.025	-69.5312
308.1	-69.625
308.175	-69.5625
308.25	-69.625
308.325	-69.625
308.4	-69.375
308.475	-69.5625
308.55	-69.6563
308.625	-69.4688
308.7	-69.4375
308.775	-69.5937
308.85	-69.625
308.925	-69.5
309	-69.375
309.075	-69.5625
309.15	-69.6563
309.225	-69.5625
309.3	-69.4375
309.375	-69.4688
309.45	-69.5937
309.525	-69.5625
309.6	-69.5312
309.675	-69.5
309.75	-69.625
309.825	-69.5937
309.9	-69.4688
309.975	-69.5
310.05	-69.6563
310.125	-69.5937
310.2	-69.5
310.275	-69.5
310.35	-69.5312
310.425	-69.5625
310.5	-69.5
310.575	-69.5312
310.65	-69.5625
310.725	-69.5937
310.8	-69.5312
310.875	-69.5625
310.95	-69.625
311.025	-69.5625
311.1	-69.5
311.175	-69.5625
311.25	-69.5937
311.325	-69.4688
311.4	-69.4375
311.475	-69.625
311.55	-69.5625
311.625	-69.5312
311.7	-69.5
311.775	-69.5937
311.85	-69.4375
311.925	-69.5312
312	-69.5312
312.075	-69.5312
312.15	-69.5312
312.225	-69.5312
312.3	-69.5625
312.375	-69.5
312.45	-69.6563
312.525	-69.625
312.6	-69.4688
312.675	-69.5625
312.75	-69.5625
312.825	-69.5312
312.9	-69.5625
312.975	-69.5625
313.05	-69.4688
313.125	-69.625
313.2	-69.5937
313.275	-69.4375
313.35	-69.5625
313.425	-69.5625
313.5	-69.5
313.575	-69.5625
313.65	-69.5312
313.725	-69.5937
313.8	-69.5
313.875	-69.4062
313.95	-69.625
314.025	-69.5312
314.1	-69.5
314.175	-69.5625
314.25	-69.4688
314.325	-69.5937
314.4	-69.5625
314.475	-69.4375
314.55	-69.5
314.625	-69.5312
314.7	-69.5
314.775	-69.5312
314.85	-69.5
314.925	-69.625
