4200 2
0	-69.5625
0.075	-69.5625
0.15	-69.7187
0.225	-69.7813
0.3	-69.5937
0.375	-69.5625
0.45	-69.8125
0.525	-69.7813
0.6	-69.5937
0.675	-69.625
0.75	-69.7813
0.825	-69.75
0.9	-69.6563
0.975	-69.5937
1.05	-69.6563
1.125	-69.6563
1.2	-69.6563
1.275	-69.7813
1.35	-69.8125
1.425	-69.75
1.5	-69.5625
1.575	-69.6563
1.65	-69.7813
1.725	-69.6563
1.8	-69.5937
1.875	-69.625
1.95	-69.8125
2.025	-69.6563
2.1	-69.5625
2.175	-69.6875
2.25	-69.8437
2.325	-69.5625
2.4	-69.5312
2.475	-69.75
2.55	-69.7813
2.625	-69.5937
2.7	-69.6563
2.775	-69.6875
2.85	-69.75
2.925	-69.5625
3	-69.5937
3.075	-69.7187
3.15	-69.5937
3.225	-69.625
3.3	-69.6563
3.375	-69.5937
3.45	-69.6563
3.525	-69.625
3.6	-69.6563
3.675	-69.5937
3.75	-69.6875
3.825	-69.7187
3.9	-69.5937
3.975	-69.625
4.05	-69.6875
4.125	-69.625
4.2	-69.5312
4.275	-69.6875
4.35	-69.6563
4.425	-69.5937
4.5	-69.7813
4.575	-69.625
4.65	-69.5312
4.725	-69.6563
4.8	-69.6875
4.875	-69.5625
4.95	-69.6875
5.025	-69.6563
5.1	-69.5625
5.175	-69.6563
5.25	-69.5937
5.325	-69.5312
5.4	-69.625
5.475	-69.5625
5.55	-69.625
5.625	-69.6563
5.7	-69.5625
5.775	-69.5625
5.85	-69.625
5.925	-69.5625
6	-69.625
6.075	-69.5937
6.15	-69.625
6.225	-69.6875
6.3	-69.5625
6.375	-69.6563
6.45	-69.5312
6.525	-69.6563
6.6	-69.75
6.675	-69.5937
6.75	-69.6563
6.825	-69.6563
6.9	-69.6563
6.975	-69.625
7.05	-69.5312
7.125	-69.7813
7.2	-69.6875
7.275	-69.5
7.35	-69.6563
7.425	-69.5937
7.5	-69.625
7.575	-69.4688
7.65	-69.4688
7.725	-69.6563
7.8	-69.5312
7.875	-69.5
7.95	-69.4688
8.025	-69.6563
8.1	-69.5937
8.175	-69.375
8.25	-69.5
8.325	-69.5312
8.4	-69.5312
8.475	-69.375
8.55	-69.3438
8.625	-69.5312
8.7	-69.5
8.775	-69.3125
8.85	-69.375
8.925	-69.4688
9	-69.4688
9.075	-69.2813
9.15	-69.375
9.225	-69.5
9.3	-69.5
9.375	-69.4375
9.45	-69.4062
9.525	-69.5
9.6	-69.4375
9.675	-69.4062
9.75	-69.4375
9.825	-69.5
9.9	-69.4688
9.975	-69.5
10.05	-69.4375
10.125	-69.4688
10.2	-69.5
10.275	-69.375
10.35	-69.4062
10.425	-69.4375
10.5	-69.5312
10.575	-69.4375
10.65	-69.4062
10.725	-69.5625
10.8	-69.5
10.875	-69.4062
10.95	-69.4375
11.025	-69.5
11.1	-69.5312
11.175	-69.4062
11.25	-69.5312
11.325	-69.5312
11.4	-69.5312
11.475	-69.4062
11.55	-69.5312
11.625	-69.5312
11.7	-69.5
11.775	-69.4375
11.85	-69.5
11.925	-69.625
12	-69.4688
12.075	-69.4375
12.15	-69.5937
12.225	-69.5312
12.3	-69.4062
12.375	-69.5625
12.45	-69.5312
12.525	-69.375
12.6	-69.5
12.675	-69.5312
12.75	-69.4375
12.825	-69.5937
12.9	-69.5937
12.975	-69.4688
13.05	-69.5625
13.125	-69.5312
13.2	-69.4688
13.275	-69.5625
13.35	-69.5625
13.425	-69.5312
13.5	-69.625
13.575	-69.5625
13.65	-69.4688
13.725	-69.5937
13.8	-69.5625
13.875	-69.5937
13.95	-69.5625
14.025	-69.5312
14.1	-69.5625
14.175	-69.625
14.25	-69.5312
14.325	-69.625
14.4	-69.5625
14.475	-69.5625
14.55	-69.5625
14.625	-69.5312
14.7	-69.625
14.775	-69.625
14.85	-69.5625
14.925	-69.5625
15	-69.25
15.075	-69.0313
15.15	-68.6875
15.225	-68.6875
15.3	-68.7187
15.375	-68.5625
15.45	-68.5
15.525	-68.375
15.6	-68.5625
15.675	-68.5
15.75	-68.3125
15.825	-68.4062
15.9	-68.4062
15.975	-68.4375
16.05	-68.25
16.125	-68.2812
16.2	-68.3438
16.275	-68.2812
16.35	-68.1875
16.425	-68.125
16.5	-68.3125
16.575	-68.125
16.65	-68.0625
16.725	-68.1562
16.8	-68.0937
16.875	-68.0625
16.95	-68
17.025	-68
17.1	-68
17.175	-68
17.25	-67.875
17.325	-67.9063
17.4	-67.875
17.475	-67.875
17.55	-67.8125
17.625	-67.9063
17.7	-67.9063
17.775	-67.6875
17.85	-67.75
17.925	-67.7812
18	-67.9063
18.075	-67.7188
18.15	-67.5938
18.225	-67.7812
18.3	-67.8125
18.375	-67.7188
18.45	-67.5938
18.525	-67.5625
18.6	-67.625
18.675	-67.6875
18.75	-67.5
18.825	-67.5938
18.9	-67.5625
18.975	-67.5625
19.05	-67.4687
19.125	-67.4687
19.2	-67.5625
19.275	-67.4375
19.35	-67.4063
19.425	-67.375
19.5	-67.5
19.575	-67.4063
19.65	-67.3125
19.725	-67.4375
19.8	-67.375
19.875	-67.2813
19.95	-67.25
20.025	-67.4063
20.1	-67.25
20.175	-67.1562
20.25	-67.2813
20.325	-67.2188
20.4	-67.0938
20.475	-67.1562
20.55	-67.25
20.625	-67.1562
20.7	-67.0625
20.775	-67.0938
20.85	-67.1562
20.925	-67.0938
21	-67.125
21.075	-67.125
21.15	-67.0938
21.225	-67.0625
21.3	-67.1562
21.375	-67.0312
21.45	-66.9687
21.525	-67.0312
21.6	-66.9375
21.675	-66.9687
21.75	-67.0312
21.825	-66.9375
21.9	-66.9063
21.975	-66.9063
22.05	-66.8125
22.125	-66.8437
22.2	-66.9687
22.275	-66.9063
22.35	-66.8437
22.425	-66.875
22.5	-66.7813
22.575	-66.8437
22.65	-66.8125
22.725	-66.625
22.8	-66.7813
22.875	-66.8125
22.95	-66.6562
23.025	-66.75
23.1	-66.6875
23.175	-66.7813
23.25	-66.6875
23.325	-66.6562
23.4	-66.6875
23.475	-66.7187
23.55	-66.7813
23.625	-66.625
23.7	-66.6562
23.775	-66.75
23.85	-66.5938
23.925	-66.5625
24	-66.5
24.075	-66.6875
24.15	-66.5625
24.225	-66.4375
24.3	-66.5312
24.375	-66.5
24.45	-66.5312
24.525	-66.375
24.6	-66.5
24.675	-66.5625
24.75	-66.4375
24.825	-66.375
24.9	-66.4688
24.975	-66.5
25.05	-66.375
25.125	-66.4063
25.2	-66.375
25.275	-66.4688
25.35	-66.375
25.425	-66.375
25.5	-66.3437
25.575	-66.4375
25.65	-66.375
25.725	-66.3437
25.8	-66.3437
25.875	-66.375
25.95	-66.25
26.025	-66.25
26.1	-66.375
26.175	-66.3125
26.25	-66.2187
26.325	-66.2187
26.4	-66.375
26.475	-66.375
26.55	-66.2187
26.625	-66.0938
26.7	-66.2187
26.775	-66.3125
26.85	-66.1875
26.925	-66.0625
27	-66.1563
27.075	-66.3125
27.15	-66.125
27.225	-66
27.3	-66.1875
27.375	-66.2187
27.45	-66
27.525	-66
27.6	-66.2187
27.675	-66.1875
27.75	-66
27.825	-66.0938
27.9	-66.1875
27.975	-66.0625
28.05	-65.9688
28.125	-66.0625
28.2	-66.1563
28.275	-66
28.35	-66
28.425	-66
28.5	-65.9688
28.575	-66.0625
28.65	-66
28.725	-66
28.8	-65.9375
28.875	-66.0312
28.95	-65.9688
29.025	-65.9062
29.1	-66
29.175	-65.9375
29.25	-65.9375
29.325	-66
29.4	-65.9688
29.475	-65.9688
29.55	-65.9688
29.625	-65.9062
29.7	-65.8438
29.775	-65.8438
29.85	-65.9062
29.925	-65.875
30	-65.7813
30.075	-65.8125
30.15	-65.8125
30.225	-65.7187
30.3	-65.875
30.375	-65.8125
30.45	-65.6875
30.525	-65.7813
30.6	-65.75
30.675	-65.7187
30.75	-65.7813
30.825	-65.625
30.9	-65.7187
30.975	-65.6875
31.05	-65.625
31.125	-65.7813
31.2	-65.625
31.275	-65.7187
31.35	-65.6875
31.425	-65.5937
31.5	-65.625
31.575	-65.5937
31.65	-65.6563
31.725	-65.625
31.8	-65.4688
31.875	-65.625
31.95	-65.625
32.025	-65.4688
32.1	-65.5625
32.175	-65.5312
32.25	-65.6563
32.325	-65.5625
32.4	-65.4688
32.475	-65.5312
32.55	-65.5625
32.625	-65.5
32.7	-65.4375
32.775	-65.5625
32.85	-65.625
32.925	-65.5
33	-65.4375
33.075	-65.4688
33.15	-65.5937
33.225	-65.375
33.3	-65.5
33.375	-65.4375
33.45	-65.5625
33.525	-65.5
33.6	-65.375
33.675	-65.5312
33.75	-65.5
33.825	-65.3438
33.9	-65.2187
33.975	-65.4688
34.05	-65.5312
34.125	-65.375
34.2	-65.375
34.275	-65.375
34.35	-65.3438
34.425	-65.3125
34.5	-65.3125
34.575	-65.4375
34.65	-65.375
34.725	-65.2187
34.8	-65.3125
34.875	-65.4062
34.95	-65.3438
35.025	-65.1875
35.1	-65.25
35.175	-65.375
35.25	-65.3125
35.325	-65.125
35.4	-65.2187
35.475	-65.3438
35.55	-65.1875
35.625	-65.0937
35.7	-65.2187
35.775	-65.3125
35.85	-65.2187
35.925	-65.0313
36	-65.25
36.075	-65.3125
36.15	-65.2187
36.225	-65.125
36.3	-65.1875
36.375	-65.2187
36.45	-65.125
36.525	-65.125
36.6	-65.1875
36.675	-65.125
36.75	-65.2187
36.825	-65.25
36.9	-65.1563
36.975	-65.0313
37.05	-65.125
37.125	-65.0625
37.2	-65
37.275	-65.1563
37.35	-65.0625
37.425	-65.0313
37.5	-65.125
37.575	-65.1563
37.65	-65
37.725	-65.0625
37.8	-65
37.875	-65
37.95	-65
38.025	-65.0937
38.1	-65.0313
38.175	-65
38.25	-65.0625
38.325	-65
38.4	-65.0937
38.475	-65
38.55	-64.9687
38.625	-65.0937
38.7	-65.0313
38.775	-64.9062
38.85	-64.9687
38.925	-65
39	-64.9687
39.075	-65
39.15	-65
39.225	-64.9687
39.3	-65
39.375	-64.9687
39.45	-64.9375
39.525	-65.0313
39.6	-64.9375
39.675	-64.875
39.75	-64.9687
39.825	-64.9062
39.9	-65
39.975	-64.875
40.05	-64.9375
40.125	-65.0313
40.2	-64.8125
40.275	-64.9375
40.35	-64.9375
40.425	-64.9687
40.5	-64.9062
40.575	-64.8438
40.65	-64.9687
40.725	-64.9687
40.8	-64.9375
40.875	-64.9062
40.95	-64.8438
41.025	-64.9687
41.1	-64.8125
41.175	-64.8125
41.25	-64.875
41.325	-64.9062
41.4	-64.8438
41.475	-64.7188
41.55	-64.9375
41.625	-64.875
41.7	-64.75
41.775	-64.7812
41.85	-64.7812
41.925	-64.875
42	-64.8125
42.075	-64.75
42.15	-64.9062
42.225	-64.9687
42.3	-64.8125
42.375	-64.8125
42.45	-64.8438
42.525	-64.875
42.6	-64.7812
42.675	-64.7812
42.75	-64.875
42.825	-64.8438
42.9	-64.7812
42.975	-64.9062
43.05	-64.9062
43.125	-64.8125
43.2	-64.625
43.275	-64.75
43.35	-64.9375
43.425	-64.875
43.5	-64.6875
43.575	-64.8438
43.65	-64.9062
43.725	-64.7812
43.8	-64.6563
43.875	-64.75
43.95	-64.9062
44.025	-64.7812
44.1	-64.6875
44.175	-64.75
44.25	-64.8125
44.325	-64.7188
44.4	-64.7188
44.475	-64.7812
44.55	-64.7812
44.625	-64.6875
44.7	-64.7188
44.775	-64.7812
44.85	-64.7188
44.925	-64.7188
45	-64.75
45.075	-64.7812
45.15	-64.6875
45.225	-64.6563
45.3	-64.75
45.375	-64.7812
45.45	-64.6875
45.525	-64.6563
45.6	-64.6563
45.675	-64.6875
45.75	-64.8438
45.825	-64.7188
45.9	-64.6875
45.975	-64.7812
46.05	-64.6563
46.125	-64.5625
46.2	-64.75
46.275	-64.625
46.35	-64.6563
46.425	-64.75
46.5	-64.625
46.575	-64.6563
46.65	-64.7812
46.725	-64.6563
46.8	-64.625
46.875	-64.7188
46.95	-64.5937
47.025	-64.625
47.1	-64.6563
47.175	-64.5625
47.25	-64.6563
47.325	-64.6563
47.4	-64.5
47.475	-64.625
47.55	-64.6563
47.625	-64.5313
47.7	-64.7188
47.775	-64.5625
47.85	-64.5313
47.925	-64.7188
48	-64.5937
48.075	-64.6563
48.15	-64.7188
48.225	-64.625
48.3	-64.6563
48.375	-64.625
48.45	-64.5
48.525	-64.6875
48.6	-64.5937
48.675	-64.625
48.75	-64.625
48.825	-64.5625
48.9	-64.75
48.975	-64.4687
49.05	-64.5937
49.125	-64.625
49.2	-64.6875
49.275	-64.5625
49.35	-64.4375
49.425	-64.625
49.5	-64.5313
49.575	-64.5
49.65	-64.4063
49.725	-64.6875
49.8	-64.5937
49.875	-64.5
49.95	-64.5
50.025	-64.625
50.1	-64.6563
50.175	-64.375
50.25	-64.5
50.325	-64.6563
50.4	-64.5313
50.475	-64.3438
50.55	-64.4687
50.625	-64.6875
50.7	-64.5
50.775	-64.4375
50.85	-64.4375
50.925	-64.5313
51	-64.5
51.075	-64.4375
51.15	-64.5
51.225	-64.5
51.3	-64.4687
51.375	-64.5
51.45	-64.5
51.525	-64.5
51.6	-64.5
51.675	-64.5
51.75	-64.5313
51.825	-64.5625
51.9	-64.5313
51.975	-64.5
52.05	-64.4375
52.125	-64.5625
52.2	-64.5
52.275	-64.5313
52.35	-64.5
52.425	-64.5
52.5	-64.5
52.575	-64.4687
52.65	-64.4375
52.725	-64.4687
52.8	-64.5937
52.875	-64.5
52.95	-64.4063
53.025	-64.5313
53.1	-64.5625
53.175	-64.4687
53.25	-64.4375
53.325	-64.5
53.4	-64.5313
53.475	-64.4063
53.55	-64.4687
53.625	-64.5
53.7	-64.4375
53.775	-64.4063
53.85	-64.4687
53.925	-64.5
54	-64.4375
54.075	-64.375
54.15	-64.5313
54.225	-64.4063
54.3	-64.375
54.375	-64.5
54.45	-64.4687
54.525	-64.4375
54.6	-64.5313
54.675	-64.4687
54.75	-64.4063
54.825	-64.5
54.9	-64.4687
54.975	-64.375
55.05	-64.4687
55.125	-64.4375
55.2	-64.375
55.275	-64.4687
55.35	-64.375
55.425	-64.375
55.5	-64.4687
55.575	-64.375
55.65	-64.4063
55.725	-64.5
55.8	-64.3125
55.875	-64.4687
55.95	-64.4687
56.025	-64.3125
56.1	-64.5
56.175	-64.4063
56.25	-64.375
56.325	-64.4687
56.4	-64.4063
56.475	-64.5
56.55	-64.3438
56.625	-64.4063
56.7	-64.4375
56.775	-64.4063
56.85	-64.4063
56.925	-64.375
57	-64.3438
57.075	-64.4687
57.15	-64.3438
57.225	-64.25
57.3	-64.5
57.375	-64.4063
57.45	-64.3438
57.525	-64.3125
57.6	-64.375
57.675	-64.4375
57.75	-64.3125
57.825	-64.4063
57.9	-64.4063
57.975	-64.5313
58.05	-64.2812
58.125	-64.375
58.2	-64.4375
58.275	-64.375
58.35	-64.3125
58.425	-64.3438
58.5	-64.5
58.575	-64.4063
58.65	-64.25
58.725	-64.4375
58.8	-64.5
58.875	-64.4063
58.95	-64.3125
59.025	-64.4063
59.1	-64.4375
59.175	-64.375
59.25	-64.2188
59.325	-64.3438
59.4	-64.4063
59.475	-64.2812
59.55	-64.125
59.625	-64.125
59.7	-64.1875
59.775	-64.2188
59.85	-64.125
59.925	-64.0938
60	-64.125
60.075	-64
60.15	-63.9687
60.225	-64
60.3	-63.9375
60.375	-64
60.45	-63.9375
60.525	-63.9375
60.6	-63.875
60.675	-63.875
60.75	-63.8437
60.825	-63.9063
60.9	-63.9687
60.975	-63.8125
61.05	-63.8125
61.125	-63.9063
61.2	-63.9687
61.275	-63.7812
61.35	-63.7812
61.425	-63.8437
61.5	-63.875
61.575	-63.75
61.65	-63.6875
61.725	-63.875
61.8	-63.875
61.875	-63.6875
61.95	-63.7188
62.025	-63.8125
62.1	-63.75
62.175	-63.7188
62.25	-63.8125
62.325	-63.8125
62.4	-63.6875
62.475	-63.7812
62.55	-63.6562
62.625	-63.5938
62.7	-63.7188
62.775	-63.7188
62.85	-63.5625
62.925	-63.625
63	-63.7188
63.075	-63.625
63.15	-63.625
63.225	-63.6875
63.3	-63.6562
63.375	-63.5312
63.45	-63.6562
63.525	-63.6562
63.6	-63.5312
63.675	-63.6562
63.75	-63.625
63.825	-63.5312
63.9	-63.6562
63.975	-63.625
64.05	-63.5312
64.125	-63.5625
64.2	-63.5938
64.275	-63.5
64.35	-63.6875
64.425	-63.5938
64.5	-63.5625
64.575	-63.625
64.65	-63.5312
64.725	-63.5938
64.8	-63.4687
64.875	-63.5625
64.95	-63.5938
65.025	-63.5312
65.1	-63.5312
65.175	-63.5312
65.25	-63.4375
65.325	-63.5
65.4	-63.4375
65.475	-63.5
65.55	-63.5625
65.625	-63.375
65.7	-63.5
65.775	-63.4687
65.85	-63.5312
65.925	-63.4063
66	-63.5
66.075	-63.5312
66.15	-63.4375
66.225	-63.4375
66.3	-63.4063
66.375	-63.5625
66.45	-63.4375
66.525	-63.4687
66.6	-63.5312
66.675	-63.5
66.75	-63.5625
66.825	-63.3437
66.9	-63.4375
66.975	-63.6562
67.05	-63.4375
67.125	-63.4063
67.2	-63.4687
67.275	-63.5938
67.35	-63.5312
67.425	-63.4375
67.5	-63.4687
67.575	-63.5625
67.65	-63.4687
67.725	-63.4687
67.8	-63.5625
67.875	-63.5625
67.95	-63.5312
68.025	-63.3125
68.1	-63.5
68.175	-63.625
68.25	-63.5312
68.325	-63.4063
68.4	-63.5312
68.475	-63.625
68.55	-63.5312
68.625	-63.3437
68.7	-63.4687
68.775	-63.5938
68.85	-63.4687
68.925	-63.375
69	-63.4375
69.075	-63.5312
69.15	-63.5312
69.225	-63.4063
69.3	-63.4375
69.375	-63.4687
69.45	-63.375
69.525	-63.4375
69.6	-63.3437
69.675	-63.5
69.75	-63.375
69.825	-63.3437
69.9	-63.4063
69.975	-63.5312
70.05	-63.375
70.125	-63.375
70.2	-63.5
70.275	-63.4063
70.35	-63.2813
70.425	-63.4063
70.5	-63.5
70.575	-63.4063
70.65	-63.3437
70.725	-63.4687
70.8	-63.4375
70.875	-63.3437
70.95	-63.4375
71.025	-63.4375
71.1	-63.375
71.175	-63.4375
71.25	-63.4063
71.325	-63.3125
71.4	-63.375
71.475	-63.4063
71.55	-63.3437
71.625	-63.4063
71.7	-63.4687
71.775	-63.3125
71.85	-63.4687
71.925	-63.4375
72	-63.3125
72.075	-63.4063
72.15	-63.4063
72.225	-63.4375
72.3	-63.4375
72.375	-63.4063
72.45	-63.3437
72.525	-63.4687
72.6	-63.4063
72.675	-63.2813
72.75	-63.4687
72.825	-63.4063
72.9	-63.2813
72.975	-63.4687
73.05	-63.4687
73.125	-63.4063
73.2	-63.4375
73.275	-63.4375
73.35	-63.4375
73.425	-63.4375
73.5	-63.25
73.575	-63.4063
73.65	-63.4687
73.725	-63.375
73.8	-63.3437
73.875	-63.3125
73.95	-63.5625
74.025	-63.375
74.1	-63.375
74.175	-63.3437
74.25	-63.4063
74.325	-63.4063
74.4	-63.2188
74.475	-63.375
74.55	-63.4063
74.625	-63.375
74.7	-63.3437
74.775	-63.3437
74.85	-63.4375
74.925	-63.3125
75	-63.4063
75.075	-63.4063
75.15	-63.3437
75.225	-63.4063
75.3	-63.375
75.375	-63.3125
75.45	-63.4063
75.525	-63.4375
75.6	-63.2813
75.675	-63.3437
75.75	-63.4063
75.825	-63.2813
75.9	-63.4063
75.975	-63.4687
76.05	-63.4375
76.125	-63.3437
76.2	-63.25
76.275	-63.4063
76.35	-63.5
76.425	-63.4687
76.5	-63.3125
76.575	-63.375
76.65	-63.4063
76.725	-63.375
76.8	-63.3125
76.875	-63.375
76.95	-63.4687
77.025	-63.3437
77.1	-63.2813
77.175	-63.4063
77.25	-63.5
77.325	-63.4063
77.4	-63.3437
77.475	-63.4375
77.55	-63.4375
77.625	-63.4063
77.7	-63.3125
77.775	-63.375
77.85	-63.4687
77.925	-63.3125
78	-63.1875
78.075	-63.4687
78.15	-63.4687
78.225	-63.3125
78.3	-63.375
78.375	-63.5
78.45	-63.4063
78.525	-63.3125
78.6	-63.4687
78.675	-63.4687
78.75	-63.4063
78.825	-63.4063
78.9	-63.4375
78.975	-63.4063
79.05	-63.3437
79.125	-63.5312
79.2	-63.5
79.275	-63.3437
79.35	-63.4063
79.425	-63.4375
79.5	-63.4063
79.575	-63.4063
79.65	-63.4375
79.725	-63.4063
79.8	-63.375
79.875	-63.4063
79.95	-63.4063
80.025	-63.3437
80.1	-63.4063
80.175	-63.4063
80.25	-63.3125
80.325	-63.4375
80.4	-63.3437
80.475	-63.2813
80.55	-63.375
80.625	-63.375
80.7	-63.2813
80.775	-63.375
80.85	-63.3437
80.925	-63.375
81	-63.375
81.075	-63.25
81.15	-63.4063
81.225	-63.375
81.3	-63.3125
81.375	-63.3125
81.45	-63.3125
81.525	-63.4063
81.6	-63.2813
81.675	-63.25
81.75	-63.2813
81.825	-63.1875
81.9	-63.25
81.975	-63.0938
82.05	-63.2813
82.125	-63.3125
82.2	-63.125
82.275	-63.2188
82.35	-63.1562
82.425	-63.25
82.5	-63.2188
82.575	-63.0938
82.65	-63.25
82.725	-63.25
82.8	-63.1562
82.875	-63.125
82.95	-63.1562
83.025	-63.25
83.1	-63.125
83.175	-63.0938
83.25	-63.125
83.325	-63.2813
83.4	-63.0938
83.475	-63
83.55	-63.1562
83.625	-63.2188
83.7	-63.0938
83.775	-63
83.85	-63.125
83.925	-63.1875
84	-63.0312
84.075	-63
84.15	-63.0938
84.225	-63.1875
84.3	-63.125
84.375	-63.0625
84.45	-63.1875
84.525	-63.0938
84.6	-63.0312
84.675	-63.0312
84.75	-63.1562
84.825	-63.1875
84.9	-63.0312
84.975	-63.0312
85.05	-63.1562
85.125	-63.1562
85.2	-63.0312
85.275	-63.0312
85.35	-63.125
85.425	-63.1562
85.5	-63.0938
85.575	-62.9688
85.65	-63.125
85.725	-63.1562
85.8	-63.0625
85.875	-63.0312
85.95	-63.1562
86.025	-63.1875
86.1	-63.0625
86.175	-63.0625
86.25	-63.125
86.325	-63.0938
86.4	-62.9688
86.475	-63.0625
86.55	-63.1875
86.625	-63.0938
86.7	-63
86.775	-63.125
86.85	-63.1562
86.925	-63.0312
87	-63.0938
87.075	-63.125
87.15	-63
87.225	-63.0312
87.3	-63.0938
87.375	-63.0625
87.45	-63.0312
87.525	-63.2188
87.6	-63.0938
87.675	-62.9375
87.75	-63.0938
87.825	-63.0938
87.9	-63.0312
87.975	-63.0938
88.05	-63.1562
88.125	-63.0625
88.2	-63.0312
88.275	-63.0938
88.35	-63.0938
88.425	-62.9688
88.5	-63.0625
88.575	-63.0625
88.65	-62.9688
88.725	-63.0938
88.8	-63.0625
88.875	-63.0312
88.95	-63.0312
89.025	-63.0625
89.1	-62.9688
89.175	-63.0312
89.25	-62.9375
89.325	-62.9063
89.4	-63.0312
89.475	-62.9688
89.55	-62.9688
89.625	-63.0312
89.7	-62.9688
89.775	-62.9688
89.85	-62.875
89.925	-62.9063
90	-63.0312
90.075	-62.9063
90.15	-62.8125
90.225	-62.9688
90.3	-62.9375
90.375	-62.9688
90.45	-62.875
90.525	-62.9688
90.6	-63
90.675	-62.8125
90.75	-62.875
90.825	-62.9375
90.9	-62.9688
90.975	-62.9063
91.05	-62.8125
91.125	-62.9063
91.2	-62.8125
91.275	-62.8437
91.35	-62.7187
91.425	-62.9375
91.5	-62.9063
91.575	-62.7813
91.65	-62.7187
91.725	-62.7813
91.8	-62.875
91.875	-62.8125
91.95	-62.7187
92.025	-62.8437
92.1	-62.8437
92.175	-62.6875
92.25	-62.6875
92.325	-62.8125
92.4	-62.9063
92.475	-62.8125
92.55	-62.75
92.625	-62.7813
92.7	-62.75
92.775	-62.7187
92.85	-62.7813
92.925	-62.7813
93	-62.7187
93.075	-62.6875
93.15	-62.6875
93.225	-62.8125
93.3	-62.75
93.375	-62.625
93.45	-62.6875
93.525	-62.7813
93.6	-62.7187
93.675	-62.6563
93.75	-62.7187
93.825	-62.8125
93.9	-62.6563
93.975	-62.5312
94.05	-62.7187
94.125	-62.8437
94.2	-62.6563
94.275	-62.625
94.35	-62.7187
94.425	-62.7813
94.5	-62.7187
94.575	-62.625
94.65	-62.6875
94.725	-62.75
94.8	-62.6563
94.875	-62.625
94.95	-62.7187
95.025	-62.625
95.1	-62.5312
95.175	-62.5
95.25	-62.5625
95.325	-62.5312
95.4	-62.5312
95.475	-62.4687
95.55	-62.4687
95.625	-62.4375
95.7	-62.4687
95.775	-62.375
95.85	-62.2813
95.925	-62.375
96	-62.3438
96.075	-62.3125
96.15	-62.4062
96.225	-62.4062
96.3	-62.25
96.375	-62.3438
96.45	-62.3438
96.525	-62.25
96.6	-62.3438
96.675	-62.4375
96.75	-62.2813
96.825	-62.3438
96.9	-62.3438
96.975	-62.25
97.05	-62.25
97.125	-62.375
97.2	-62.2188
97.275	-62.4062
97.35	-62.3438
97.425	-62.25
97.5	-62.3438
97.575	-62.3125
97.65	-62.2188
97.725	-62.25
97.8	-62.3438
97.875	-62.25
97.95	-62.3438
98.025	-62.1875
98.1	-62.3438
98.175	-62.2813
98.25	-62.1562
98.325	-62.2813
98.4	-62.25
98.475	-62.3438
98.55	-62.2813
98.625	-62.1562
98.7	-62.375
98.775	-62.3125
98.85	-62.2188
98.925	-62.3125
99	-62.25
99.075	-62.375
99.15	-62.2188
99.225	-62.1875
99.3	-62.3125
99.375	-62.2813
99.45	-62.25
99.525	-62.125
99.6	-62.3438
99.675	-62.25
99.75	-62.3125
99.825	-62.1875
99.9	-62.4062
99.975	-62.3125
100.05	-62.125
100.125	-62.2188
100.2	-62.2188
100.275	-62.2813
100.35	-62.2813
100.425	-62.25
100.5	-62.25
100.575	-62.2188
100.65	-62.25
100.725	-62.2813
100.8	-62.4062
100.875	-62.25
100.95	-62.1562
101.025	-62.2188
101.1	-62.3125
101.175	-62.3438
101.25	-62.25
101.325	-62.2188
101.4	-62.2188
101.475	-62.1875
101.55	-62.2813
101.625	-62.25
101.7	-62.2813
101.775	-62.1875
101.85	-62.2188
101.925	-62.2188
102	-62.3438
102.075	-62.2188
102.15	-62.1562
102.225	-62.375
102.3	-62.3438
102.375	-62.25
102.45	-62.2188
102.525	-62.3125
102.6	-62.3125
102.675	-62.2188
102.75	-62.1875
102.825	-62.2813
102.9	-62.25
102.975	-62.125
103.05	-62.25
103.125	-62.2813
103.2	-62.25
103.275	-62.25
103.35	-62.2813
103.425	-62.2188
103.5	-62.3125
103.575	-62.3125
103.65	-62.2813
103.725	-62.2813
103.8	-62.3438
103.875	-62.2813
103.95	-62.2813
104.025	-62.3125
104.1	-62.3438
104.175	-62.2188
104.25	-62.25
104.325	-62.3125
104.4	-62.3125
104.475	-62.2188
104.55	-62.3438
104.625	-62.2188
104.7	-62.125
104.775	-62.2188
104.85	-62.2188
104.925	-62.2188
105	-62.2813
105.075	-62.25
105.15	-62.1875
105.225	-62.25
105.3	-62.25
105.375	-62.2188
105.45	-62.25
105.525	-62.2188
105.6	-62.125
105.675	-62.2813
105.75	-62.1875
105.825	-62.1875
105.9	-62.2813
105.975	-62.1875
106.05	-62.3125
106.125	-62.3125
106.2	-62.25
106.275	-62.3438
106.35	-62.3125
106.425	-62.25
106.5	-62.25
106.575	-62.25
106.65	-62.4375
106.725	-62.2813
106.8	-62.3438
106.875	-62.4062
106.95	-62.375
107.025	-62.3125
107.1	-62.1562
107.175	-62.375
107.25	-62.25
107.325	-62.1875
107.4	-62.3438
107.475	-62.2813
107.55	-62.4062
107.625	-62.2813
107.7	-62.2188
107.775	-62.4375
107.85	-62.25
107.925	-62.25
108	-62.2813
108.075	-62.3125
108.15	-62.4062
108.225	-62.25
108.3	-62.3125
108.375	-62.4062
108.45	-62.3125
108.525	-62.3125
108.6	-62.3125
108.675	-62.4687
108.75	-62.4687
108.825	-62.25
108.9	-62.2188
108.975	-62.3438
109.05	-62.4062
109.125	-62.375
109.2	-62.375
109.275	-62.4062
109.35	-62.3438
109.425	-62.3125
109.5	-62.4062
109.575	-62.5
109.65	-62.4062
109.725	-62.25
109.8	-62.3125
109.875	-62.5
109.95	-62.4687
110.025	-62.3125
110.1	-62.3125
110.175	-62.375
110.25	-62.4375
110.325	-62.3438
110.4	-62.3438
110.475	-62.4687
110.55	-62.25
110.625	-62.25
110.7	-62.2813
110.775	-62.4062
110.85	-62.3125
110.925	-62.2188
111	-62.25
111.075	-62.375
111.15	-62.25
111.225	-62.0937
111.3	-62.3125
111.375	-62.3438
111.45	-62.1875
111.525	-62.25
111.6	-62.3125
111.675	-62.2188
111.75	-62.1562
111.825	-62.25
111.9	-62.3125
111.975	-62.25
112.05	-62.2813
112.125	-62.25
112.2	-62.2188
112.275	-62.125
112.35	-62.25
112.425	-62.2188
112.5	-62.1562
112.575	-62.2813
112.65	-62.2188
112.725	-62.1562
112.8	-62.25
112.875	-62.25
112.95	-62.25
113.025	-62.25
113.1	-62.25
113.175	-62.2188
113.25	-62.1875
113.325	-62.2813
113.4	-62.1875
113.475	-62.25
113.55	-62.3438
113.625	-62.2188
113.7	-62.2813
113.775	-62.25
113.85	-62.2188
113.925	-62.2188
114	-62.2188
114.075	-62.2188
114.15	-62.25
114.225	-62.3438
114.3	-62.1562
114.375	-62.2813
114.45	-62.25
114.525	-62.2188
114.6	-62.2188
114.675	-62.2813
114.75	-62.25
114.825	-62.4062
114.9	-62.25
114.975	-62.1562
115.05	-62.3438
115.125	-62.2188
115.2	-62.2813
115.275	-62.3125
115.35	-62.2813
115.425	-62.3438
115.5	-62.1562
115.575	-62.1875
115.65	-62.3438
115.725	-62.2813
115.8	-62.25
115.875	-62.2813
115.95	-62.3438
116.025	-62.375
116.1	-62.1875
116.175	-62.2813
116.25	-62.25
116.325	-62.375
116.4	-62.125
116.475	-62.25
116.55	-62.4375
116.625	-62.3125
116.7	-62.2188
116.775	-62.25
116.85	-62.4687
116.925	-62.3438
117	-62.2188
117.075	-62.2813
117.15	-62.4375
117.225	-62.3125
117.3	-62.25
117.375	-62.25
117.45	-62.4687
117.525	-62.375
117.6	-62.2188
117.675	-62.1875
117.75	-62.3125
117.825	-62.3438
117.9	-62.3125
117.975	-62.3438
118.05	-62.375
118.125	-62.2813
118.2	-62.3125
118.275	-62.4062
118.35	-62.375
118.425	-62.25
118.5	-62.25
118.575	-62.4375
118.65	-62.4062
118.725	-62.3438
118.8	-62.375
118.875	-62.4687
118.95	-62.4062
119.025	-62.2813
119.1	-62.3438
119.175	-62.375
119.25	-62.4687
119.325	-62.3438
119.4	-62.4062
119.475	-62.4687
119.55	-62.4687
119.625	-62.2188
119.7	-62.3438
119.775	-62.4375
119.85	-62.375
119.925	-62.25
120	-62.375
120.075	-62.5312
120.15	-62.4062
120.225	-62.375
120.3	-62.4062
120.375	-62.4062
120.45	-62.375
120.525	-62.4375
120.6	-62.4687
120.675	-62.4687
120.75	-62.4375
120.825	-62.4062
120.9	-62.4062
120.975	-62.4062
121.05	-62.5
121.125	-62.4687
121.2	-62.4687
121.275	-62.5312
121.35	-62.5
121.425	-62.4687
121.5	-62.4687
121.575	-62.4375
121.65	-62.4062
121.725	-62.4375
121.8	-62.5
121.875	-62.375
121.95	-62.5312
122.025	-62.5312
122.1	-62.3438
122.175	-62.5
122.25	-62.4687
122.325	-62.4062
122.4	-62.5625
122.475	-62.5312
122.55	-62.5312
122.625	-62.5312
122.7	-62.4687
122.775	-62.4062
122.85	-62.5
122.925	-62.4375
123	-62.5
123.075	-62.4375
123.15	-62.4687
123.225	-62.5938
123.3	-62.5312
123.375	-62.4375
123.45	-62.5
123.525	-62.5312
123.6	-62.6563
123.675	-62.4687
123.75	-62.4687
123.825	-62.625
123.9	-62.5312
123.975	-62.4687
124.05	-62.5
124.125	-62.5938
124.2	-62.6563
124.275	-62.4062
124.35	-62.625
124.425	-62.625
124.5	-62.5
124.575	-62.5312
124.65	-62.4375
124.725	-62.6563
124.8	-62.5
124.875	-62.5
124.95	-62.5312
125.025	-62.6563
125.1	-62.5625
125.175	-62.4375
125.25	-62.6563
125.325	-62.6563
125.4	-62.5625
125.475	-62.5312
125.55	-62.625
125.625	-62.75
125.7	-62.625
125.775	-62.5312
125.85	-62.6563
125.925	-62.7813
126	-62.6563
126.075	-62.5312
126.15	-62.5625
126.225	-62.6563
126.3	-62.5625
126.375	-62.5938
126.45	-62.6875
126.525	-62.75
126.6	-62.5625
126.675	-62.5938
126.75	-62.7187
126.825	-62.7187
126.9	-62.5625
126.975	-62.6563
127.05	-62.75
127.125	-62.75
127.2	-62.6563
127.275	-62.7187
127.35	-62.7187
127.425	-62.75
127.5	-62.625
127.575	-62.6875
127.65	-62.7813
127.725	-62.6875
127.8	-62.7187
127.875	-62.75
127.95	-62.7187
128.025	-62.7187
128.1	-62.7187
128.175	-62.7187
128.25	-62.7813
128.325	-62.75
128.4	-62.75
128.475	-62.7813
128.55	-62.6875
128.625	-62.7813
128.7	-62.7813
128.775	-62.6875
128.85	-62.8125
128.925	-62.8125
129	-62.7187
129.075	-62.7187
129.15	-62.8437
129.225	-62.7813
129.3	-62.6875
129.375	-62.8125
129.45	-62.8125
129.525	-62.6875
129.6	-62.8437
129.675	-62.8437
129.75	-62.7813
129.825	-62.8437
129.9	-62.75
129.975	-62.7813
130.05	-62.8437
130.125	-62.8125
130.2	-62.6875
130.275	-62.7813
130.35	-62.7187
130.425	-62.625
130.5	-62.7813
130.575	-62.75
130.65	-62.5625
130.725	-62.7813
130.8	-62.75
130.875	-62.6563
130.95	-62.7813
131.025	-62.7187
131.1	-62.6875
131.175	-62.75
131.25	-62.625
131.325	-62.6875
131.4	-62.75
131.475	-62.625
131.55	-62.7187
131.625	-62.625
131.7	-62.7187
131.775	-62.6875
131.85	-62.5938
131.925	-62.6875
132	-62.6875
132.075	-62.75
132.15	-62.5938
132.225	-62.6875
132.3	-62.7813
132.375	-62.625
132.45	-62.6563
132.525	-62.625
132.6	-62.75
132.675	-62.625
132.75	-62.6563
132.825	-62.7813
132.9	-62.625
132.975	-62.7813
133.05	-62.5938
133.125	-62.7187
133.2	-62.8125
133.275	-62.6563
133.35	-62.75
133.425	-62.75
133.5	-62.75
133.575	-62.7813
133.65	-62.6563
133.725	-62.625
133.8	-62.8125
133.875	-62.8125
133.95	-62.6875
134.025	-62.75
134.1	-62.6563
134.175	-62.75
134.25	-62.7813
134.325	-62.8437
134.4	-62.7813
134.475	-62.6563
134.55	-62.7187
134.625	-62.9063
134.7	-62.9688
134.775	-62.7187
134.85	-62.6563
134.925	-62.75
135	-62.7813
135.075	-62.7813
135.15	-62.75
135.225	-62.8125
135.3	-62.7813
135.375	-62.7813
135.45	-62.75
135.525	-62.9063
135.6	-62.8437
135.675	-62.8125
135.75	-62.8125
135.825	-62.7813
135.9	-62.7813
135.975	-62.875
136.05	-62.7813
136.125	-62.75
136.2	-62.8437
136.275	-62.9063
136.35	-62.8437
136.425	-62.8437
136.5	-62.8437
136.575	-62.9063
136.65	-62.75
136.725	-62.7813
136.8	-62.875
136.875	-62.8125
136.95	-62.7813
137.025	-62.9063
137.1	-62.9063
137.175	-62.8125
137.25	-62.8437
137.325	-62.9375
137.4	-62.9063
137.475	-62.75
137.55	-62.9063
137.625	-62.8125
137.7	-62.7813
137.775	-62.875
137.85	-62.8437
137.925	-62.8125
138	-62.9063
138.075	-62.9063
138.15	-62.8437
138.225	-62.8437
138.3	-62.9063
138.375	-62.8437
138.45	-62.8125
138.525	-62.9063
138.6	-62.8125
138.675	-62.9375
138.75	-62.9688
138.825	-62.9063
138.9	-62.875
138.975	-62.9375
139.05	-62.8125
139.125	-62.9063
139.2	-62.9063
139.275	-62.9375
139.35	-62.9375
139.425	-62.875
139.5	-62.9688
139.575	-62.9375
139.65	-62.875
139.725	-63.0312
139.8	-62.9063
139.875	-63.0312
139.95	-62.9375
140.025	-62.8125
140.1	-63
140.175	-63.0312
140.25	-62.875
140.325	-62.9688
140.4	-62.9063
140.475	-63.0312
140.55	-62.9375
140.625	-62.875
140.7	-63
140.775	-63
140.85	-63
140.925	-62.875
141	-63
141.075	-63.0625
141.15	-62.9063
141.225	-62.9688
141.3	-62.9688
141.375	-63.125
141.45	-62.9063
141.525	-62.9063
141.6	-63.0312
141.675	-63.0312
141.75	-63.0625
141.825	-62.9688
141.9	-63
141.975	-63.0625
142.05	-62.9688
142.125	-62.875
142.2	-63.0312
142.275	-63.0312
142.35	-63.0312
142.425	-62.9688
142.5	-63.0625
142.575	-62.9688
142.65	-62.9688
142.725	-62.9688
142.8	-63.1562
142.875	-63.1562
142.95	-62.9688
143.025	-62.9375
143.1	-63.0938
143.175	-63.0625
143.25	-63.0625
143.325	-63
143.4	-62.9688
143.475	-63.125
143.55	-62.9688
143.625	-62.9688
143.7	-62.9688
143.775	-63
143.85	-62.9688
143.925	-62.9375
144	-62.9063
144.075	-62.9688
144.15	-62.875
144.225	-62.9063
144.3	-62.9688
144.375	-63.0625
144.45	-62.9688
144.525	-62.875
144.6	-63
144.675	-63.0312
144.75	-62.875
144.825	-62.9375
144.9	-63
144.975	-62.9063
145.05	-62.875
145.125	-62.9375
145.2	-62.9688
145.275	-62.8437
145.35	-62.875
145.425	-62.9688
145.5	-62.875
145.575	-62.9063
145.65	-63
145.725	-62.9063
145.8	-62.9063
145.875	-63.0312
145.95	-62.9688
146.025	-62.8437
146.1	-62.9063
146.175	-63
146.25	-62.9375
146.325	-62.9063
146.4	-62.9688
146.475	-62.9375
146.55	-62.8125
146.625	-62.9688
146.7	-62.9063
146.775	-62.8437
146.85	-62.9688
146.925	-62.9063
147	-62.875
147.075	-62.875
147.15	-62.9375
147.225	-62.875
147.3	-63.0312
147.375	-62.875
147.45	-62.9063
147.525	-63.0312
147.6	-62.9063
147.675	-62.9375
147.75	-63.0312
147.825	-62.875
147.9	-63
147.975	-63.0312
148.05	-63.0312
148.125	-63.0312
148.2	-62.9063
148.275	-62.9375
148.35	-63.0312
148.425	-62.8125
148.5	-62.9375
148.575	-63.0312
148.65	-63.0625
148.725	-63.0312
148.8	-62.9063
148.875	-63.0625
148.95	-63.0312
149.025	-62.9375
149.1	-62.9063
149.175	-62.9688
149.25	-63.1562
149.325	-62.8437
149.4	-62.875
149.475	-63.0312
149.55	-62.9375
149.625	-63
149.7	-62.8437
149.775	-63.0625
149.85	-63.0312
149.925	-63.0312
150	-62.9375
150.075	-62.9375
150.15	-63.0312
150.225	-62.9063
150.3	-62.7813
150.375	-63.0312
150.45	-63.0625
150.525	-62.9375
150.6	-62.8437
150.675	-63.0312
150.75	-63.0625
150.825	-63
150.9	-62.9688
150.975	-62.9688
151.05	-62.9688
151.125	-62.9375
151.2	-63
151.275	-63.0625
151.35	-63.0312
151.425	-62.9063
151.5	-62.9688
151.575	-63.0625
151.65	-63.0312
151.725	-62.9063
151.8	-62.875
151.875	-63.1562
151.95	-63.0625
152.025	-62.9063
152.1	-62.9063
152.175	-63.0625
152.25	-63.0938
152.325	-62.9375
152.4	-62.9375
152.475	-63.0312
152.55	-63
152.625	-62.9063
152.7	-63
152.775	-63.0625
152.85	-63.0312
152.925	-62.875
153	-63
153.075	-63.0938
153.15	-63.0312
153.225	-63.0312
153.3	-63.0625
153.375	-63.125
153.45	-62.9688
153.525	-63
153.6	-63.0625
153.675	-63.0312
153.75	-63.0312
153.825	-63.0625
153.9	-63.0312
153.975	-63
154.05	-63.0625
154.125	-63.0625
154.2	-63.0312
154.275	-63.1562
154.35	-63.0938
154.425	-63
154.5	-63
154.575	-63.125
154.65	-63.0312
154.725	-63.0938
154.8	-63.125
154.875	-63.0312
154.95	-63
155.025	-63.0938
155.1	-63
155.175	-63.0938
155.25	-63.125
155.325	-63.0938
155.4	-63.0312
155.475	-63.1562
155.55	-63.0938
155.625	-63.0625
155.7	-63.0938
155.775	-63.0312
155.85	-63.0625
155.925	-63.1562
156	-62.9688
156.075	-63.0625
156.15	-63.125
156.225	-63.0625
156.3	-63.125
156.375	-63.0938
156.45	-63.0625
156.525	-63.2188
156.6	-63.0625
156.675	-63.0938
156.75	-63.0938
156.825	-63.0938
156.9	-63.0938
156.975	-63.0938
157.05	-63.1562
157.125	-63.25
157.2	-63.0938
157.275	-63.1562
157.35	-63.1875
157.425	-63.0938
157.5	-63.125
157.575	-63.0312
157.65	-63.1562
157.725	-63.2188
157.8	-63.0625
157.875	-63.0938
157.95	-63.1562
158.025	-63.3437
158.1	-63.0938
158.175	-63.0625
158.25	-63.1875
158.325	-63.0312
158.4	-63.125
158.475	-63.0938
158.55	-63.2188
158.625	-63.2813
158.7	-63.0938
158.775	-63.0938
158.85	-63.2813
158.925	-63.2813
159	-63.1562
159.075	-63.125
159.15	-63.1875
159.225	-63.125
159.3	-63.125
159.375	-63.2188
159.45	-63.2188
159.525	-63.1562
159.6	-63.125
159.675	-63.1875
159.75	-63.3125
159.825	-63.2188
159.9	-63.0312
159.975	-63.1875
160.05	-63.25
160.125	-63.25
160.2	-63.0625
160.275	-63.1875
160.35	-63.3125
160.425	-63.125
160.5	-63.1875
160.575	-63.3125
160.65	-63.1875
160.725	-63.25
160.8	-63.25
160.875	-63.2188
160.95	-63.2188
161.025	-63.25
161.1	-63.2188
161.175	-63.1562
161.25	-63.25
161.325	-63.3125
161.4	-63.25
161.475	-63.25
161.55	-63.3437
161.625	-63.2813
161.7	-63.25
161.775	-63.25
161.85	-63.4063
161.925	-63.3125
162	-63.1875
162.075	-63.3125
162.15	-63.4063
162.225	-63.25
162.3	-63.25
162.375	-63.4063
162.45	-63.2813
162.525	-63.2188
162.6	-63.4063
162.675	-63.25
162.75	-63.25
162.825	-63.3125
162.9	-63.4375
162.975	-63.3125
163.05	-63.3437
163.125	-63.3125
163.2	-63.25
163.275	-63.375
163.35	-63.375
163.425	-63.25
163.5	-63.3125
163.575	-63.3437
163.65	-63.2188
163.725	-63.3125
163.8	-63.3437
163.875	-63.2188
163.95	-63.4687
164.025	-63.375
164.1	-63.2813
164.175	-63.4063
164.25	-63.375
164.325	-63.4063
164.4	-63.4687
164.475	-63.2813
164.55	-63.2813
164.625	-63.4375
164.7	-63.3437
164.775	-63.3125
164.85	-63.4063
164.925	-63.375
165	-63.4687
165.075	-63.4063
165.15	-63.2813
165.225	-63.5312
165.3	-63.4375
165.375	-63.25
165.45	-63.4063
165.525	-63.4063
165.6	-63.4687
165.675	-63.3437
165.75	-63.3125
165.825	-63.5312
165.9	-63.375
165.975	-63.375
166.05	-63.375
166.125	-63.4687
166.2	-63.5312
166.275	-63.375
166.35	-63.4375
166.425	-63.4687
166.5	-63.5625
166.575	-63.3437
166.65	-63.4375
166.725	-63.5
166.8	-63.4063
166.875	-63.375
166.95	-63.4063
167.025	-63.4063
167.1	-63.4375
167.175	-63.4375
167.25	-63.4687
167.325	-63.5
167.4	-63.375
167.475	-63.4063
167.55	-63.4375
167.625	-63.5312
167.7	-63.4375
167.775	-63.3437
167.85	-63.4687
167.925	-63.5938
168	-63.5312
168.075	-63.4063
168.15	-63.4375
168.225	-63.4687
168.3	-63.5
168.375	-63.5312
168.45	-63.4687
168.525	-63.5
168.6	-63.4375
168.675	-63.4687
168.75	-63.5625
168.825	-63.5625
168.9	-63.4687
168.975	-63.5
169.05	-63.5312
169.125	-63.4375
169.2	-63.5
169.275	-63.5312
169.35	-63.4687
169.425	-63.5938
169.5	-63.5625
169.575	-63.5625
169.65	-63.4375
169.725	-63.5938
169.8	-63.5625
169.875	-63.5
169.95	-63.4687
170.025	-63.5938
170.1	-63.5312
170.175	-63.5
170.25	-63.5312
170.325	-63.5938
170.4	-63.5625
170.475	-63.5312
170.55	-63.6562
170.625	-63.625
170.7	-63.5
170.775	-63.5312
170.85	-63.6562
170.925	-63.5
171	-63.4687
171.075	-63.6562
171.15	-63.5625
171.225	-63.4375
171.3	-63.5
171.375	-63.5625
171.45	-63.4375
171.525	-63.5938
171.6	-63.5938
171.675	-63.5312
171.75	-63.5625
171.825	-63.625
171.9	-63.5312
171.975	-63.5625
172.05	-63.5938
172.125	-63.5312
172.2	-63.625
172.275	-63.5938
172.35	-63.5625
172.425	-63.6562
172.5	-63.5938
172.575	-63.5312
172.65	-63.625
172.725	-63.5938
172.8	-63.5938
172.875	-63.6562
172.95	-63.5312
173.025	-63.5625
173.1	-63.7188
173.175	-63.5625
173.25	-63.5625
173.325	-63.5938
173.4	-63.5938
173.475	-63.6875
173.55	-63.5625
173.625	-63.6875
173.7	-63.6875
173.775	-63.5312
173.85	-63.5938
173.925	-63.5312
174	-63.75
174.075	-63.625
174.15	-63.5312
174.225	-63.6562
174.3	-63.6562
174.375	-63.75
174.45	-63.5938
174.525	-63.5938
174.6	-63.7188
174.675	-63.5938
174.75	-63.6562
174.825	-63.5938
174.9	-63.7188
174.975	-63.6562
175.05	-63.5
175.125	-63.7188
175.2	-63.75
175.275	-63.5625
175.35	-63.5625
175.425	-63.6875
175.5	-63.7812
175.575	-63.6562
175.65	-63.625
175.725	-63.7188
175.8	-63.8125
175.875	-63.5938
175.95	-63.5312
176.025	-63.7188
176.1	-63.8437
176.175	-63.7812
176.25	-63.6562
176.325	-63.6562
176.4	-63.7812
176.475	-63.7812
176.55	-63.7188
176.625	-63.8437
176.7	-63.7812
176.775	-63.625
176.85	-63.625
176.925	-63.8125
177	-63.7812
177.075	-63.5938
177.15	-63.6562
177.225	-63.8125
177.3	-63.7188
177.375	-63.6562
177.45	-63.6562
177.525	-63.7812
177.6	-63.75
177.675	-63.625
177.75	-63.7812
177.825	-63.75
177.9	-63.7188
177.975	-63.7188
178.05	-63.7812
178.125	-63.7188
178.2	-63.6875
178.275	-63.7188
178.35	-63.7812
178.425	-63.7188
178.5	-63.7812
178.575	-63.7812
178.65	-63.75
178.725	-63.6875
178.8	-63.7812
178.875	-63.7812
178.95	-63.7188
179.025	-63.7812
179.1	-63.8437
179.175	-63.7188
179.25	-63.6875
179.325	-63.8437
179.4	-63.7812
179.475	-63.6562
179.55	-63.7188
179.625	-63.75
179.7	-63.6875
179.775	-63.75
179.85	-63.7812
179.925	-63.7188
180	-63.8125
180.075	-63.8437
180.15	-63.6875
180.225	-63.8125
180.3	-63.8437
180.375	-63.7812
180.45	-63.8437
180.525	-63.8125
180.6	-63.7188
180.675	-63.9063
180.75	-63.7812
180.825	-63.7812
180.9	-63.8437
180.975	-63.8125
181.05	-63.7812
181.125	-63.8437
181.2	-63.75
181.275	-63.8437
181.35	-63.875
181.425	-63.7812
181.5	-63.8437
181.575	-63.875
181.65	-63.8125
181.725	-63.7812
181.8	-63.7188
181.875	-63.875
181.95	-63.875
182.025	-63.7812
182.1	-63.9063
182.175	-63.875
182.25	-63.875
182.325	-63.7812
182.4	-63.875
182.475	-63.9375
182.55	-63.75
182.625	-63.8125
182.7	-63.8125
182.775	-63.875
182.85	-63.8125
182.925	-63.8125
183	-63.9063
183.075	-63.9687
183.15	-63.875
183.225	-63.75
183.3	-63.9375
183.375	-63.9375
183.45	-63.9063
183.525	-63.8125
183.6	-63.8437
183.675	-64
183.75	-63.9063
183.825	-63.9063
183.9	-63.8437
183.975	-63.9687
184.05	-63.875
184.125	-63.8437
184.2	-64
184.275	-63.9687
184.35	-63.8125
184.425	-63.7188
184.5	-63.875
184.575	-63.9375
184.65	-63.9063
184.725	-63.7812
184.8	-63.875
184.875	-63.8437
184.95	-63.8437
185.025	-63.875
185.1	-63.9687
185.175	-63.8437
185.25	-63.8125
185.325	-63.875
185.4	-64
185.475	-63.9687
185.55	-63.8125
185.625	-63.875
185.7	-63.9687
185.775	-63.8125
185.85	-63.875
185.925	-63.9063
186	-63.9687
186.075	-63.9063
186.15	-63.9063
186.225	-63.9687
186.3	-63.9687
186.375	-63.8437
186.45	-63.9375
186.525	-64
186.6	-63.9687
186.675	-63.9375
186.75	-63.9375
186.825	-63.9375
186.9	-63.9063
186.975	-63.9375
187.05	-63.9375
187.125	-63.9375
187.2	-63.9375
187.275	-64
187.35	-63.9375
187.425	-63.9063
187.5	-64
187.575	-63.9687
187.65	-63.9063
187.725	-64
187.8	-63.9687
187.875	-63.875
187.95	-63.9687
188.025	-63.9375
188.1	-63.9063
188.175	-63.9375
188.25	-64
188.325	-63.875
188.4	-63.9375
188.475	-63.9687
188.55	-63.9375
188.625	-63.9687
188.7	-63.9375
188.775	-63.9063
188.85	-64
188.925	-63.9375
189	-63.9375
189.075	-63.9687
189.15	-63.9687
189.225	-63.9687
189.3	-64
189.375	-63.9687
189.45	-63.9687
189.525	-64
189.6	-63.9687
189.675	-63.9375
189.75	-64
189.825	-63.9375
189.9	-63.9687
189.975	-64
190.05	-63.9687
190.125	-64
190.2	-63.875
190.275	-64
190.35	-64
190.425	-63.9375
190.5	-63.9375
190.575	-63.9375
190.65	-64
190.725	-64
190.8	-63.9063
190.875	-64
190.95	-63.9687
191.025	-63.9375
191.1	-63.8437
191.175	-63.9687
191.25	-64
191.325	-63.9375
191.4	-64
191.475	-63.9375
191.55	-64.0938
191.625	-63.875
191.7	-63.875
191.775	-64
191.85	-63.9687
191.925	-64
192	-63.9375
192.075	-64
192.15	-64
192.225	-63.9687
192.3	-63.9375
192.375	-64
192.45	-63.9375
192.525	-63.9687
192.6	-64
192.675	-64.125
192.75	-64.0938
192.825	-63.9687
192.9	-63.9063
192.975	-64
193.05	-64
193.125	-63.9687
193.2	-63.9687
193.275	-64
193.35	-64
193.425	-64
193.5	-64
193.575	-64
193.65	-64
193.725	-63.9687
193.8	-64
193.875	-64
193.95	-64
194.025	-64
194.1	-64
194.175	-63.9687
194.25	-64
194.325	-63.9687
194.4	-63.9375
194.475	-64
194.55	-64.0938
194.625	-64
194.7	-63.9687
194.775	-64
194.85	-64
194.925	-63.9687
195	-64
195.075	-64.0938
195.15	-64
195.225	-64
195.3	-63.9687
195.375	-64.125
195.45	-64
195.525	-63.9375
195.6	-64.0938
195.675	-64
195.75	-63.9687
195.825	-64.0625
195.9	-64.0625
195.975	-64
196.05	-64
196.125	-64
196.2	-64
196.275	-64
196.35	-64.0625
196.425	-64
196.5	-64.125
196.575	-64
196.65	-64
196.725	-64.0313
196.8	-64.0625
196.875	-63.9375
196.95	-64.125
197.025	-64.0625
197.1	-64
197.175	-64.0938
197.25	-64
197.325	-64.0625
197.4	-64.125
197.475	-64
197.55	-64
197.625	-64
197.7	-64
197.775	-64.0625
197.85	-64
197.925	-64.1562
198	-64.125
198.075	-63.9687
198.15	-64
198.225	-64.0625
198.3	-64
198.375	-64.0625
198.45	-64.0313
198.525	-64.125
198.6	-64.0625
198.675	-63.9687
198.75	-64.0938
198.825	-64.0938
198.9	-64
198.975	-64
199.05	-64
199.125	-64.25
199.2	-64.0938
199.275	-63.9375
199.35	-64
199.425	-64
199.5	-64.0938
199.575	-63.9687
199.65	-64.1562
199.725	-64.125
199.8	-64
199.875	-64
199.95	-64
200.025	-64.125
200.1	-64
200.175	-63.9375
200.25	-64.125
200.325	-64.125
200.4	-63.9687
200.475	-64
200.55	-64.0938
200.625	-64
200.7	-63.9375
200.775	-64
200.85	-64.1875
200.925	-64.1562
201	-64
201.075	-63.9375
201.15	-64.0625
201.225	-64.0625
201.3	-64
201.375	-64
201.45	-64
201.525	-64.125
201.6	-64
201.675	-64
201.75	-64
201.825	-64
201.9	-64
201.975	-63.9687
202.05	-64
202.125	-64.125
202.2	-64
202.275	-64
202.35	-64.0313
202.425	-64.125
202.5	-64
202.575	-63.9687
202.65	-64
202.725	-64
202.8	-64
202.875	-64
202.95	-64.1562
203.025	-64.125
203.1	-64
203.175	-63.9687
203.25	-64.125
203.325	-64.0625
203.4	-63.9063
203.475	-64
203.55	-64.1562
203.625	-64
203.7	-63.9375
203.775	-64
203.85	-64.0938
203.925	-63.9687
204	-64
204.075	-64
204.15	-64
204.225	-63.9687
204.3	-64
204.375	-64
204.45	-63.9687
204.525	-64
204.6	-64
204.675	-64
204.75	-64
204.825	-64
204.9	-63.9687
204.975	-63.9375
205.05	-63.9375
205.125	-63.7812
205.2	-63.9063
205.275	-63.9375
205.35	-63.9063
205.425	-63.875
205.5	-63.875
205.575	-63.8437
205.65	-63.9375
205.725	-63.9687
205.8	-63.9063
205.875	-63.9063
205.95	-63.9063
206.025	-63.7812
206.1	-63.875
206.175	-63.9063
206.25	-63.7812
206.325	-63.9687
206.4	-63.9375
206.475	-63.8125
206.55	-63.875
206.625	-63.8437
206.7	-63.8437
206.775	-63.8437
206.85	-63.7812
206.925	-63.9063
207	-63.9063
207.075	-63.7812
207.15	-63.8437
207.225	-63.9063
207.3	-63.9063
207.375	-63.8437
207.45	-63.7188
207.525	-63.9063
207.6	-63.875
207.675	-63.7812
207.75	-63.875
207.825	-63.8125
207.9	-63.9063
207.975	-63.75
208.05	-63.75
208.125	-63.875
208.2	-63.7812
208.275	-63.7812
208.35	-63.6562
208.425	-63.9063
208.5	-63.8125
208.575	-63.6875
208.65	-63.8437
208.725	-63.9063
208.8	-63.7812
208.875	-63.7188
208.95	-63.8437
209.025	-63.9063
209.1	-63.8125
209.175	-63.75
209.25	-63.7188
209.325	-63.9063
209.4	-63.9063
209.475	-63.8125
209.55	-63.75
209.625	-63.8437
209.7	-63.8125
209.775	-63.7188
209.85	-63.7812
209.925	-63.8437
210	-63.8437
210.075	-63.75
210.15	-63.7812
210.225	-63.9063
210.3	-63.7812
210.375	-63.7812
210.45	-63.875
210.525	-63.875
210.6	-63.75
210.675	-63.7812
210.75	-63.8437
210.825	-63.8125
210.9	-63.75
210.975	-63.7812
211.05	-63.8437
211.125	-63.75
211.2	-63.75
211.275	-63.7812
211.35	-63.7188
211.425	-63.6875
211.5	-63.7188
211.575	-63.6875
211.65	-63.6562
211.725	-63.7188
211.8	-63.7812
211.875	-63.75
211.95	-63.7188
212.025	-63.8437
212.1	-63.7812
212.175	-63.7188
212.25	-63.7188
212.325	-63.8125
212.4	-63.7188
212.475	-63.6562
212.55	-63.75
212.625	-63.8125
212.7	-63.6875
212.775	-63.7188
212.85	-63.75
212.925	-63.625
213	-63.6875
213.075	-63.7812
213.15	-63.6562
213.225	-63.75
213.3	-63.7812
213.375	-63.6562
213.45	-63.6875
213.525	-63.7812
213.6	-63.6875
213.675	-63.7812
213.75	-63.7188
213.825	-63.625
213.9	-63.7812
213.975	-63.75
214.05	-63.6562
214.125	-63.6875
214.2	-63.75
214.275	-63.7188
214.35	-63.8125
214.425	-63.6875
214.5	-63.75
214.575	-63.75
214.65	-63.625
214.725	-63.7188
214.8	-63.6875
214.875	-63.8125
214.95	-63.7188
215.025	-63.625
215.1	-64.1875
215.175	-64.2812
215.25	-64.4375
215.325	-64.5625
215.4	-64.6563
215.475	-64.7812
215.55	-64.625
215.625	-64.7812
215.7	-64.8438
215.775	-64.9062
215.85	-64.7812
215.925	-64.75
216	-65
216.075	-64.9687
216.15	-64.9375
216.225	-65
216.3	-65
216.375	-65.2187
216.45	-65
216.525	-65.1563
216.6	-65.1563
216.675	-65.2187
216.75	-65.2187
216.825	-65.1563
216.9	-65.3438
216.975	-65.2812
217.05	-65.2187
217.125	-65.2812
217.2	-65.4688
217.275	-65.5312
217.35	-65.4062
217.425	-65.4062
217.5	-65.5
217.575	-65.4375
217.65	-65.3438
217.725	-65.5312
217.8	-65.625
217.875	-65.5
217.95	-65.375
218.025	-65.5312
218.1	-65.7187
218.175	-65.6875
218.25	-65.5312
218.325	-65.6875
218.4	-65.8438
218.475	-65.6875
218.55	-65.625
218.625	-65.7813
218.7	-65.9062
218.775	-65.75
218.85	-65.8125
218.925	-65.875
219	-65.9688
219.075	-65.7813
219.15	-65.875
219.225	-65.9062
219.3	-65.9375
219.375	-65.9375
219.45	-66
219.525	-66
219.6	-66
219.675	-66.0625
219.75	-65.9375
219.825	-66
219.9	-66.125
219.975	-66.0312
220.05	-66
220.125	-66.1875
220.2	-66.1563
220.275	-66
220.35	-66.1563
220.425	-66.125
220.5	-66.125
220.575	-66.125
220.65	-66.1563
220.725	-66.2187
220.8	-66.2813
220.875	-66.3125
220.95	-66.25
221.025	-66.2187
221.1	-66.3437
221.175	-66.3437
221.25	-66.2813
221.325	-66.4375
221.4	-66.4375
221.475	-66.3125
221.55	-66.4063
221.625	-66.4375
221.7	-66.375
221.775	-66.4375
221.85	-66.5312
221.925	-66.4063
222	-66.4688
222.075	-66.5312
222.15	-66.4688
222.225	-66.625
222.3	-66.5312
222.375	-66.5
222.45	-66.6875
222.525	-66.5625
222.6	-66.5938
222.675	-66.6562
222.75	-66.6562
222.825	-66.6875
222.9	-66.6562
222.975	-66.625
223.05	-66.8437
223.125	-66.6875
223.2	-66.7187
223.275	-66.8125
223.35	-66.7187
223.425	-66.7813
223.5	-66.6562
223.575	-66.7813
223.65	-66.7813
223.725	-66.6875
223.8	-66.875
223.875	-66.875
223.95	-66.9063
224.025	-66.875
224.1	-66.7813
224.175	-66.9687
224.25	-66.8437
224.325	-66.875
224.4	-66.875
224.475	-67
224.55	-67
224.625	-66.8125
224.7	-66.9687
224.775	-67.0312
224.85	-67.0312
224.925	-66.9063
225	-67.0938
225.075	-67.125
225.15	-67.0625
225.225	-67.1562
225.3	-67.0312
225.375	-67.0938
225.45	-67.1562
225.525	-67.1562
225.6	-67.1562
225.675	-67.2188
225.75	-67.125
225.825	-67.125
225.9	-67.25
225.975	-67.25
226.05	-67.25
226.125	-67.1562
226.2	-67.3437
226.275	-67.4375
226.35	-67.4063
226.425	-67.2188
226.5	-67.3437
226.575	-67.5
226.65	-67.375
226.725	-67.2813
226.8	-67.375
226.875	-67.5938
226.95	-67.375
227.025	-67.2813
227.1	-67.4375
227.175	-67.5625
227.25	-67.4375
227.325	-67.3125
227.4	-67.625
227.475	-67.5625
227.55	-67.3437
227.625	-67.4687
227.7	-67.5
227.775	-67.4375
227.85	-67.4687
227.925	-67.5625
228	-67.5625
228.075	-67.5625
228.15	-67.625
228.225	-67.5313
228.3	-67.5313
228.375	-67.6875
228.45	-67.6562
228.525	-67.6562
228.6	-67.7188
228.675	-67.75
228.75	-67.6562
228.825	-67.625
228.9	-67.8438
228.975	-67.75
229.05	-67.625
229.125	-67.75
229.2	-67.8438
229.275	-67.7188
229.35	-67.7812
229.425	-67.8438
229.5	-67.7812
229.575	-67.8125
229.65	-67.9063
229.725	-67.8125
229.8	-67.7812
229.875	-67.8438
229.95	-67.8125
230.025	-67.75
230.1	-67.9063
230.175	-67.8438
230.25	-67.9375
230.325	-67.9687
230.4	-67.9375
230.475	-67.9375
230.55	-68
230.625	-67.9375
230.7	-67.9687
230.775	-67.9687
230.85	-67.9375
230.925	-68.0625
231	-67.9063
231.075	-67.9687
231.15	-68
231.225	-67.9687
231.3	-68.0937
231.375	-68
231.45	-68
231.525	-68.0625
231.6	-67.9063
231.675	-68.0625
231.75	-68.0937
231.825	-68
231.9	-68.125
231.975	-68
232.05	-68.125
232.125	-68.0937
232.2	-68.0937
232.275	-68.1875
232.35	-68.125
232.425	-68.25
232.5	-68
232.575	-68.2188
232.65	-68.1562
232.725	-68.2188
232.8	-68.1562
232.875	-68.1562
232.95	-68.3125
233.025	-68.1875
233.1	-68.25
233.175	-68.2188
233.25	-68.3125
233.325	-68.25
233.4	-68.0937
233.475	-68.3125
233.55	-68.375
233.625	-68.2812
233.7	-68.2812
233.775	-68.3125
233.85	-68.3125
233.925	-68.25
234	-68.3438
234.075	-68.4062
234.15	-68.4375
234.225	-68.2812
234.3	-68.25
234.375	-68.4375
234.45	-68.5
234.525	-68.4062
234.6	-68.3438
234.675	-68.375
234.75	-68.4687
234.825	-68.4375
234.9	-68.4062
234.975	-68.4375
235.05	-68.5937
235.125	-68.5313
235.2	-68.375
235.275	-68.4687
235.35	-68.5937
235.425	-68.5
235.5	-68.4687
235.575	-68.4687
235.65	-68.5625
235.725	-68.5
235.8	-68.4687
235.875	-68.5313
235.95	-68.5625
236.025	-68.5625
236.1	-68.5
236.175	-68.6563
236.25	-68.6875
236.325	-68.625
236.4	-68.5
236.475	-68.7187
236.55	-68.6875
236.625	-68.5
236.7	-68.625
236.775	-68.7187
236.85	-68.5625
236.925	-68.6563
237	-68.5937
237.075	-68.5937
237.15	-68.6563
237.225	-68.6875
237.3	-68.7812
237.375	-68.7187
237.45	-68.75
237.525	-68.7187
237.6	-68.625
237.675	-68.7187
237.75	-68.7812
237.825	-68.7187
237.9	-68.7187
237.975	-68.8125
238.05	-68.75
238.125	-68.7812
238.2	-68.8125
238.275	-68.8125
238.35	-68.75
238.425	-68.8438
238.5	-68.7812
238.575	-68.8125
238.65	-68.8125
238.725	-68.7812
238.8	-68.875
238.875	-68.9062
238.95	-68.75
239.025	-68.9062
239.1	-68.8125
239.175	-68.8125
239.25	-68.875
239.325	-68.875
239.4	-68.9688
239.475	-68.8125
239.55	-68.875
239.625	-69
239.7	-68.9062
239.775	-68.9375
239.85	-68.8438
239.925	-68.9375
240	-68.9375
240.075	-68.8125
240.15	-69.0313
240.225	-68.9688
240.3	-68.9688
240.375	-68.9062
240.45	-68.875
240.525	-69.125
240.6	-68.9688
240.675	-68.9375
240.75	-69
240.825	-68.9688
240.9	-69.0625
240.975	-68.9062
241.05	-69.0625
241.125	-69.0625
241.2	-69
241.275	-69
241.35	-69
241.425	-69.2187
241.5	-69
241.575	-69.125
241.65	-69
241.725	-69.125
241.8	-69
241.875	-68.9062
241.95	-69.1563
242.025	-69.125
242.1	-69.0313
242.175	-69
242.25	-69.125
242.325	-69.25
242.4	-69.0313
242.475	-69
242.55	-69.125
242.625	-69.2187
242.7	-69.0625
242.775	-69.0313
242.85	-69.0937
242.925	-69.2813
243	-69.1563
243.075	-69.125
243.15	-69.2187
243.225	-69.1875
243.3	-69.1563
243.375	-69.2187
243.45	-69.2187
243.525	-69.2187
243.6	-69.1563
243.675	-69.2187
243.75	-69.3438
243.825	-69.2813
243.9	-69.125
243.975	-69.25
244.05	-69.3438
244.125	-69.3125
244.2	-69.1563
244.275	-69.2187
244.35	-69.3438
244.425	-69.25
244.5	-69.1875
244.575	-69.25
244.65	-69.4062
244.725	-69.25
244.8	-69.3438
244.875	-69.3438
244.95	-69.25
245.025	-69.375
245.1	-69.25
245.175	-69.25
245.25	-69.4062
245.325	-69.3438
245.4	-69.1875
245.475	-69.375
245.55	-69.4062
245.625	-69.3438
245.7	-69.375
245.775	-69.375
245.85	-69.3438
245.925	-69.375
246	-69.3438
246.075	-69.3438
246.15	-69.4062
246.225	-69.4062
246.3	-69.3438
246.375	-69.2813
246.45	-69.4062
246.525	-69.375
246.6	-69.3125
246.675	-69.375
246.75	-69.3438
246.825	-69.3125
246.9	-69.4375
246.975	-69.4062
247.05	-69.4062
247.125	-69.5
247.2	-69.4688
247.275	-69.4062
247.35	-69.4375
247.425	-69.375
247.5	-69.4062
247.575	-69.4688
247.65	-69.3125
247.725	-69.5
247.8	-69.4375
247.875	-69.4062
247.95	-69.4688
248.025	-69.4062
248.1	-69.5
248.175	-69.4375
248.25	-69.375
248.325	-69.4688
248.4	-69.4688
248.475	-69.5625
248.55	-69.4062
248.625	-69.4688
248.7	-69.5937
248.775	-69.375
248.85	-69.5312
248.925	-69.5
249	-69.5625
249.075	-69.5
249.15	-69.375
249.225	-69.625
249.3	-69.5937
249.375	-69.5937
249.45	-69.4375
249.525	-69.5625
249.6	-69.5937
249.675	-69.4688
249.75	-69.5
249.825	-69.5312
249.9	-69.6563
249.975	-69.5312
250.05	-69.5625
250.125	-69.625
250.2	-69.5625
250.275	-69.5312
250.35	-69.5312
250.425	-69.625
250.5	-69.6563
250.575	-69.5312
250.65	-69.5625
250.725	-69.7187
250.8	-69.625
250.875	-69.5
250.95	-69.5312
251.025	-69.75
251.1	-69.6875
251.175	-69.5312
251.25	-69.4688
251.325	-69.6875
251.4	-69.7187
251.475	-69.6563
251.55	-69.5312
251.625	-69.625
251.7	-69.6875
251.775	-69.6563
251.85	-69.5937
251.925	-69.6563
252	-69.7813
252.075	-69.6875
252.15	-69.6563
252.225	-69.625
252.3	-69.75
252.375	-69.6875
252.45	-69.5937
252.525	-69.7187
252.6	-69.7813
252.675	-69.7187
252.75	-69.6563
252.825	-69.7187
252.9	-69.75
252.975	-69.6875
253.05	-69.6563
253.125	-69.7813
253.2	-69.7187
253.275	-69.7187
253.35	-69.6875
253.425	-69.7813
253.5	-69.7813
253.575	-69.625
253.65	-69.7187
253.725	-69.8125
253.8	-69.7187
253.875	-69.6875
253.95	-69.9062
254.025	-69.75
254.1	-69.7187
254.175	-69.7813
254.25	-69.7187
254.325	-69.7813
254.4	-69.8437
254.475	-69.8125
254.55	-69.7813
254.625	-69.8437
254.7	-69.7813
254.775	-69.6875
254.85	-69.7813
254.925	-69.7813
255	-69.7813
255.075	-69.9062
255.15	-69.8125
255.225	-69.7813
255.3	-69.875
255.375	-69.9062
255.45	-69.7813
255.525	-69.875
255.6	-69.875
255.675	-69.7813
255.75	-69.875
255.825	-69.8125
255.9	-69.9062
255.975	-69.875
256.05	-69.8125
256.125	-69.875
256.2	-69.9062
256.275	-69.8437
256.35	-69.8437
256.425	-69.7813
256.5	-69.9375
256.575	-69.9375
256.65	-69.875
256.725	-69.8437
256.8	-69.9062
256.875	-69.9688
256.95	-69.8437
257.025	-69.7813
257.1	-69.9062
257.175	-69.875
257.25	-69.875
257.325	-69.8125
257.4	-69.875
257.475	-70
257.55	-69.8437
257.625	-69.9062
257.7	-69.8437
257.775	-70.0312
257.85	-69.875
257.925	-69.8125
258	-70
258.075	-69.9375
258.15	-69.9375
258.225	-69.7813
258.3	-70
258.375	-69.9375
258.45	-69.9062
258.525	-69.9375
258.6	-69.9688
258.675	-70.0312
258.75	-69.9375
258.825	-69.9375
258.9	-69.9062
258.975	-70
259.05	-69.9688
259.125	-69.9062
259.2	-70.0312
259.275	-69.9375
259.35	-69.9062
259.425	-69.9375
259.5	-70.1562
259.575	-70.0625
259.65	-69.875
259.725	-69.9375
259.8	-70.0625
259.875	-70.125
259.95	-69.9688
260.025	-69.8437
260.1	-70
260.175	-70.0625
260.25	-69.9062
260.325	-69.9375
260.4	-70.0312
260.475	-70.0312
260.55	-69.8437
260.625	-69.8437
260.7	-70.0312
260.775	-69.9375
260.85	-69.9062
260.925	-69.9375
261	-70.0625
261.075	-69.9688
261.15	-69.875
261.225	-70
261.3	-70.0938
261.375	-69.9375
261.45	-69.9688
261.525	-70.0312
261.6	-70.0312
261.675	-69.9688
261.75	-70.0312
261.825	-70.0625
261.9	-69.9688
261.975	-69.875
262.05	-70
262.125	-70
262.2	-69.9375
262.275	-69.9688
262.35	-69.9375
262.425	-69.9688
262.5	-70.0938
262.575	-70.0312
262.65	-69.9062
262.725	-70.0625
262.8	-69.9688
262.875	-69.9062
262.95	-69.9688
263.025	-70.0312
263.1	-69.9688
263.175	-69.9688
263.25	-70.0625
263.325	-70
263.4	-69.9375
263.475	-70.0625
263.55	-70.0312
263.625	-70
263.7	-70.0625
263.775	-70
263.85	-70.0625
263.925	-70.0312
264	-69.9688
264.075	-70.0938
264.15	-69.9688
264.225	-70.0312
264.3	-70.0625
264.375	-70.0312
264.45	-70.125
264.525	-70.0625
264.6	-70.0312
264.675	-70.125
264.75	-70
264.825	-70.0625
264.9	-70.0625
264.975	-70.0625
265.05	-70.1562
265.125	-70.0625
265.2	-70.0625
265.275	-70.125
265.35	-70.1875
265.425	-70.0625
265.5	-70
265.575	-70.1562
265.65	-70.0625
265.725	-70.0938
265.8	-70
265.875	-70.2187
265.95	-70.125
266.025	-70.0938
266.1	-70.0938
266.175	-70.0625
266.25	-70.2187
266.325	-70.0938
266.4	-70.0625
266.475	-70.125
266.55	-70.0938
266.625	-70.125
266.7	-70.0938
266.775	-70.2813
266.85	-70.125
266.925	-70
267	-70.0938
267.075	-70.2813
267.15	-70.2187
267.225	-70.0938
267.3	-70.0312
267.375	-70.2187
267.45	-70.1562
267.525	-70.0938
267.6	-70.0625
267.675	-70.125
267.75	-70.0938
267.825	-70.0312
267.9	-70.1562
267.975	-70.2187
268.05	-70.1875
268.125	-69.9375
268.2	-70.0625
268.275	-70.2187
268.35	-70.1562
268.425	-70
268.5	-70.125
268.575	-70.3437
268.65	-70.125
268.725	-70.0625
268.8	-70.1875
268.875	-70.2813
268.95	-70.0938
269.025	-70.125
269.1	-70.1875
269.175	-70.1562
269.25	-70.125
269.325	-70.1562
269.4	-70.1562
269.475	-70.1562
269.55	-70.2187
269.625	-70.1875
269.7	-70.2187
269.775	-70.125
269.85	-70.2187
269.925	-70.1875
270	-70.125
270.075	-70.1562
270.15	-70.2187
270.225	-70.125
270.3	-70.1562
270.375	-70.2813
270.45	-70.2187
270.525	-70.125
270.6	-70.1875
270.675	-70.2187
270.75	-70.0625
270.825	-70.1562
270.9	-70.2187
270.975	-70.0938
271.05	-70.0938
271.125	-70.125
271.2	-70.125
271.275	-70.1562
271.35	-70.1562
271.425	-70.1562
271.5	-70.0625
271.575	-70.2187
271.65	-70.125
271.725	-70.0625
271.8	-70.2187
271.875	-70.125
271.95	-70.1875
272.025	-70.1875
272.1	-70.0938
272.175	-70.125
272.25	-70.1562
272.325	-70.0938
272.4	-70.1875
272.475	-70.0625
272.55	-70.1875
272.625	-70.1875
272.7	-70.0312
272.775	-70.1875
272.85	-70.1562
272.925	-70.125
273	-70.25
273.075	-70.0625
273.15	-70.25
273.225	-70.125
273.3	-70.0938
273.375	-70.125
273.45	-70.0938
273.525	-70.25
273.6	-70.125
273.675	-70.1562
273.75	-70.2813
273.825	-70.2187
273.9	-70.1875
273.975	-70.0625
274.05	-70.1875
274.125	-70.2187
274.2	-70.0625
274.275	-70.1562
274.35	-70.125
274.425	-70.2187
274.5	-70.0312
274.575	-70.0938
274.65	-70.1875
274.725	-70.125
274.8	-70.1562
274.875	-70.0625
274.95	-70.25
275.025	-70.2187
275.1	-70.0312
275.175	-70.25
275.25	-70.25
275.325	-70.1562
275.4	-70.1562
275.475	-70.0625
275.55	-70.125
275.625	-70.125
275.7	-70.125
275.775	-70.125
275.85	-70.1875
275.925	-70.0938
276	-70.1562
276.075	-70.2813
276.15	-70.25
276.225	-70.1562
276.3	-70.125
276.375	-70.2187
276.45	-70.3125
276.525	-70.2187
276.6	-70
276.675	-70.1562
276.75	-70.3437
276.825	-70.3125
276.9	-70.0938
276.975	-70.1875
277.05	-70.2813
277.125	-70.25
277.2	-70.125
277.275	-70.1875
277.35	-70.3125
277.425	-70.1875
277.5	-70.1562
277.575	-70.25
277.65	-70.3437
277.725	-70.1875
277.8	-70.1875
277.875	-70.2813
277.95	-70.2187
278.025	-70.1562
278.1	-70.2187
278.175	-70.2813
278.25	-70.2187
278.325	-70.1875
278.4	-70.25
278.475	-70.25
278.55	-70.1875
278.625	-70.25
278.7	-70.25
278.775	-70.1875
278.85	-70.1875
278.925	-70.2187
279	-70.125
279.075	-70.3125
279.15	-70.25
279.225	-70.2187
279.3	-70.2813
279.375	-70.2187
279.45	-70.1875
279.525	-70.2813
279.6	-70.2813
279.675	-70.125
279.75	-70.2187
279.825	-70.2813
279.9	-70.1875
279.975	-70.25
280.05	-70.25
280.125	-70.1875
280.2	-70.2187
280.275	-70.2187
280.35	-70.2187
280.425	-70.2187
280.5	-70.25
280.575	-70.1562
280.65	-70.2187
280.725	-70.2813
280.8	-70.1562
280.875	-70.25
280.95	-70.1875
281.025	-70.125
281.1	-70.25
281.175	-70.1562
281.25	-70.25
281.325	-70.25
281.4	-70.125
281.475	-70.2187
281.55	-70.1562
281.625	-70.25
281.7	-70.25
281.775	-70.0938
281.85	-70.25
281.925	-70.125
282	-70.25
282.075	-70.1875
282.15	-70.1562
282.225	-70.3437
282.3	-70.2813
282.375	-70.2187
282.45	-70.2187
282.525	-70.3437
282.6	-70.25
282.675	-70.125
282.75	-70.3125
282.825	-70.2187
282.9	-70.3437
282.975	-70.1875
283.05	-70.2187
283.125	-70.3125
283.2	-70.1875
283.275	-70.25
283.35	-70.1875
283.425	-70.4063
283.5	-70.25
283.575	-70.125
283.65	-70.3125
283.725	-70.3437
283.8	-70.125
283.875	-70.125
283.95	-70.25
284.025	-70.3125
284.1	-70.2813
284.175	-70.125
284.25	-70.3125
284.325	-70.4375
284.4	-70.25
284.475	-70.0938
284.55	-70.1875
284.625	-70.375
284.7	-70.3437
284.775	-70.125
284.85	-70.2187
284.925	-70.375
285	-70.3125
285.075	-70.2187
285.15	-70.25
285.225	-70.3125
285.3	-70.2813
285.375	-70.1875
285.45	-70.25
285.525	-70.375
285.6	-70.3125
285.675	-70.2187
285.75	-70.25
285.825	-70.375
285.9	-70.25
285.975	-70.2187
286.05	-70.3125
286.125	-70.3437
286.2	-70.1875
286.275	-70.2187
286.35	-70.3125
286.425	-70.3125
286.5	-70.2187
286.575	-70.25
286.65	-70.4375
286.725	-70.3125
286.8	-70.1875
286.875	-70.3125
286.95	-70.3125
287.025	-70.25
287.1	-70.2813
287.175	-70.2813
287.25	-70.25
287.325	-70.25
287.4	-70.375
287.475	-70.25
287.55	-70.25
287.625	-70.25
287.7	-70.25
287.775	-70.3125
287.85	-70.3437
287.925	-70.2187
288	-70.3125
288.075	-70.3437
288.15	-70.1875
288.225	-70.2813
288.3	-70.4063
288.375	-70.2813
288.45	-70.3437
288.525	-70.375
288.6	-70.25
288.675	-70.1875
288.75	-70.3125
288.825	-70.25
288.9	-70.2187
288.975	-70.3437
289.05	-70.25
289.125	-70.3437
289.2	-70.3437
289.275	-70.2813
289.35	-70.2813
289.425	-70.25
289.5	-70.2187
289.575	-70.2813
289.65	-70.3125
289.725	-70.2813
289.8	-70.4063
289.875	-70.2813
289.95	-70.1875
290.025	-70.2813
290.1	-70.2813
290.175	-70.2813
290.25	-70.1875
290.325	-70.25
290.4	-70.4063
290.475	-70.2187
290.55	-70.3125
290.625	-70.3125
290.7	-70.375
290.775	-70.2813
290.85	-70.1562
290.925	-70.3125
291	-70.2813
291.075	-70.3125
291.15	-70.125
291.225	-70.3125
291.3	-70.4063
291.375	-70.3437
291.45	-70.25
291.525	-70.2187
291.6	-70.375
291.675	-70.2813
291.75	-70.3125
291.825	-70.3125
291.9	-70.2187
291.975	-70.25
292.05	-70.1875
292.125	-70.2813
292.2	-70.375
292.275	-70.375
292.35	-70.1875
292.425	-70.2187
292.5	-70.375
292.575	-70.375
292.65	-70.25
292.725	-70.25
292.8	-70.3125
292.875	-70.2813
292.95	-70.2187
293.025	-70.3437
293.1	-70.2813
293.175	-70.2187
293.25	-70.2187
293.325	-70.4063
293.4	-70.4688
293.475	-70.2187
293.55	-70.1875
293.625	-70.4063
293.7	-70.4375
293.775	-70.25
293.85	-70.2187
293.925	-70.375
294	-70.4063
294.075	-70.25
294.15	-70.2187
294.225	-70.375
294.3	-70.4063
294.375	-70.2813
294.45	-70.3437
294.525	-70.4688
294.6	-70.3125
294.675	-70.2813
294.75	-70.375
294.825	-70.375
294.9	-70.25
294.975	-70.3125
295.05	-70.375
295.125	-70.3437
295.2	-70.4063
295.275	-70.3437
295.35	-70.25
295.425	-70.25
295.5	-70.2813
295.575	-70.2813
295.65	-70.25
295.725	-70.4375
295.8	-70.4063
295.875	-70.25
295.95	-70.3125
296.025	-70.375
296.1	-70.25
296.175	-70.3437
296.25	-70.3125
296.325	-70.2813
296.4	-70.375
296.475	-70.3125
296.55	-70.2813
296.625	-70.4063
296.7	-70.3437
296.775	-70.3125
296.85	-70.3437
296.925	-70.3437
297	-70.2813
297.075	-70.375
297.15	-70.3437
297.225	-70.3125
297.3	-70.3437
297.375	-70.3437
297.45	-70.3437
297.525	-70.375
297.6	-70.25
297.675	-70.3437
297.75	-70.3437
297.825	-70.1875
297.9	-70.4375
297.975	-70.4375
298.05	-70.2813
298.125	-70.4063
298.2	-70.2813
298.275	-70.4063
298.35	-70.3125
298.425	-70.2813
298.5	-70.4375
298.575	-70.25
298.65	-70.3125
298.725	-70.2187
298.8	-70.3437
298.875	-70.4063
298.95	-70.2187
299.025	-70.3125
299.1	-70.3125
299.175	-70.4688
299.25	-70.4063
299.325	-70.2187
299.4	-70.3125
299.475	-70.375
299.55	-70.3437
299.625	-70.1562
299.7	-70.3125
299.775	-70.375
299.85	-70.1875
299.925	-70.25
300	-70.25
300.075	-70.4688
300.15	-70.2187
300.225	-70.25
300.3	-70.4063
300.375	-70.375
300.45	-70.2187
300.525	-70.2187
300.6	-70.4375
300.675	-70.4375
300.75	-70.25
300.825	-70.2187
300.9	-70.4063
300.975	-70.4375
301.05	-70.25
301.125	-70.2187
301.2	-70.25
301.275	-70.4063
301.35	-70.3437
301.425	-70.2813
301.5	-70.3437
301.575	-70.3125
301.65	-70.2813
301.725	-70.3125
301.8	-70.3437
301.875	-70.25
301.95	-70.2813
302.025	-70.3437
302.1	-70.4063
302.175	-70.25
302.25	-70.25
302.325	-70.3437
302.4	-70.3437
302.475	-70.2813
302.55	-70.4063
302.625	-70.375
302.7	-70.4063
302.775	-70.25
302.85	-70.375
302.925	-70.3437
303	-70.3125
303.075	-70.3125
303.15	-70.4063
303.225	-70.3125
303.3	-70.375
303.375	-70.4375
303.45	-70.3125
303.525	-70.25
303.6	-70.4063
303.675	-70.3437
303.75	-70.25
303.825	-70.4063
303.9	-70.375
303.975	-70.25
304.05	-70.3437
304.125	-70.375
304.2	-70.25
304.275	-70.4063
304.35	-70.4063
304.425	-70.3125
304.5	-70.3125
304.575	-70.375
304.65	-70.25
304.725	-70.375
304.8	-70.375
304.875	-70.25
304.95	-70.4063
305.025	-70.4063
305.1	-70.25
305.175	-70.4063
305.25	-70.3437
305.325	-70.3125
305.4	-70.375
305.475	-70.3125
305.55	-70.3437
305.625	-70.3437
305.7	-70.2813
305.775	-70.3125
305.85	-70.4063
305.925	-70.25
306	-70.3437
306.075	-70.4063
306.15	-70.25
306.225	-70.3437
306.3	-70.25
306.375	-70.3125
306.45	-70.4688
306.525	-70.2813
306.6	-70.3125
306.675	-70.3125
306.75	-70.2813
306.825	-70.375
306.9	-70.1875
306.975	-70.375
307.05	-70.4063
307.125	-70.2813
307.2	-70.3125
307.275	-70.3125
307.35	-70.4063
307.425	-70.25
307.5	-70.25
307.575	-70.3125
307.65	-70.3437
307.725	-70.4063
307.8	-70.2187
307.875	-70.4063
307.95	-70.4063
308.025	-70.3125
308.1	-70.2813
308.175	-70.2187
308.25	-70.4063
308.325	-70.2187
308.4	-70.3125
308.475	-70.4375
308.55	-70.3437
308.625	-70.2813
308.7	-70.3437
308.775	-70.375
308.85	-70.375
308.925	-70.25
309	-70.3125
309.075	-70.2813
309.15	-70.25
309.225	-70.1875
309.3	-70.3125
309.375	-70.375
309.45	-70.3437
309.525	-70.2187
309.6	-70.2813
309.675	-70.4688
309.75	-70.4063
309.825	-70.25
309.9	-70.2813
309.975	-70.3437
310.05	-70.4688
310.125	-70.25
310.2	-70.2813
310.275	-70.4063
310.35	-70.4063
310.425	-70.2813
310.5	-70.2187
310.575	-70.4063
310.65	-70.4063
310.725	-70.3125
310.8	-70.25
310.875	-70.3437
310.95	-70.4063
311.025	-70.3437
311.1	-70.25
311.175	-70.375
311.25	-70.4063
311.325	-70.25
311.4	-70.2813
311.475	-70.4063
311.55	-70.3437
311.625	-70.25
311.7	-70.3437
311.775	-70.4063
311.85	-70.2813
311.925	-70.25
312	-70.4375
312.075	-70.3125
312.15	-70.2813
312.225	-70.4063
312.3	-70.25
312.375	-70.25
312.45	-70.3125
312.525	-70.2813
312.6	-70.3125
312.675	-70.4063
312.75	-70.25
312.825	-70.2813
312.9	-70.375
312.975	-70.3125
313.05	-70.25
313.125	-70.4063
313.2	-70.25
313.275	-70.25
313.35	-70.3125
313.425	-70.25
313.5	-70.3125
313.575	-70.25
313.65	-70.2813
313.725	-70.375
313.8	-70.25
313.875	-70.3437
313.95	-70.375
314.025	-70.25
314.1	-70.4063
314.175	-70.25
314.25	-70.3125
314.325	-70.375
314.4	-70.25
314.475	-70.25
314.55	-70.375
314.625	-70.375
314.7	-70.4063
314.775	-70.2187
314.85	-70.375
314.925	-70.3437
