4200 2
0	-69.25
0.075	-69.3125
0.15	-69.4062
0.225	-69.125
0.3	-69.25
0.375	-69.4375
0.45	-69.3125
0.525	-69.2187
0.6	-69.3438
0.675	-69.4062
0.75	-69.375
0.825	-69.1875
0.9	-69.1875
0.975	-69.4688
1.05	-69.3438
1.125	-69.25
1.2	-69.25
1.275	-69.25
1.35	-69.4062
1.425	-69.3438
1.5	-69.2813
1.575	-69.3438
1.65	-69.2187
1.725	-69.25
1.8	-69.4062
1.875	-69.375
1.95	-69.3125
2.025	-69.25
2.1	-69.375
2.175	-69.4062
2.25	-69.2813
2.325	-69.2813
2.4	-69.3125
2.475	-69.3438
2.55	-69.2187
2.625	-69.25
2.7	-69.25
2.775	-69.3438
2.85	-69.3125
2.925	-69.3438
3	-69.3125
3.075	-69.1875
3.15	-69.3438
3.225	-69.2813
3.3	-69.2187
3.375	-69.3438
3.45	-69.4062
3.525	-69.25
3.6	-69.25
3.675	-69.3438
3.75	-69.3125
3.825	-69.2813
3.9	-69.375
3.975	-69.375
4.05	-69.1875
4.125	-69.25
4.2	-69.375
4.275	-69.25
4.35	-69.3438
4.425	-69.3438
4.5	-69.25
4.575	-69.375
4.65	-69.3438
4.725	-69.25
4.8	-69.4062
4.875	-69.3438
4.95	-69.25
5.025	-69.4062
5.1	-69.25
5.175	-69.2187
5.25	-69.3438
5.325	-69.4062
5.4	-69.2813
5.475	-69.4062
5.55	-69.4062
5.625	-69.25
5.7	-69.4375
5.775	-69.4062
5.85	-69.3125
5.925	-69.4062
6	-69.3125
6.075	-69.4062
6.15	-69.4375
6.225	-69.3438
6.3	-69.3125
6.375	-69.3438
6.45	-69.25
6.525	-69.375
6.6	-69.3125
6.675	-69.375
6.75	-69.4062
6.825	-69.2813
6.9	-69.2813
6.975	-69.25
7.05	-69.4062
7.125	-69.3125
7.2	-69.1875
7.275	-69.3125
7.35	-69.3125
7.425	-69.4062
7.5	-69.1563
7.575	-69.2813
7.65	-69.375
7.725	-69.2813
7.8	-69.2813
7.875	-69.2187
7.95	-69.375
8.025	-69.3125
8.1	-69.25
8.175	-69.25
8.25	-69.375
8.325	-69.3438
8.4	-69.125
8.475	-69.375
8.55	-69.3125
8.625	-69.375
8.7	-69.2813
8.775	-69.1875
8.85	-69.3438
8.925	-69.375
9	-69.2187
9.075	-69.1875
9.15	-69.2813
9.225	-69.3438
9.3	-69.3125
9.375	-69.3125
9.45	-69.4062
9.525	-69.1875
9.6	-69.125
9.675	-69.3125
9.75	-69.375
9.825	-69.2813
9.9	-69.125
9.975	-69.3438
10.05	-69.4688
10.125	-69.2813
10.2	-69.2187
10.275	-69.375
10.35	-69.4688
10.425	-69.3125
10.5	-69.2187
10.575	-69.25
10.65	-69.4062
10.725	-69.2813
10.8	-69.1875
10.875	-69.3125
10.95	-69.375
11.025	-69.25
11.1	-69.2187
11.175	-69.375
11.25	-69.4062
11.325	-69.2813
11.4	-69.2813
11.475	-69.4062
11.55	-69.3438
11.625	-69.3125
11.7	-69.375
11.775	-69.3438
11.85	-69.3125
11.925	-69.2813
12	-69.3438
12.075	-69.2813
12.15	-69.2187
12.225	-69.3125
12.3	-69.375
12.375	-69.2813
12.45	-69.2813
12.525	-69.375
12.6	-69.3438
12.675	-69.4062
12.75	-69.4062
12.825	-69.375
12.9	-69.2813
12.975	-69.4375
13.05	-69.3125
13.125	-69.3125
13.2	-69.4375
13.275	-69.2813
13.35	-69.3438
13.425	-69.375
13.5	-69.2813
13.575	-69.3125
13.65	-69.3438
13.725	-69.25
13.8	-69.4062
13.875	-69.2813
13.95	-69.3125
14.025	-69.4062
14.1	-69.2813
14.175	-69.3438
14.25	-69.4062
14.325	-69.375
14.4	-69.375
14.475	-69.4062
14.55	-69.3438
14.625	-69.4688
14.7	-69.4062
14.775	-69.2813
14.85	-69.4062
14.925	-69.3438
15	-68.6875
15.075	-67.9375
15.15	-67.4687
15.225	-67.3125
15.3	-67.125
15.375	-67.0312
15.45	-67.0938
15.525	-66.9687
15.6	-66.9375
15.675	-66.6875
15.75	-66.6562
15.825	-66.7187
15.9	-66.5
15.975	-66.4375
16.05	-66.2813
16.125	-66.4375
16.2	-66.2813
16.275	-66.2187
16.35	-66.1563
16.425	-66.125
16.5	-66.125
16.575	-65.9062
16.65	-65.9375
16.725	-65.9062
16.8	-65.7813
16.875	-65.6563
16.95	-65.6563
17.025	-65.75
17.1	-65.6875
17.175	-65.5312
17.25	-65.4375
17.325	-65.5937
17.4	-65.5
17.475	-65.3438
17.55	-65.2187
17.625	-65.25
17.7	-65.2187
17.775	-65.1875
17.85	-65.2812
17.925	-65.2187
18	-65.0313
18.075	-64.9375
18.15	-65.0625
18.225	-65.0625
18.3	-64.875
18.375	-64.75
18.45	-64.875
18.525	-64.875
18.6	-64.7812
18.675	-64.5937
18.75	-64.75
18.825	-64.7188
18.9	-64.5
18.975	-64.5
19.05	-64.5
19.125	-64.4687
19.2	-64.4063
19.275	-64.375
19.35	-64.3438
19.425	-64.2812
19.5	-64.25
19.575	-64.25
19.65	-64.25
19.725	-64.1875
19.8	-64.1562
19.875	-64.0938
19.95	-64
20.025	-64
20.1	-64
20.175	-63.9687
20.25	-63.9063
20.325	-63.9375
20.4	-63.9063
20.475	-63.75
20.55	-63.8437
20.625	-63.75
20.7	-63.625
20.775	-63.7188
20.85	-63.7188
20.925	-63.5938
21	-63.5
21.075	-63.6562
21.15	-63.5
21.225	-63.4687
21.3	-63.4687
21.375	-63.375
21.45	-63.375
21.525	-63.375
21.6	-63.3437
21.675	-63.2188
21.75	-63.2813
21.825	-63.3125
21.9	-63.1875
21.975	-63.1875
22.05	-63.125
22.125	-63.0625
22.2	-63.125
22.275	-63.0312
22.35	-63.0312
22.425	-63.0312
22.5	-63
22.575	-62.9063
22.65	-62.9063
22.725	-62.9063
22.8	-62.8437
22.875	-62.8125
22.95	-62.6875
23.025	-62.7813
23.1	-62.7813
23.175	-62.5938
23.25	-62.625
23.325	-62.5625
23.4	-62.5312
23.475	-62.6563
23.55	-62.4062
23.625	-62.5
23.7	-62.625
23.775	-62.4062
23.85	-62.375
23.925	-62.4062
24	-62.4687
24.075	-62.375
24.15	-62.2188
24.225	-62.3438
24.3	-62.2813
24.375	-62.25
24.45	-62.1562
24.525	-62.0625
24.6	-62.25
24.675	-62.0937
24.75	-62.0625
24.825	-62.0937
24.9	-62.1562
24.975	-62.125
25.05	-61.8437
25.125	-62.0313
25.2	-61.9375
25.275	-61.9062
25.35	-61.9062
25.425	-61.9375
25.5	-61.9062
25.575	-61.8125
25.65	-61.75
25.725	-61.875
25.8	-61.8437
25.875	-61.6563
25.95	-61.7188
26.025	-61.8125
26.1	-61.7812
26.175	-61.5937
26.25	-61.5937
26.325	-61.625
26.4	-61.7188
26.475	-61.625
26.55	-61.5312
26.625	-61.5312
26.7	-61.4688
26.775	-61.4688
26.85	-61.4063
26.925	-61.5
27	-61.5312
27.075	-61.375
27.15	-61.4063
27.225	-61.4688
27.3	-61.3438
27.375	-61.2812
27.45	-61.3125
27.525	-61.3438
27.6	-61.1875
27.675	-61.2187
27.75	-61.2187
27.825	-61.2812
27.9	-61.1563
27.975	-61.1875
28.05	-61.0938
28.125	-61.1563
28.2	-61.0625
28.275	-61.0938
28.35	-61.0625
28.425	-61
28.5	-61.0625
28.575	-61.0312
28.65	-60.9375
28.725	-61
28.8	-60.9687
28.875	-60.8438
28.95	-60.9063
29.025	-60.9375
29.1	-60.8125
29.175	-60.875
29.25	-60.9375
29.325	-60.9063
29.4	-60.75
29.475	-60.7813
29.55	-60.6875
29.625	-60.7187
29.7	-60.7813
29.775	-60.6562
29.85	-60.5938
29.925	-60.6875
30	-60.625
30.075	-60.5
30.15	-60.5625
30.225	-60.5313
30.3	-60.4062
30.375	-60.5625
30.45	-60.4687
30.525	-60.4375
30.6	-60.4375
30.675	-60.375
30.75	-60.2813
30.825	-60.375
30.9	-60.3125
30.975	-60.4062
31.05	-60.3437
31.125	-60.125
31.2	-60.3125
31.275	-60.1875
31.35	-60.125
31.425	-60.25
31.5	-60.1875
31.575	-60.25
31.65	-60.0937
31.725	-60.0625
31.8	-60.0937
31.875	-60.0313
31.95	-60.125
32.025	-59.9688
32.1	-60.0313
32.175	-60.0625
32.25	-59.9375
32.325	-59.875
32.4	-59.9375
32.475	-59.9688
32.55	-59.9063
32.625	-59.7812
32.7	-59.9688
32.775	-59.875
32.85	-59.8125
32.925	-59.7812
33	-59.75
33.075	-59.9375
33.15	-59.6563
33.225	-59.7812
33.3	-59.7188
33.375	-59.7188
33.45	-59.7812
33.525	-59.5937
33.6	-59.625
33.675	-59.7812
33.75	-59.5312
33.825	-59.4375
33.9	-59.625
33.975	-59.7188
34.05	-59.5312
34.125	-59.4375
34.2	-59.5312
34.275	-59.5312
34.35	-59.5
34.425	-59.4687
34.5	-59.5312
34.575	-59.4687
34.65	-59.3438
34.725	-59.3125
34.8	-59.5312
34.875	-59.5625
34.95	-59.3125
35.025	-59.2812
35.1	-59.3438
35.175	-59.4063
35.25	-59.25
35.325	-59.125
35.4	-59.3125
35.475	-59.375
35.55	-59.125
35.625	-59.125
35.7	-59.25
35.775	-59.25
35.85	-59.0938
35.925	-59.1563
36	-59.125
36.075	-59.0938
36.15	-59.0625
36.225	-59.1563
36.3	-59.0625
36.375	-59.0313
36.45	-59.0938
36.525	-59
36.6	-59.0313
36.675	-59.0313
36.75	-59
36.825	-59.0313
36.9	-58.9687
36.975	-59.0313
37.05	-59.0313
37.125	-58.9375
37.2	-58.8125
37.275	-58.9062
37.35	-58.9062
37.425	-58.7813
37.5	-58.8125
37.575	-58.9062
37.65	-58.7813
37.725	-58.7187
37.8	-58.8125
37.875	-58.7813
37.95	-58.7187
38.025	-58.75
38.1	-58.6875
38.175	-58.6562
38.25	-58.6875
38.325	-58.7187
38.4	-58.5
38.475	-58.5938
38.55	-58.6562
38.625	-58.5
38.7	-58.5938
38.775	-58.5
38.85	-58.4688
38.925	-58.5625
39	-58.4688
39.075	-58.4375
39.15	-58.5625
39.225	-58.4062
39.3	-58.4375
39.375	-58.4688
39.45	-58.4062
39.525	-58.4688
39.6	-58.3125
39.675	-58.375
39.75	-58.4688
39.825	-58.3125
39.9	-58.3437
39.975	-58.3125
40.05	-58.25
40.125	-58.2813
40.2	-58.1875
40.275	-58.25
40.35	-58.3125
40.425	-58.1875
40.5	-58.2188
40.575	-58.1562
40.65	-58.3125
40.725	-58.125
40.8	-58.0625
40.875	-58.1562
40.95	-58.1562
41.025	-58.1562
41.1	-57.9375
41.175	-58.125
41.25	-58.125
41.325	-58
41.4	-58.0312
41.475	-58.0312
41.55	-58.1562
41.625	-57.9688
41.7	-58
41.775	-58.0625
41.85	-57.9688
41.925	-58.0312
42	-57.875
42.075	-57.9375
42.15	-58.0625
42.225	-57.9375
42.3	-57.875
42.375	-57.9375
42.45	-58
42.525	-57.9063
42.6	-57.8437
42.675	-57.9063
42.75	-57.875
42.825	-57.7812
42.9	-57.75
42.975	-58
43.05	-57.9063
43.125	-57.7188
43.2	-57.6563
43.275	-57.875
43.35	-57.875
43.425	-57.7188
43.5	-57.5938
43.575	-57.8125
43.65	-57.7812
43.725	-57.6563
43.8	-57.625
43.875	-57.7812
43.95	-57.7812
44.025	-57.625
44.1	-57.625
44.175	-57.7188
44.25	-57.6875
44.325	-57.5938
44.4	-57.5312
44.475	-57.7188
44.55	-57.625
44.625	-57.5312
44.7	-57.5312
44.775	-57.7188
44.85	-57.625
44.925	-57.5312
45	-57.5625
45.075	-57.6563
45.15	-57.5625
45.225	-57.4375
45.3	-57.5938
45.375	-57.5625
45.45	-57.4687
45.525	-57.5312
45.6	-57.5312
45.675	-57.4375
45.75	-57.4687
45.825	-57.5
45.9	-57.375
45.975	-57.4375
46.05	-57.4687
46.125	-57.4063
46.2	-57.4375
46.275	-57.4375
46.35	-57.3438
46.425	-57.375
46.5	-57.4375
46.575	-57.3125
46.65	-57.3438
46.725	-57.4063
46.8	-57.2812
46.875	-57.4063
46.95	-57.3438
47.025	-57.25
47.1	-57.3125
47.175	-57.3438
47.25	-57.1875
47.325	-57.3125
47.4	-57.2187
47.475	-57.2187
47.55	-57.3438
47.625	-57.2812
47.7	-57.125
47.775	-57.25
47.85	-57.25
47.925	-57.1875
48	-57.25
48.075	-57.0938
48.15	-57.25
48.225	-57.2187
48.3	-57.125
48.375	-57.25
48.45	-57.2187
48.525	-57.1875
48.6	-57.1562
48.675	-57.0625
48.75	-57.25
48.825	-57.2187
48.9	-57.0938
48.975	-57.125
49.05	-57.0625
49.125	-57.2187
49.2	-57
49.275	-57
49.35	-57.1562
49.425	-57.125
49.5	-57
49.575	-56.9375
49.65	-57.125
49.725	-57.0938
49.8	-57.0938
49.875	-56.9375
49.95	-57
50.025	-57.0625
50.1	-56.875
50.175	-56.9687
50.25	-56.9687
50.325	-57
50.4	-56.9687
50.475	-56.9062
50.55	-56.9375
50.625	-56.9687
50.7	-56.9062
50.775	-56.9062
50.85	-57.0313
50.925	-56.9062
51	-56.8125
51.075	-56.8125
51.15	-56.9687
51.225	-56.9375
51.3	-56.8125
51.375	-56.8438
51.45	-56.875
51.525	-56.875
51.6	-56.8125
51.675	-56.875
51.75	-56.9062
51.825	-56.875
51.9	-56.8125
51.975	-56.7813
52.05	-56.7813
52.125	-56.8125
52.2	-56.8125
52.275	-56.7813
52.35	-56.8125
52.425	-56.8438
52.5	-56.6875
52.575	-56.7188
52.65	-56.8438
52.725	-56.7188
52.8	-56.7188
52.875	-56.6875
52.95	-56.7188
53.025	-56.75
53.1	-56.6562
53.175	-56.625
53.25	-56.75
53.325	-56.7188
53.4	-56.5937
53.475	-56.6562
53.55	-56.7813
53.625	-56.5937
53.7	-56.5
53.775	-56.625
53.85	-56.6875
53.925	-56.5
54	-56.5937
54.075	-56.625
54.15	-56.5625
54.225	-56.5937
54.3	-56.625
54.375	-56.5625
54.45	-56.5937
54.525	-56.6562
54.6	-56.5
54.675	-56.5625
54.75	-56.5937
54.825	-56.5
54.9	-56.5313
54.975	-56.5625
55.05	-56.4375
55.125	-56.5625
55.2	-56.5937
55.275	-56.4375
55.35	-56.5313
55.425	-56.5937
55.5	-56.4688
55.575	-56.5313
55.65	-56.625
55.725	-56.4688
55.8	-56.4688
55.875	-56.4375
55.95	-56.4062
56.025	-56.5625
56.1	-56.5313
56.175	-56.4375
56.25	-56.5
56.325	-56.4375
56.4	-56.5
56.475	-56.4688
56.55	-56.2812
56.625	-56.5
56.7	-56.4375
56.775	-56.375
56.85	-56.3437
56.925	-56.4062
57	-56.5
57.075	-56.25
57.15	-56.375
57.225	-56.4688
57.3	-56.3437
57.375	-56.3125
57.45	-56.2188
57.525	-56.4375
57.6	-56.4062
57.675	-56.2188
57.75	-56.3125
57.825	-56.3125
57.9	-56.4062
57.975	-56.2188
58.05	-56.3125
58.125	-56.375
58.2	-56.3437
58.275	-56.25
58.35	-56.2188
58.425	-56.4062
58.5	-56.3437
58.575	-56.2188
58.65	-56.3437
58.725	-56.3125
58.8	-56.25
58.875	-56.2188
58.95	-56.3125
59.025	-56.4375
59.1	-56.25
59.175	-56.1563
59.25	-56.25
59.325	-56.3437
59.4	-56.2812
59.475	-56.125
59.55	-56.1563
59.625	-56.2188
59.7	-56.25
59.775	-56.1563
59.85	-56.2188
59.925	-56.1875
60	-56.1563
60.075	-56.1563
60.15	-56.1875
60.225	-56.125
60.3	-56.125
60.375	-56.125
60.45	-56.125
60.525	-56.125
60.6	-56.125
60.675	-56.0937
60.75	-56.0625
60.825	-56.125
60.9	-56.125
60.975	-56.0312
61.05	-56.0625
61.125	-56.1563
61.2	-56.125
61.275	-56.0312
61.35	-56.0625
61.425	-56.1875
61.5	-56.0312
61.575	-56.0312
61.65	-56.0937
61.725	-56.0312
61.8	-56
61.875	-56
61.95	-56.125
62.025	-56.0625
62.1	-55.9688
62.175	-56.0312
62.25	-56.0312
62.325	-56
62.4	-56
62.475	-56.0625
62.55	-56.0312
62.625	-56
62.7	-56.0937
62.775	-55.9375
62.85	-55.9063
62.925	-55.9688
63	-55.9688
63.075	-55.875
63.15	-56.0312
63.225	-55.9375
63.3	-55.9063
63.375	-55.9375
63.45	-55.875
63.525	-55.9063
63.6	-55.9688
63.675	-55.875
63.75	-55.8125
63.825	-55.9375
63.9	-55.875
63.975	-55.7812
64.05	-55.9063
64.125	-55.8437
64.2	-55.9063
64.275	-55.9063
64.35	-55.75
64.425	-55.7812
64.5	-55.875
64.575	-55.7187
64.65	-55.7812
64.725	-55.8437
64.8	-55.6875
64.875	-55.7812
64.95	-55.6875
65.025	-55.6875
65.1	-55.875
65.175	-55.6563
65.25	-55.7187
65.325	-55.6875
65.4	-55.6875
65.475	-55.8125
65.55	-55.5625
65.625	-55.625
65.7	-55.6875
65.775	-55.7187
65.85	-55.5625
65.925	-55.625
66	-55.7812
66.075	-55.5625
66.15	-55.5625
66.225	-55.5
66.3	-55.75
66.375	-55.6563
66.45	-55.5625
66.525	-55.5625
66.6	-55.6563
66.675	-55.6563
66.75	-55.4375
66.825	-55.5625
66.9	-55.6563
66.975	-55.5625
67.05	-55.5625
67.125	-55.5625
67.2	-55.5625
67.275	-55.5312
67.35	-55.5
67.425	-55.5938
67.5	-55.625
67.575	-55.5
67.65	-55.4375
67.725	-55.5938
67.8	-55.6875
67.875	-55.5625
67.95	-55.4687
68.025	-55.4375
68.1	-55.5312
68.175	-55.5938
68.25	-55.5312
68.325	-55.5
68.4	-55.5
68.475	-55.4063
68.55	-55.4687
68.625	-55.5
68.7	-55.5
68.775	-55.3125
68.85	-55.375
68.925	-55.4687
69	-55.4375
69.075	-55.4063
69.15	-55.375
69.225	-55.4375
69.3	-55.3125
69.375	-55.3438
69.45	-55.4063
69.525	-55.3125
69.6	-55.3438
69.675	-55.4063
69.75	-55.3125
69.825	-55.3438
69.9	-55.3125
69.975	-55.3438
70.05	-55.2813
70.125	-55.2813
70.2	-55.375
70.275	-55.3125
70.35	-55.25
70.425	-55.25
70.5	-55.25
70.575	-55.25
70.65	-55.1875
70.725	-55.3125
70.8	-55.25
70.875	-55.1562
70.95	-55.25
71.025	-55.2813
71.1	-55.125
71.175	-55.2187
71.25	-55.125
71.325	-55.0938
71.4	-55.125
71.475	-55.1875
71.55	-55.0938
71.625	-55.1562
71.7	-55.125
71.775	-55.0938
71.85	-55.1875
71.925	-55.125
72	-55.0938
72.075	-55.125
72.15	-55.0938
72.225	-55.0313
72.3	-55.125
72.375	-55.1562
72.45	-55.0625
72.525	-55.125
72.6	-55.1562
72.675	-55
72.75	-55.1875
72.825	-55.0625
72.9	-55
72.975	-55.125
73.05	-55
73.125	-55.125
73.2	-55.0625
73.275	-55.0938
73.35	-55.0938
73.425	-55.0313
73.5	-55.0938
73.575	-55.0938
73.65	-55.0313
73.725	-55.0313
73.8	-55.0313
73.875	-55.125
73.95	-55.125
74.025	-54.9375
74.1	-55.0625
74.175	-55.0938
74.25	-55.125
74.325	-55.0313
74.4	-54.9375
74.475	-55.125
74.55	-55.0625
74.625	-55
74.7	-54.9375
74.775	-55.1562
74.85	-55
74.925	-54.9375
75	-55.0313
75.075	-55.0313
75.15	-55.0313
75.225	-54.875
75.3	-54.9062
75.375	-55.0313
75.45	-54.9687
75.525	-54.8437
75.6	-54.875
75.675	-55.0938
75.75	-55.0625
75.825	-54.9062
75.9	-55.0313
75.975	-54.9687
76.05	-54.9062
76.125	-54.8125
76.2	-54.9687
76.275	-55.0938
76.35	-54.9375
76.425	-54.9062
76.5	-54.8437
76.575	-55.0938
76.65	-54.9375
76.725	-54.9062
76.8	-54.8437
76.875	-54.9375
76.95	-54.9687
77.025	-54.875
77.1	-54.9375
77.175	-54.9375
77.25	-54.9375
77.325	-54.8437
77.4	-54.875
77.475	-54.9687
77.55	-54.9062
77.625	-54.8437
77.7	-54.875
77.775	-54.9687
77.85	-54.9062
77.925	-54.8125
78	-55.0313
78.075	-55
78.15	-54.8437
78.225	-54.7813
78.3	-54.9687
78.375	-54.9687
78.45	-54.7813
78.525	-54.8125
78.6	-55
78.675	-54.9375
78.75	-54.8437
78.825	-54.9062
78.9	-54.9062
78.975	-54.8437
79.05	-54.75
79.125	-54.9062
79.2	-54.875
79.275	-54.8125
79.35	-54.8437
79.425	-54.9062
79.5	-54.7813
79.575	-54.8437
79.65	-54.8437
79.725	-54.7813
79.8	-54.9062
79.875	-54.9062
79.95	-54.8125
80.025	-54.875
80.1	-54.9062
80.175	-54.8125
80.25	-54.8125
80.325	-54.875
80.4	-54.8125
80.475	-54.8437
80.55	-54.875
80.625	-54.6875
80.7	-54.875
80.775	-54.7813
80.85	-54.8437
80.925	-54.8437
81	-54.75
81.075	-54.875
81.15	-54.875
81.225	-54.8125
81.3	-54.8437
81.375	-54.7813
81.45	-54.875
81.525	-54.8437
81.6	-54.7188
81.675	-54.875
81.75	-54.7813
81.825	-54.8125
81.9	-54.8125
81.975	-54.75
82.05	-54.875
82.125	-54.8437
82.2	-54.7188
82.275	-54.7813
82.35	-54.75
82.425	-54.9062
82.5	-54.7188
82.575	-54.8125
82.65	-54.8437
82.725	-54.6875
82.8	-54.7813
82.875	-54.7188
82.95	-54.8437
83.025	-54.8125
83.1	-54.625
83.175	-54.8125
83.25	-54.8125
83.325	-54.7813
83.4	-54.7188
83.475	-54.75
83.55	-54.9375
83.625	-54.75
83.7	-54.6875
83.775	-54.8437
83.85	-54.8437
83.925	-54.6875
84	-54.75
84.075	-54.8437
84.15	-54.8125
84.225	-54.6562
84.3	-54.5937
84.375	-54.8125
84.45	-54.875
84.525	-54.8125
84.6	-54.7188
84.675	-54.6875
84.75	-54.8125
84.825	-54.8125
84.9	-54.7813
84.975	-54.8125
85.05	-54.8125
85.125	-54.8125
85.2	-54.8125
85.275	-54.7813
85.35	-54.6875
85.425	-54.7813
85.5	-54.7813
85.575	-54.7813
85.65	-54.7188
85.725	-54.75
85.8	-54.7188
85.875	-54.7188
85.95	-54.7813
86.025	-54.625
86.1	-54.75
86.175	-54.7813
86.25	-54.75
86.325	-54.7188
86.4	-54.6875
86.475	-54.75
86.55	-54.7813
86.625	-54.7813
86.7	-54.75
86.775	-54.625
86.85	-54.7813
86.925	-54.7813
87	-54.6875
87.075	-54.7813
87.15	-54.7813
87.225	-54.625
87.3	-54.7188
87.375	-54.7813
87.45	-54.6875
87.525	-54.625
87.6	-54.75
87.675	-54.7813
87.75	-54.6562
87.825	-54.7188
87.9	-54.7813
87.975	-54.6562
88.05	-54.625
88.125	-54.75
88.2	-54.75
88.275	-54.625
88.35	-54.7188
88.425	-54.6562
88.5	-54.6875
88.575	-54.7188
88.65	-54.625
88.725	-54.6875
88.8	-54.75
88.875	-54.5937
88.95	-54.6875
89.025	-54.6875
89.1	-54.6562
89.175	-54.7188
89.25	-54.6875
89.325	-54.75
89.4	-54.7813
89.475	-54.6562
89.55	-54.6562
89.625	-54.7813
89.7	-54.625
89.775	-54.7813
89.85	-54.75
89.925	-54.6562
90	-54.7813
90.075	-54.6562
90.15	-54.6562
90.225	-54.75
90.3	-54.6875
90.375	-54.625
90.45	-54.6562
90.525	-54.6562
90.6	-54.7188
90.675	-54.5
90.75	-54.6875
90.825	-54.7813
90.9	-54.5625
90.975	-54.625
91.05	-54.6562
91.125	-54.75
91.2	-54.5937
91.275	-54.5937
91.35	-54.6875
91.425	-54.7188
91.5	-54.6562
91.575	-54.5
91.65	-54.75
91.725	-54.75
91.8	-54.6562
91.875	-54.6562
91.95	-54.75
92.025	-54.8125
92.1	-54.7188
92.175	-54.5625
92.25	-54.6562
92.325	-54.8125
92.4	-54.625
92.475	-54.625
92.55	-54.625
92.625	-54.7188
92.7	-54.6562
92.775	-54.625
92.85	-54.75
92.925	-54.75
93	-54.5
93.075	-54.6562
93.15	-54.7813
93.225	-54.75
93.3	-54.5625
93.375	-54.5937
93.45	-54.6875
93.525	-54.7188
93.6	-54.5
93.675	-54.5625
93.75	-54.6875
93.825	-54.6562
93.9	-54.5625
93.975	-54.5937
94.05	-54.6562
94.125	-54.6875
94.2	-54.5313
94.275	-54.5625
94.35	-54.75
94.425	-54.7188
94.5	-54.5625
94.575	-54.5937
94.65	-54.8125
94.725	-54.6562
94.8	-54.5625
94.875	-54.6875
94.95	-54.7188
95.025	-54.6562
95.1	-54.5937
95.175	-54.7813
95.25	-54.6875
95.325	-54.625
95.4	-54.5625
95.475	-54.7813
95.55	-54.7188
95.625	-54.5937
95.7	-54.625
95.775	-54.6875
95.85	-54.5937
95.925	-54.6562
96	-54.6562
96.075	-54.625
96.15	-54.5937
96.225	-54.6875
96.3	-54.625
96.375	-54.5937
96.45	-54.6875
96.525	-54.5625
96.6	-54.5625
96.675	-54.7188
96.75	-54.5937
96.825	-54.5937
96.9	-54.6875
96.975	-54.5937
97.05	-54.6562
97.125	-54.7188
97.2	-54.6562
97.275	-54.6875
97.35	-54.6875
97.425	-54.625
97.5	-54.6562
97.575	-54.625
97.65	-54.5
97.725	-54.6562
97.8	-54.625
97.875	-54.5625
97.95	-54.7188
98.025	-54.5937
98.1	-54.7188
98.175	-54.5937
98.25	-54.5313
98.325	-54.6875
98.4	-54.6875
98.475	-54.5937
98.55	-54.625
98.625	-54.625
98.7	-54.7188
98.775	-54.6562
98.85	-54.5313
98.925	-54.6875
99	-54.6875
99.075	-54.625
99.15	-54.5937
99.225	-54.5625
99.3	-54.7188
99.375	-54.4688
99.45	-54.6562
99.525	-54.7188
99.6	-54.625
99.675	-54.625
99.75	-54.5313
99.825	-54.6562
99.9	-54.6875
99.975	-54.625
100.05	-54.5
100.125	-54.625
100.2	-54.7813
100.275	-54.5625
100.35	-54.5625
100.425	-54.7813
100.5	-54.625
100.575	-54.5313
100.65	-54.5937
100.725	-54.75
100.8	-54.6562
100.875	-54.5625
100.95	-54.5625
101.025	-54.7188
101.1	-54.7813
101.175	-54.6875
101.25	-54.5625
101.325	-54.625
101.4	-54.625
101.475	-54.6562
101.55	-54.625
101.625	-54.7188
101.7	-54.6562
101.775	-54.5625
101.85	-54.7188
101.925	-54.7188
102	-54.6562
102.075	-54.5937
102.15	-54.625
102.225	-54.7813
102.3	-54.625
102.375	-54.5625
102.45	-54.6875
102.525	-54.6875
102.6	-54.625
102.675	-54.5937
102.75	-54.7188
102.825	-54.75
102.9	-54.6562
102.975	-54.6562
103.05	-54.7188
103.125	-54.6875
103.2	-54.5937
103.275	-54.5625
103.35	-54.625
103.425	-54.5625
103.5	-54.625
103.575	-54.6875
103.65	-54.625
103.725	-54.6562
103.8	-54.75
103.875	-54.625
103.95	-54.625
104.025	-54.7813
104.1	-54.625
104.175	-54.6562
104.25	-54.7813
104.325	-54.625
104.4	-54.5937
104.475	-54.7188
104.55	-54.6875
104.625	-54.625
104.7	-54.625
104.775	-54.6875
104.85	-54.625
104.925	-54.6875
105	-54.7188
105.075	-54.5625
105.15	-54.625
105.225	-54.6875
105.3	-54.5625
105.375	-54.7813
105.45	-54.625
105.525	-54.5625
105.6	-54.7188
105.675	-54.6562
105.75	-54.625
105.825	-54.6875
105.9	-54.625
105.975	-54.7188
106.05	-54.75
106.125	-54.5625
106.2	-54.6562
106.275	-54.6562
106.35	-54.625
106.425	-54.7188
106.5	-54.6875
106.575	-54.5937
106.65	-54.75
106.725	-54.5625
106.8	-54.625
106.875	-54.75
106.95	-54.5
107.025	-54.7188
107.1	-54.6875
107.175	-54.7813
107.25	-54.6562
107.325	-54.5313
107.4	-54.7813
107.475	-54.6875
107.55	-54.5937
107.625	-54.5937
107.7	-54.5937
107.775	-54.6875
107.85	-54.5313
107.925	-54.4375
108	-54.625
108.075	-54.5313
108.15	-54.5313
108.225	-54.4063
108.3	-54.5
108.375	-54.5937
108.45	-54.4063
108.525	-54.5625
108.6	-54.6562
108.675	-54.5
108.75	-54.5
108.825	-54.5313
108.9	-54.5937
108.975	-54.5
109.05	-54.4688
109.125	-54.5313
109.2	-54.5937
109.275	-54.4688
109.35	-54.3437
109.425	-54.375
109.5	-54.5937
109.575	-54.5
109.65	-54.4688
109.725	-54.4375
109.8	-54.5
109.875	-54.5
109.95	-54.4375
110.025	-54.5
110.1	-54.5
110.175	-54.5625
110.25	-54.4375
110.325	-54.4375
110.4	-54.4688
110.475	-54.5
110.55	-54.4375
110.625	-54.4375
110.7	-54.5
110.775	-54.5
110.85	-54.3437
110.925	-54.375
111	-54.5313
111.075	-54.4063
111.15	-54.3125
111.225	-54.4375
111.3	-54.4688
111.375	-54.4375
111.45	-54.3125
111.525	-54.4688
111.6	-54.5
111.675	-54.375
111.75	-54.3125
111.825	-54.5
111.9	-54.4375
111.975	-54.3437
112.05	-54.4063
112.125	-54.5
112.2	-54.4375
112.275	-54.5313
112.35	-54.5
112.425	-54.5
112.5	-54.4063
112.575	-54.4375
112.65	-54.4688
112.725	-54.4063
112.8	-54.5
112.875	-54.5313
112.95	-54.4375
113.025	-54.5
113.1	-54.5625
113.175	-54.4688
113.25	-54.375
113.325	-54.5
113.4	-54.4688
113.475	-54.4375
113.55	-54.5
113.625	-54.4688
113.7	-54.4688
113.775	-54.5313
113.85	-54.4063
113.925	-54.4688
114	-54.5
114.075	-54.375
114.15	-54.4063
114.225	-54.4688
114.3	-54.4063
114.375	-54.4688
114.45	-54.5
114.525	-54.3437
114.6	-54.4375
114.675	-54.4063
114.75	-54.4063
114.825	-54.4688
114.9	-54.4375
114.975	-54.4063
115.05	-54.5625
115.125	-54.4063
115.2	-54.375
115.275	-54.5
115.35	-54.4375
115.425	-54.4688
115.5	-54.4063
115.575	-54.5
115.65	-54.4688
115.725	-54.2188
115.8	-54.4375
115.875	-54.4375
115.95	-54.4688
116.025	-54.375
116.1	-54.4063
116.175	-54.5313
116.25	-54.4063
116.325	-54.3125
116.4	-54.25
116.475	-54.5
116.55	-54.5313
116.625	-54.375
116.7	-54.4375
116.775	-54.4688
116.85	-54.4688
116.925	-54.3437
117	-54.375
117.075	-54.5313
117.15	-54.5
117.225	-54.3125
117.3	-54.4063
117.375	-54.5625
117.45	-54.5937
117.525	-54.3125
117.6	-54.4063
117.675	-54.4688
117.75	-54.5
117.825	-54.3437
117.9	-54.4375
117.975	-54.5313
118.05	-54.4375
118.125	-54.25
118.2	-54.4375
118.275	-54.5937
118.35	-54.5
118.425	-54.3125
118.5	-54.5
118.575	-54.5937
118.65	-54.4063
118.725	-54.3125
118.8	-54.5
118.875	-54.5625
118.95	-54.4375
119.025	-54.3437
119.1	-54.5
119.175	-54.5
119.25	-54.3437
119.325	-54.375
119.4	-54.4688
119.475	-54.4688
119.55	-54.3437
119.625	-54.4688
119.7	-54.5313
119.775	-54.4688
119.85	-54.3437
119.925	-54.375
120	-54.5
120.075	-54.4375
120.15	-54.375
120.225	-54.4375
120.3	-54.4375
120.375	-54.375
120.45	-54.4375
120.525	-54.4375
120.6	-54.4375
120.675	-54.4375
120.75	-54.4375
120.825	-54.375
120.9	-54.5
120.975	-54.4688
121.05	-54.375
121.125	-54.5313
121.2	-54.4375
121.275	-54.375
121.35	-54.4375
121.425	-54.4375
121.5	-54.375
121.575	-54.5
121.65	-54.4375
121.725	-54.4063
121.8	-54.5
121.875	-54.4688
121.95	-54.4063
122.025	-54.5313
122.1	-54.4688
122.175	-54.4688
122.25	-54.5
122.325	-54.5
122.4	-54.4375
122.475	-54.5
122.55	-54.5625
122.625	-54.4063
122.7	-54.5625
122.775	-54.4375
122.85	-54.4375
122.925	-54.5
123	-54.4688
123.075	-54.4688
123.15	-54.5
123.225	-54.4375
123.3	-54.4688
123.375	-54.4688
123.45	-54.4688
123.525	-54.5625
123.6	-54.375
123.675	-54.5
123.75	-54.5937
123.825	-54.5
123.9	-54.5
123.975	-54.5
124.05	-54.625
124.125	-54.5625
124.2	-54.4063
124.275	-54.5313
124.35	-54.4688
124.425	-54.5937
124.5	-54.4375
124.575	-54.5313
124.65	-54.5937
124.725	-54.5
124.8	-54.5
124.875	-54.4688
124.95	-54.5625
125.025	-54.5313
125.1	-54.375
125.175	-54.5625
125.25	-54.5625
125.325	-54.5
125.4	-54.5
125.475	-54.5
125.55	-54.5313
125.625	-54.5
125.7	-54.5
125.775	-54.5313
125.85	-54.5
125.925	-54.4375
126	-54.4688
126.075	-54.5937
126.15	-54.6562
126.225	-54.4375
126.3	-54.375
126.375	-54.5313
126.45	-54.6562
126.525	-54.625
126.6	-54.4375
126.675	-54.4688
126.75	-54.5313
126.825	-54.5
126.9	-54.4688
126.975	-54.5313
127.05	-54.5625
127.125	-54.5313
127.2	-54.5313
127.275	-54.4375
127.35	-54.5313
127.425	-54.4688
127.5	-54.5313
127.575	-54.4375
127.65	-54.4688
127.725	-54.5
127.8	-54.5313
127.875	-54.4688
127.95	-54.4688
128.025	-54.5313
128.1	-54.5
128.175	-54.5
128.25	-54.5
128.325	-54.5313
128.4	-54.4375
128.475	-54.4375
128.55	-54.5
128.625	-54.4063
128.7	-54.4375
128.775	-54.5625
128.85	-54.5
128.925	-54.4063
129	-54.5313
129.075	-54.4688
129.15	-54.4375
129.225	-54.5
129.3	-54.6562
129.375	-54.5
129.45	-54.4688
129.525	-54.5
129.6	-54.5
129.675	-54.4375
129.75	-54.5
129.825	-54.4375
129.9	-54.4688
129.975	-54.5313
130.05	-54.4063
130.125	-54.4375
130.2	-54.5937
130.275	-54.4375
130.35	-54.4063
130.425	-54.5
130.5	-54.4063
130.575	-54.375
130.65	-54.4688
130.725	-54.4688
130.8	-54.4688
130.875	-54.5
130.95	-54.4375
131.025	-54.4375
131.1	-54.5
131.175	-54.4375
131.25	-54.5
131.325	-54.5313
131.4	-54.5
131.475	-54.5
131.55	-54.4375
131.625	-54.4688
131.7	-54.4375
131.775	-54.3437
131.85	-54.5
131.925	-54.5
132	-54.5
132.075	-54.4063
132.15	-54.4375
132.225	-54.5625
132.3	-54.4063
132.375	-54.4063
132.45	-54.4063
132.525	-54.5
132.6	-54.5
132.675	-54.3125
132.75	-54.4375
132.825	-54.4688
132.9	-54.4688
132.975	-54.4063
133.05	-54.4063
133.125	-54.5313
133.2	-54.4063
133.275	-54.4063
133.35	-54.4375
133.425	-54.4375
133.5	-54.4688
133.575	-54.4063
133.65	-54.375
133.725	-54.5313
133.8	-54.4375
133.875	-54.375
133.95	-54.4688
134.025	-54.5313
134.1	-54.4375
134.175	-54.4063
134.25	-54.4688
134.325	-54.4688
134.4	-54.4063
134.475	-54.375
134.55	-54.5313
134.625	-54.5625
134.7	-54.4375
134.775	-54.3125
134.85	-54.4688
134.925	-54.5
135	-54.4063
135.075	-54.3437
135.15	-54.4375
135.225	-54.5937
135.3	-54.4688
135.375	-54.3437
135.45	-54.4375
135.525	-54.5313
135.6	-54.4063
135.675	-54.3437
135.75	-54.4063
135.825	-54.5
135.9	-54.4375
135.975	-54.4063
136.05	-54.5
136.125	-54.5625
136.2	-54.5
136.275	-54.4063
136.35	-54.5313
136.425	-54.5
136.5	-54.4688
136.575	-54.4375
136.65	-54.5
136.725	-54.4063
136.8	-54.375
136.875	-54.5
136.95	-54.5625
137.025	-54.4063
137.1	-54.4375
137.175	-54.4688
137.25	-54.4375
137.325	-54.4375
137.4	-54.5313
137.475	-54.4688
137.55	-54.5937
137.625	-54.5625
137.7	-54.4688
137.775	-54.4688
137.85	-54.5937
137.925	-54.5
138	-54.4375
138.075	-54.5
138.15	-54.5937
138.225	-54.4375
138.3	-54.5313
138.375	-54.625
138.45	-54.4688
138.525	-54.5313
138.6	-54.5625
138.675	-54.4375
138.75	-54.5
138.825	-54.5313
138.9	-54.4375
138.975	-54.5
139.05	-54.5
139.125	-54.4063
139.2	-54.5
139.275	-54.4688
139.35	-54.4688
139.425	-54.5
139.5	-54.4063
139.575	-54.5
139.65	-54.5
139.725	-54.4063
139.8	-54.5937
139.875	-54.4688
139.95	-54.4375
140.025	-54.5937
140.1	-54.5
140.175	-54.4688
140.25	-54.4375
140.325	-54.4375
140.4	-54.5937
140.475	-54.4375
140.55	-54.4375
140.625	-54.5
140.7	-54.4375
140.775	-54.5625
140.85	-54.3437
140.925	-54.5
141	-54.5313
141.075	-54.5313
141.15	-54.4063
141.225	-54.375
141.3	-54.5937
141.375	-54.4063
141.45	-54.4375
141.525	-54.5313
141.6	-54.5313
141.675	-54.5
141.75	-54.3437
141.825	-54.5937
141.9	-54.5937
141.975	-54.4063
142.05	-54.4063
142.125	-54.5625
142.2	-54.6562
142.275	-54.4688
142.35	-54.4063
142.425	-54.5
142.5	-54.5625
142.575	-54.5
142.65	-54.4375
142.725	-54.5
142.8	-54.5313
142.875	-54.4375
142.95	-54.4375
143.025	-54.5
143.1	-54.4688
143.175	-54.4375
143.25	-54.5313
143.325	-54.4688
143.4	-54.4688
143.475	-54.4688
143.55	-54.4375
143.625	-54.5313
143.7	-54.4688
143.775	-54.4375
143.85	-54.4688
143.925	-54.5625
144	-54.4375
144.075	-54.4375
144.15	-54.4688
144.225	-54.4688
144.3	-54.2812
144.375	-54.3125
144.45	-54.4063
144.525	-54.4375
144.6	-54.2812
144.675	-54.2812
144.75	-54.3437
144.825	-54.3437
144.9	-54.25
144.975	-54.3125
145.05	-54.375
145.125	-54.375
145.2	-54.3125
145.275	-54.3125
145.35	-54.2188
145.425	-54.25
145.5	-54.2812
145.575	-54.1875
145.65	-54.2188
145.725	-54.25
145.8	-54.2188
145.875	-54.125
145.95	-54.25
146.025	-54.25
146.1	-54.2188
146.175	-54.3125
146.25	-54.2188
146.325	-54.1563
146.4	-54.2188
146.475	-54.1563
146.55	-54.125
146.625	-54.25
146.7	-54.25
146.775	-54.125
146.85	-54.2812
146.925	-54.2188
147	-54.125
147.075	-54.25
147.15	-54.25
147.225	-54.125
147.3	-54.3125
147.375	-54.1563
147.45	-54.2188
147.525	-54.125
147.6	-54.125
147.675	-54.1875
147.75	-54.2188
147.825	-54.1563
147.9	-54.25
147.975	-54.25
148.05	-54.125
148.125	-54.125
148.2	-54.125
148.275	-54.2188
148.35	-54.1563
148.425	-54.125
148.5	-54.1875
148.575	-54.1563
148.65	-54.2188
148.725	-54.0937
148.8	-54.1563
148.875	-54.3125
148.95	-54.0937
149.025	-54.1563
149.1	-54.2188
149.175	-54.125
149.25	-54.2188
149.325	-54
149.4	-54.125
149.475	-54.1875
149.55	-54.0625
149.625	-54.125
149.7	-54.1875
149.775	-54.3125
149.85	-54.0312
149.925	-54.0625
150	-54.0937
150.075	-54.125
150.15	-54.1563
150.225	-54.0312
150.3	-54.1563
150.375	-54.25
150.45	-54.125
150.525	-54.0937
150.6	-54.1875
150.675	-54.25
150.75	-54.125
150.825	-54.0937
150.9	-54.25
150.975	-54.25
151.05	-54.25
151.125	-54.1563
151.2	-54.125
151.275	-54.125
151.35	-54.1563
151.425	-54.1875
151.5	-54.1563
151.575	-54.125
151.65	-54.1563
151.725	-54.2188
151.8	-54.2188
151.875	-54.2188
151.95	-54.0625
152.025	-54.1875
152.1	-54.25
152.175	-54.125
152.25	-54.0625
152.325	-54.125
152.4	-54.2188
152.475	-54.1563
152.55	-54.0937
152.625	-54.25
152.7	-54.2188
152.775	-54.1875
152.85	-54.125
152.925	-54.2188
153	-54.2188
153.075	-54.125
153.15	-54.1875
153.225	-54.2188
153.3	-54.1563
153.375	-54.1875
153.45	-54.1875
153.525	-54.125
153.6	-54.125
153.675	-54.25
153.75	-54.1563
153.825	-54.1563
153.9	-54.2188
153.975	-54.1563
154.05	-54.125
154.125	-54.25
154.2	-54.1875
154.275	-54.1563
154.35	-54.125
154.425	-54.25
154.5	-54.1563
154.575	-54.1563
154.65	-54.25
154.725	-54.2188
154.8	-54.125
154.875	-54.2812
154.95	-54.125
155.025	-54.125
155.1	-54.1875
155.175	-54.1563
155.25	-54.1563
155.325	-54.1875
155.4	-54.125
155.475	-54.1875
155.55	-54.2188
155.625	-54.125
155.7	-54.25
155.775	-54.25
155.85	-54.1875
155.925	-54.2812
156	-54.1875
156.075	-54.2188
156.15	-54.25
156.225	-54.0937
156.3	-54.1563
156.375	-54.2188
156.45	-54.125
156.525	-54.2188
156.6	-54.1563
156.675	-54.1875
156.75	-54.3125
156.825	-54.1563
156.9	-54.2188
156.975	-54.25
157.05	-54.25
157.125	-54.2188
157.2	-54.1563
157.275	-54.25
157.35	-54.3125
157.425	-54.0937
157.5	-54.1875
157.575	-54.1875
157.65	-54.3125
157.725	-54.25
157.8	-54.125
157.875	-54.25
157.95	-54.1875
158.025	-54.2188
158.1	-54.0312
158.175	-54.3125
158.25	-54.2188
158.325	-54.1563
158.4	-54.0625
158.475	-54.125
158.55	-54.2812
158.625	-54.125
158.7	-54.1563
158.775	-54.25
158.85	-54.2188
158.925	-54.0312
159	-54.0312
159.075	-54.2188
159.15	-54.3125
159.225	-54.125
159.3	-54.0937
159.375	-54.1875
159.45	-54.125
159.525	-54.0937
159.6	-54.125
159.675	-54.2188
159.75	-54.1875
159.825	-54.0937
159.9	-54.125
159.975	-54.2812
160.05	-54.1875
160.125	-54.0937
160.2	-54.0937
160.275	-54.2812
160.35	-54.2188
160.425	-54.0937
160.5	-54.1563
160.575	-54.25
160.65	-54.2812
160.725	-54.0937
160.8	-54.1563
160.875	-54.1875
160.95	-54.1875
161.025	-54.0625
161.1	-54.125
161.175	-54.25
161.25	-54.1563
161.325	-54.0625
161.4	-54.1875
161.475	-54.25
161.55	-54.125
161.625	-54.1875
161.7	-54.2188
161.775	-54.1563
161.85	-54.2188
161.925	-54.1563
162	-54.1563
162.075	-54.125
162.15	-54.1563
162.225	-54.125
162.3	-54.0625
162.375	-54.1563
162.45	-54.125
162.525	-54.0625
162.6	-54.0937
162.675	-54.1563
162.75	-54.0625
162.825	-54.125
162.9	-54.2188
162.975	-54.1563
163.05	-54.125
163.125	-54.25
163.2	-54.1875
163.275	-54.1563
163.35	-54.2812
163.425	-54.1875
163.5	-54.125
163.575	-54.2188
163.65	-54.125
163.725	-54.2188
163.8	-54.2188
163.875	-54.0625
163.95	-54.2188
164.025	-54.1875
164.1	-54.125
164.175	-54.2188
164.25	-54.1875
164.325	-54.125
164.4	-54.2812
164.475	-54.2188
164.55	-54.2188
164.625	-54.2812
164.7	-54.1563
164.775	-54.1875
164.85	-54.2188
164.925	-54.1875
165	-54.25
165.075	-54.1875
165.15	-54.2188
165.225	-54.3437
165.3	-54.0937
165.375	-54.2188
165.45	-54.3125
165.525	-54.25
165.6	-54.3125
165.675	-54.1563
165.75	-54.3125
165.825	-54.2812
165.9	-54.2188
165.975	-54.2188
166.05	-54.2188
166.125	-54.3125
166.2	-54.1563
166.275	-54.2188
166.35	-54.3437
166.425	-54.2812
166.5	-54.25
166.575	-54.1563
166.65	-54.3125
166.725	-54.2812
166.8	-54.2188
166.875	-54.25
166.95	-54.375
167.025	-54.2812
167.1	-54.25
167.175	-54.3125
167.25	-54.2812
167.325	-54.3437
167.4	-54.2188
167.475	-54.2812
167.55	-54.2812
167.625	-54.2812
167.7	-54.1875
167.775	-54.3125
167.85	-54.4063
167.925	-54.25
168	-54.125
168.075	-54.1563
168.15	-54.3437
168.225	-54.4375
168.3	-54.2812
168.375	-54.2188
168.45	-54.4063
168.525	-54.3437
168.6	-54.2188
168.675	-54.25
168.75	-54.2188
168.825	-54.2188
168.9	-54.1875
168.975	-54.2812
169.05	-54.3125
169.125	-54.3437
169.2	-54.25
169.275	-54.25
169.35	-54.25
169.425	-54.4063
169.5	-54.25
169.575	-54.25
169.65	-54.375
169.725	-54.2812
169.8	-54.1875
169.875	-54.3437
169.95	-54.375
170.025	-54.25
170.1	-54.25
170.175	-54.3437
170.25	-54.2812
170.325	-54.25
170.4	-54.375
170.475	-54.3125
170.55	-54.25
170.625	-54.375
170.7	-54.3437
170.775	-54.3125
170.85	-54.4063
170.925	-54.2812
171	-54.2188
171.075	-54.3437
171.15	-54.3437
171.225	-54.2812
171.3	-54.3437
171.375	-54.4063
171.45	-54.4063
171.525	-54.25
171.6	-54.375
171.675	-54.4375
171.75	-54.2812
171.825	-54.4375
171.9	-54.4375
171.975	-54.25
172.05	-54.375
172.125	-54.4688
172.2	-54.2812
172.275	-54.4375
172.35	-54.375
172.425	-54.3125
172.5	-54.4375
172.575	-54.3437
172.65	-54.4375
172.725	-54.4375
172.8	-54.4375
172.875	-54.5
172.95	-54.3437
173.025	-54.5313
173.1	-54.5313
173.175	-54.3125
173.25	-54.4688
173.325	-54.4375
173.4	-54.4063
173.475	-54.4688
173.55	-54.4063
173.625	-54.5313
173.7	-54.5625
173.775	-54.375
173.85	-54.5313
173.925	-54.5313
174	-54.5
174.075	-54.5313
174.15	-54.4063
174.225	-54.5937
174.3	-54.5
174.375	-54.4063
174.45	-54.4688
174.525	-54.4375
174.6	-54.5
174.675	-54.375
174.75	-54.4688
174.825	-54.5
174.9	-54.4688
174.975	-54.4063
175.05	-54.375
175.125	-54.6562
175.2	-54.5
175.275	-54.3125
175.35	-54.5625
175.425	-54.5625
175.5	-54.4063
175.575	-54.375
175.65	-54.4688
175.725	-54.5
175.8	-54.4375
175.875	-54.3437
175.95	-54.5313
176.025	-54.5625
176.1	-54.5
176.175	-54.375
176.25	-54.5
176.325	-54.5625
176.4	-54.5
176.475	-54.4063
176.55	-54.4063
176.625	-54.5
176.7	-54.5625
176.775	-54.4688
176.85	-54.4375
176.925	-54.5625
177	-54.625
177.075	-54.5
177.15	-54.4375
177.225	-54.5937
177.3	-54.5
177.375	-54.4063
177.45	-54.4375
177.525	-54.5625
177.6	-54.5313
177.675	-54.4375
177.75	-54.5625
177.825	-54.625
177.9	-54.5313
177.975	-54.4063
178.05	-54.5937
178.125	-54.6562
178.2	-54.5
178.275	-54.4688
178.35	-54.625
178.425	-54.5625
178.5	-54.5
178.575	-54.5
178.65	-54.5937
178.725	-54.5313
178.8	-54.4063
178.875	-54.5
178.95	-54.5937
179.025	-54.5313
179.1	-54.5313
179.175	-54.5625
179.25	-54.5937
179.325	-54.4688
179.4	-54.5
179.475	-54.5313
179.55	-54.4375
179.625	-54.5
179.7	-54.5625
179.775	-54.5937
179.85	-54.5625
179.925	-54.625
180	-54.5
180.075	-54.5937
180.15	-54.5937
180.225	-54.5313
180.3	-54.625
180.375	-54.5313
180.45	-54.4375
180.525	-54.625
180.6	-54.5625
180.675	-54.5625
180.75	-54.6562
180.825	-54.5937
180.9	-54.5937
180.975	-54.6875
181.05	-54.5
181.125	-54.5937
181.2	-54.625
181.275	-54.5937
181.35	-54.5937
181.425	-54.5937
181.5	-54.5
181.575	-54.5937
181.65	-54.5
181.725	-54.5937
181.8	-54.7188
181.875	-54.5
181.95	-54.5625
182.025	-54.5
182.1	-54.625
182.175	-54.625
182.25	-54.4688
182.325	-54.6562
182.4	-54.625
182.475	-54.625
182.55	-54.5313
182.625	-54.5
182.7	-54.7188
182.775	-54.5625
182.85	-54.5937
182.925	-54.5625
183	-54.7813
183.075	-54.6562
183.15	-54.5
183.225	-54.6562
183.3	-54.5625
183.375	-54.6562
183.45	-54.5
183.525	-54.5625
183.6	-54.7813
183.675	-54.5625
183.75	-54.5313
183.825	-54.7188
183.9	-54.7813
183.975	-54.5625
184.05	-54.4688
184.125	-54.5937
184.2	-54.7188
184.275	-54.625
184.35	-54.5625
184.425	-54.5937
184.5	-54.625
184.575	-54.5937
184.65	-54.5625
184.725	-54.7188
184.8	-54.6875
184.875	-54.5313
184.95	-54.5313
185.025	-54.625
185.1	-54.7188
185.175	-54.5
185.25	-54.5313
185.325	-54.6875
185.4	-54.75
185.475	-54.5
185.55	-54.5
185.625	-54.6562
185.7	-54.6875
185.775	-54.5625
185.85	-54.6875
185.925	-54.75
186	-54.6562
186.075	-54.6562
186.15	-54.625
186.225	-54.6562
186.3	-54.7188
186.375	-54.7188
186.45	-54.6562
186.525	-54.6875
186.6	-54.7188
186.675	-54.75
186.75	-54.6875
186.825	-54.5937
186.9	-54.6875
186.975	-54.6562
187.05	-54.6562
187.125	-54.6875
187.2	-54.7188
187.275	-54.6562
187.35	-54.5937
187.425	-54.7188
187.5	-54.6875
187.575	-54.625
187.65	-54.6562
187.725	-54.7188
187.8	-54.7188
187.875	-54.625
187.95	-54.75
188.025	-54.75
188.1	-54.6875
188.175	-54.8125
188.25	-54.7188
188.325	-54.6562
188.4	-54.7813
188.475	-54.625
188.55	-54.5937
188.625	-54.7813
188.7	-54.625
188.775	-54.7188
188.85	-54.75
188.925	-54.6562
189	-54.7188
189.075	-54.7188
189.15	-54.6562
189.225	-54.6875
189.3	-54.8125
189.375	-54.6875
189.45	-54.6875
189.525	-54.6875
189.6	-54.5625
189.675	-54.7813
189.75	-54.6562
189.825	-54.7188
189.9	-54.6562
189.975	-54.625
190.05	-54.7813
190.125	-54.6562
190.2	-54.7188
190.275	-54.8125
190.35	-54.6875
190.425	-54.6875
190.5	-54.7188
190.575	-54.75
190.65	-54.6875
190.725	-54.5625
190.8	-54.8125
190.875	-54.7813
190.95	-54.75
191.025	-54.6875
191.1	-54.7188
191.175	-54.9062
191.25	-54.6875
191.325	-54.6875
191.4	-54.6562
191.475	-54.9062
191.55	-54.7188
191.625	-54.6562
191.7	-54.7188
191.775	-54.7188
191.85	-54.75
191.925	-54.6562
192	-54.7188
192.075	-54.8125
192.15	-54.8125
192.225	-54.7188
192.3	-54.7188
192.375	-54.7188
192.45	-54.6875
192.525	-54.6875
192.6	-54.8125
192.675	-54.8125
192.75	-54.6562
192.825	-54.5625
192.9	-54.7813
192.975	-54.8125
193.05	-54.7188
193.125	-54.625
193.2	-54.6875
193.275	-54.8437
193.35	-54.6875
193.425	-54.5937
193.5	-54.75
193.575	-54.9062
193.65	-54.6875
193.725	-54.5937
193.8	-54.75
193.875	-54.8437
193.95	-54.75
194.025	-54.625
194.1	-54.875
194.175	-54.8125
194.25	-54.6875
194.325	-54.6875
194.4	-54.9062
194.475	-54.75
194.55	-54.6562
194.625	-54.75
194.7	-54.8437
194.775	-54.6875
194.85	-54.7188
194.925	-54.7813
195	-54.7813
195.075	-54.7813
195.15	-54.7813
195.225	-54.8125
195.3	-54.8125
195.375	-54.6875
195.45	-54.8125
195.525	-54.75
195.6	-54.75
195.675	-54.7813
195.75	-54.8125
195.825	-54.6875
195.9	-54.875
195.975	-54.8437
196.05	-54.8125
196.125	-54.8437
196.2	-54.8125
196.275	-54.7813
196.35	-54.7813
196.425	-54.9062
196.5	-54.7813
196.575	-54.7813
196.65	-54.7813
196.725	-54.7813
196.8	-54.7813
196.875	-54.8437
196.95	-54.875
197.025	-54.7813
197.1	-54.8125
197.175	-54.9062
197.25	-54.8125
197.325	-54.8437
197.4	-54.9062
197.475	-54.75
197.55	-54.7813
197.625	-54.7813
197.7	-54.6875
197.775	-54.8437
197.85	-54.8437
197.925	-54.7813
198	-54.8125
198.075	-54.8125
198.15	-54.8437
198.225	-54.8125
198.3	-54.7188
198.375	-54.8437
198.45	-54.8125
198.525	-54.8125
198.6	-54.8437
198.675	-54.7813
198.75	-54.875
198.825	-54.7188
198.9	-54.7813
198.975	-54.8125
199.05	-54.8125
199.125	-54.8437
199.2	-54.7188
199.275	-54.875
199.35	-54.9062
199.425	-54.8437
199.5	-54.7813
199.575	-54.7188
199.65	-54.9687
199.725	-54.7813
199.8	-54.7188
199.875	-54.9062
199.95	-54.8437
200.025	-54.8125
200.1	-54.75
200.175	-54.6875
200.25	-54.9062
200.325	-54.75
200.4	-54.7188
200.475	-54.9062
200.55	-54.9062
200.625	-54.8125
200.7	-54.75
200.775	-54.9062
200.85	-55
200.925	-54.8125
201	-54.7813
201.075	-54.7813
201.15	-54.9062
201.225	-54.8437
201.3	-54.75
201.375	-54.9062
201.45	-54.875
201.525	-54.8125
201.6	-54.875
201.675	-54.9062
201.75	-54.8437
201.825	-54.8437
201.9	-54.875
201.975	-54.9687
202.05	-54.9062
202.125	-54.7813
202.2	-54.9062
202.275	-54.9375
202.35	-54.8437
202.425	-54.75
202.5	-54.875
202.575	-54.9375
202.65	-54.8125
202.725	-54.875
202.8	-54.875
202.875	-54.875
202.95	-54.9062
203.025	-54.9062
203.1	-54.8125
203.175	-54.875
203.25	-54.9062
203.325	-54.8437
203.4	-54.7813
203.475	-54.8437
203.55	-54.9062
203.625	-54.8125
203.7	-54.7813
203.775	-55
203.85	-54.9062
203.925	-54.8437
204	-54.875
204.075	-54.9062
204.15	-54.9062
204.225	-54.7188
204.3	-54.9062
204.375	-54.9062
204.45	-54.8437
204.525	-54.8437
204.6	-54.9375
204.675	-54.875
204.75	-54.7813
204.825	-54.9375
204.9	-54.8437
204.975	-54.8125
205.05	-54.9062
205.125	-54.9062
205.2	-54.7813
205.275	-54.875
205.35	-54.9375
205.425	-54.8437
205.5	-54.9062
205.575	-54.875
205.65	-54.8437
205.725	-54.9062
205.8	-54.7813
205.875	-54.8125
205.95	-54.9062
206.025	-54.9062
206.1	-54.9062
206.175	-54.875
206.25	-54.8125
206.325	-54.9687
206.4	-54.8125
206.475	-54.75
206.55	-54.9062
206.625	-54.8125
206.7	-54.8437
206.775	-54.8437
206.85	-54.8125
206.925	-54.9375
207	-54.7813
207.075	-54.8125
207.15	-54.9062
207.225	-54.9375
207.3	-54.9062
207.375	-54.75
207.45	-54.9062
207.525	-54.875
207.6	-54.8125
207.675	-54.7188
207.75	-54.7813
207.825	-54.9687
207.9	-54.75
207.975	-54.8125
208.05	-54.8125
208.125	-54.9375
208.2	-54.8437
208.275	-54.75
208.35	-54.9062
208.425	-54.8125
208.5	-54.875
208.575	-54.8125
208.65	-54.8125
208.725	-54.9062
208.8	-54.8125
208.875	-54.75
208.95	-54.9375
209.025	-54.9375
209.1	-54.7813
209.175	-54.6875
209.25	-54.7813
209.325	-54.875
209.4	-54.8125
209.475	-54.7813
209.55	-54.875
209.625	-54.8437
209.7	-54.75
209.775	-54.8437
209.85	-54.9375
209.925	-54.9375
210	-54.7813
210.075	-54.8125
210.15	-54.9375
210.225	-54.9687
210.3	-54.7188
210.375	-54.8125
210.45	-54.9375
210.525	-54.9375
210.6	-54.75
210.675	-54.7813
210.75	-55.0313
210.825	-54.875
210.9	-54.75
210.975	-54.8125
211.05	-54.9687
211.125	-54.875
211.2	-54.7813
211.275	-54.9375
211.35	-55
211.425	-54.9062
211.5	-54.7813
211.575	-55
211.65	-54.9062
211.725	-54.8437
211.8	-54.8125
211.875	-54.9062
211.95	-54.8437
212.025	-54.7813
212.1	-54.9062
212.175	-54.9687
212.25	-54.875
212.325	-54.875
212.4	-54.9062
212.475	-54.9687
212.55	-54.9062
212.625	-54.9687
212.7	-54.9687
212.775	-54.8125
212.85	-54.8437
212.925	-54.9375
213	-54.9062
213.075	-54.8437
213.15	-54.875
213.225	-54.875
213.3	-54.7813
213.375	-54.8125
213.45	-54.875
213.525	-54.9062
213.6	-54.9375
213.675	-54.9062
213.75	-54.8437
213.825	-54.9687
213.9	-54.9062
213.975	-54.9062
214.05	-54.9687
214.125	-54.8125
214.2	-54.875
214.275	-54.9375
214.35	-54.8125
214.425	-54.9375
214.5	-54.9687
214.575	-54.875
214.65	-55.0313
214.725	-54.9062
214.8	-54.9375
214.875	-54.9375
214.95	-54.75
215.025	-55.0313
215.1	-55.6563
215.175	-56.3437
215.25	-56.75
215.325	-57
215.4	-57.1562
215.475	-57.2187
215.55	-57.2187
215.625	-57.4063
215.7	-57.375
215.775	-57.5
215.85	-57.5312
215.925	-57.6563
216	-57.8437
216.075	-57.7812
216.15	-57.9375
216.225	-58.0312
216.3	-58.1875
216.375	-58.125
216.45	-58.125
216.525	-58.3125
216.6	-58.2813
216.675	-58.375
216.75	-58.375
216.825	-58.5625
216.9	-58.6562
216.975	-58.5938
217.05	-58.6875
217.125	-58.8438
217.2	-58.7187
217.275	-58.75
217.35	-58.875
217.425	-59.0313
217.5	-58.9687
217.575	-58.9062
217.65	-59.0313
217.725	-59.1875
217.8	-59.25
217.875	-59.1875
217.95	-59.125
218.025	-59.2812
218.1	-59.4687
218.175	-59.4063
218.25	-59.4375
218.325	-59.5312
218.4	-59.5312
218.475	-59.5937
218.55	-59.6563
218.625	-59.75
218.7	-59.6875
218.775	-59.7812
218.85	-59.875
218.925	-59.9688
219	-59.875
219.075	-59.9688
219.15	-60.0313
219.225	-60
219.3	-60
219.375	-60.0937
219.45	-60.0937
219.525	-60.1875
219.6	-60.2188
219.675	-60.25
219.75	-60.3125
219.825	-60.3125
219.9	-60.4062
219.975	-60.4062
220.05	-60.4062
220.125	-60.5
220.2	-60.5938
220.275	-60.5
220.35	-60.625
220.425	-60.7187
220.5	-60.7187
220.575	-60.5938
220.65	-60.7813
220.725	-60.8438
220.8	-60.7813
220.875	-60.9063
220.95	-60.9687
221.025	-60.9375
221.1	-60.9375
221.175	-61.0312
221.25	-61.0938
221.325	-61.0312
221.4	-61.125
221.475	-61.25
221.55	-61.1563
221.625	-61.25
221.7	-61.2812
221.775	-61.2187
221.85	-61.3438
221.925	-61.375
222	-61.4063
222.075	-61.5
222.15	-61.5312
222.225	-61.4375
222.3	-61.5937
222.375	-61.5625
222.45	-61.5937
222.525	-61.7188
222.6	-61.625
222.675	-61.7812
222.75	-61.7812
222.825	-61.7812
222.9	-61.9062
222.975	-61.875
223.05	-61.7812
223.125	-62.0313
223.2	-62
223.275	-62.0625
223.35	-62.0937
223.425	-62
223.5	-62.1875
223.575	-62.2188
223.65	-62.125
223.725	-62.125
223.8	-62.1562
223.875	-62.3438
223.95	-62.2188
224.025	-62.3125
224.1	-62.4687
224.175	-62.4687
224.25	-62.4687
224.325	-62.3438
224.4	-62.5938
224.475	-62.5625
224.55	-62.4375
224.625	-62.5938
224.7	-62.6563
224.775	-62.8125
224.85	-62.6563
224.925	-62.7187
225	-62.8125
225.075	-62.7187
225.15	-62.7813
225.225	-62.8125
225.3	-62.9063
225.375	-63.0312
225.45	-62.875
225.525	-62.9063
225.6	-63.0625
225.675	-63.125
225.75	-62.9375
225.825	-63
225.9	-63.0938
225.975	-63.1875
226.05	-63.1562
226.125	-63.1875
226.2	-63.25
226.275	-63.25
226.35	-63.2813
226.425	-63.3125
226.5	-63.4375
226.575	-63.3437
226.65	-63.2813
226.725	-63.4375
226.8	-63.5312
226.875	-63.375
226.95	-63.4375
227.025	-63.5625
227.1	-63.5938
227.175	-63.5312
227.25	-63.5625
227.325	-63.7812
227.4	-63.7812
227.475	-63.625
227.55	-63.6875
227.625	-63.9063
227.7	-63.8437
227.775	-63.7188
227.85	-63.8437
227.925	-63.9375
228	-63.9063
228.075	-63.875
228.15	-64
228.225	-64
228.3	-64
228.375	-63.9375
228.45	-64.0625
228.525	-64.0938
228.6	-64
228.675	-64.1562
228.75	-64.1562
228.825	-64.1562
228.9	-64.2188
228.975	-64.25
229.05	-64.1562
229.125	-64.3125
229.2	-64.3125
229.275	-64.3125
229.35	-64.25
229.425	-64.5
229.5	-64.4375
229.575	-64.4063
229.65	-64.5313
229.725	-64.4687
229.8	-64.4687
229.875	-64.5937
229.95	-64.5
230.025	-64.5
230.1	-64.5937
230.175	-64.5937
230.25	-64.5625
230.325	-64.7812
230.4	-64.6875
230.475	-64.7188
230.55	-64.7812
230.625	-64.7812
230.7	-64.7812
230.775	-64.8438
230.85	-64.7812
230.925	-64.8438
231	-64.8438
231.075	-64.8438
231.15	-64.9062
231.225	-64.9687
231.3	-64.875
231.375	-64.9687
231.45	-64.9687
231.525	-64.7812
231.6	-64.875
231.675	-64.875
231.75	-64.9062
231.825	-64.8438
231.9	-64.7812
231.975	-64.9375
232.05	-64.875
232.125	-64.75
232.2	-64.8438
232.275	-64.9062
232.35	-64.9687
232.425	-64.7812
232.5	-64.9062
232.575	-64.9062
232.65	-64.875
232.725	-64.875
232.8	-64.7812
232.875	-65.0313
232.95	-64.875
233.025	-64.875
233.1	-64.875
233.175	-65.0313
233.25	-64.9375
233.325	-64.875
233.4	-65
233.475	-64.9687
233.55	-65.0937
233.625	-64.9062
233.7	-65.0313
233.775	-65.1563
233.85	-65
233.925	-64.9687
234	-65.0625
234.075	-65.2187
234.15	-65.1563
234.225	-65.0937
234.3	-65.1563
234.375	-65.25
234.45	-65.2187
234.525	-65.1563
234.6	-65.2812
234.675	-65.4062
234.75	-65.25
234.825	-65.1563
234.9	-65.3438
234.975	-65.4688
235.05	-65.3125
235.125	-65.2187
235.2	-65.375
235.275	-65.5
235.35	-65.4375
235.425	-65.25
235.5	-65.4688
235.575	-65.5625
235.65	-65.4375
235.725	-65.4375
235.8	-65.5312
235.875	-65.5625
235.95	-65.4375
236.025	-65.5312
236.1	-65.5937
236.175	-65.5625
236.25	-65.5625
236.325	-65.5937
236.4	-65.5625
236.475	-65.6875
236.55	-65.6563
236.625	-65.625
236.7	-65.75
236.775	-65.8438
236.85	-65.8125
236.925	-65.6875
237	-65.7813
237.075	-65.7813
237.15	-65.6563
237.225	-65.8438
237.3	-65.8125
237.375	-65.8125
237.45	-65.8125
237.525	-65.9375
237.6	-65.875
237.675	-65.875
237.75	-65.9688
237.825	-65.875
237.9	-65.875
237.975	-65.9688
238.05	-65.9375
238.125	-65.9375
238.2	-66.0312
238.275	-66
238.35	-66
238.425	-66.0938
238.5	-66
238.575	-66.0938
238.65	-66.125
238.725	-66.0312
238.8	-66.125
238.875	-66.1875
238.95	-66.0312
239.025	-66.2187
239.1	-66.1875
239.175	-66.1563
239.25	-66.25
239.325	-66.25
239.4	-66.125
239.475	-66.25
239.55	-66.2813
239.625	-66.2813
239.7	-66.2813
239.775	-66.2187
239.85	-66.375
239.925	-66.3437
240	-66.25
240.075	-66.4063
240.15	-66.3437
240.225	-66.4375
240.3	-66.3437
240.375	-66.3125
240.45	-66.5312
240.525	-66.4375
240.6	-66.4688
240.675	-66.4375
240.75	-66.4688
240.825	-66.5625
240.9	-66.4063
240.975	-66.5625
241.05	-66.5312
241.125	-66.5312
241.2	-66.5
241.275	-66.4688
241.35	-66.6875
241.425	-66.5625
241.5	-66.625
241.575	-66.5625
241.65	-66.7813
241.725	-66.6875
241.8	-66.5938
241.875	-66.75
241.95	-66.75
242.025	-66.7813
242.1	-66.7187
242.175	-66.6875
242.25	-66.7187
242.325	-66.7813
242.4	-66.75
242.475	-66.7813
242.55	-66.8437
242.625	-66.8125
242.7	-66.75
242.775	-66.9063
242.85	-67
242.925	-66.8437
243	-66.7813
243.075	-66.8437
243.15	-67
243.225	-67.0312
243.3	-66.875
243.375	-66.9687
243.45	-67.0625
243.525	-67.0625
243.6	-67
243.675	-67
243.75	-67.125
243.825	-67.0312
243.9	-67
243.975	-67.125
244.05	-67.2188
244.125	-67.125
244.2	-67.0312
244.275	-67.1562
244.35	-67.1875
244.425	-67.0625
244.5	-67.0938
244.575	-67.2813
244.65	-67.25
244.725	-67.1562
244.8	-67.1562
244.875	-67.3437
244.95	-67.25
245.025	-67.1875
245.1	-67.2188
245.175	-67.3125
245.25	-67.3437
245.325	-67.3125
245.4	-67.375
245.475	-67.3437
245.55	-67.25
245.625	-67.4375
245.7	-67.375
245.775	-67.4063
245.85	-67.4375
245.925	-67.4063
246	-67.4063
246.075	-67.4063
246.15	-67.4063
246.225	-67.3125
246.3	-67.4375
246.375	-67.5
246.45	-67.4687
246.525	-67.5
246.6	-67.5
246.675	-67.4063
246.75	-67.5
246.825	-67.5
246.9	-67.4063
246.975	-67.5
247.05	-67.4687
247.125	-67.4375
247.2	-67.5313
247.275	-67.4375
247.35	-67.5938
247.425	-67.5938
247.5	-67.5
247.575	-67.5938
247.65	-67.625
247.725	-67.5938
247.8	-67.5625
247.875	-67.5313
247.95	-67.5
248.025	-67.6875
248.1	-67.5625
248.175	-67.625
248.25	-67.6875
248.325	-67.6562
248.4	-67.75
248.475	-67.5938
248.55	-67.7812
248.625	-67.8125
248.7	-67.6875
248.775	-67.7812
248.85	-67.6875
248.925	-67.875
249	-67.8125
249.075	-67.7188
249.15	-67.8125
249.225	-67.7812
249.3	-67.8125
249.375	-67.6562
249.45	-67.8438
249.525	-67.875
249.6	-67.7812
249.675	-67.75
249.75	-67.8125
249.825	-67.9687
249.9	-67.8125
249.975	-67.8438
250.05	-67.9063
250.125	-67.9063
250.2	-67.9063
250.275	-67.8438
250.35	-67.8438
250.425	-68
250.5	-67.9375
250.575	-67.9375
250.65	-67.9687
250.725	-68.0937
250.8	-68
250.875	-68
250.95	-68
251.025	-68
251.1	-68
251.175	-67.9687
251.25	-68.0313
251.325	-68
251.4	-67.9375
251.475	-68
251.55	-68.125
251.625	-68.125
251.7	-67.9375
251.775	-68.0625
251.85	-68.1875
251.925	-68.1562
252	-68
252.075	-68.1562
252.15	-68.1875
252.225	-68.0625
252.3	-68
252.375	-68.1562
252.45	-68.25
252.525	-68.1562
252.6	-68.1875
252.675	-68.2188
252.75	-68.1875
252.825	-68.2188
252.9	-68.2188
252.975	-68.25
253.05	-68.2188
253.125	-68.25
253.2	-68.25
253.275	-68.1875
253.35	-68.2188
253.425	-68.4062
253.5	-68.2812
253.575	-68.25
253.65	-68.3438
253.725	-68.4062
253.8	-68.3438
253.875	-68.25
253.95	-68.4687
254.025	-68.4375
254.1	-68.3125
254.175	-68.4062
254.25	-68.5
254.325	-68.4062
254.4	-68.4062
254.475	-68.4687
254.55	-68.375
254.625	-68.4062
254.7	-68.5
254.775	-68.4062
254.85	-68.4375
254.925	-68.5
255	-68.5
255.075	-68.4687
255.15	-68.5625
255.225	-68.5
255.3	-68.5313
255.375	-68.5625
255.45	-68.4687
255.525	-68.5937
255.6	-68.625
255.675	-68.5
255.75	-68.625
255.825	-68.5625
255.9	-68.625
255.975	-68.625
256.05	-68.5313
256.125	-68.625
256.2	-68.6563
256.275	-68.625
256.35	-68.625
256.425	-68.6563
256.5	-68.6875
256.575	-68.6563
256.65	-68.5937
256.725	-68.7187
256.8	-68.6875
256.875	-68.7187
256.95	-68.625
257.025	-68.625
257.1	-68.8125
257.175	-68.7187
257.25	-68.6875
257.325	-68.7187
257.4	-68.7812
257.475	-68.8125
257.55	-68.6563
257.625	-68.8438
257.7	-68.7812
257.775	-68.7187
257.85	-68.7812
257.925	-68.7812
258	-68.9375
258.075	-68.7187
258.15	-68.6563
258.225	-68.9062
258.3	-68.7812
258.375	-68.8438
258.45	-68.7812
258.525	-68.8438
258.6	-68.9688
258.675	-68.8125
258.75	-68.7812
258.825	-68.9375
258.9	-69
258.975	-68.8438
259.05	-68.75
259.125	-68.9375
259.2	-68.9688
259.275	-68.8438
259.35	-68.7812
259.425	-68.875
259.5	-69.0313
259.575	-68.9375
259.65	-68.9688
259.725	-68.9688
259.8	-68.9688
259.875	-68.9062
259.95	-68.9375
260.025	-69.0313
260.1	-68.9375
260.175	-68.9375
260.25	-69
260.325	-69.0937
260.4	-69
260.475	-68.9375
260.55	-69
260.625	-69
260.7	-69
260.775	-69
260.85	-68.9688
260.925	-69.0313
261	-69.125
261.075	-69.0625
261.15	-69
261.225	-69.1875
261.3	-69.125
261.375	-69
261.45	-69.125
261.525	-69.1875
261.6	-69.0625
261.675	-69.125
261.75	-69.1875
261.825	-69.125
261.9	-69.1563
261.975	-69.1875
262.05	-69.0937
262.125	-69.0937
262.2	-69.2813
262.275	-69.1563
262.35	-69.1563
262.425	-69.2187
262.5	-69.2187
262.575	-69.125
262.65	-69.1875
262.725	-69.25
262.8	-69.2187
262.875	-69.1563
262.95	-69.1875
263.025	-69.2813
263.1	-69.2187
263.175	-69.1875
263.25	-69.3125
263.325	-69.2187
263.4	-69.125
263.475	-69.3125
263.55	-69.2187
263.625	-69.2187
263.7	-69.2813
263.775	-69.1875
263.85	-69.2187
263.925	-69.25
264	-69.2187
264.075	-69.375
264.15	-69.3125
264.225	-69.2813
264.3	-69.375
264.375	-69.3125
264.45	-69.3125
264.525	-69.375
264.6	-69.25
264.675	-69.4062
264.75	-69.3125
264.825	-69.3438
264.9	-69.375
264.975	-69.3438
265.05	-69.4062
265.125	-69.2813
265.2	-69.4062
265.275	-69.4688
265.35	-69.2813
265.425	-69.3438
265.5	-69.4375
265.575	-69.4375
265.65	-69.4688
265.725	-69.375
265.8	-69.4688
265.875	-69.4688
265.95	-69.3438
266.025	-69.4062
266.1	-69.4062
266.175	-69.4688
266.25	-69.375
266.325	-69.3125
266.4	-69.5312
266.475	-69.5
266.55	-69.5
266.625	-69.4062
266.7	-69.5937
266.775	-69.5312
266.85	-69.3438
266.925	-69.4062
267	-69.5
267.075	-69.4062
267.15	-69.4688
267.225	-69.4375
267.3	-69.625
267.375	-69.5312
267.45	-69.4375
267.525	-69.5312
267.6	-69.5937
267.675	-69.4688
267.75	-69.4062
267.825	-69.4375
267.9	-69.625
267.975	-69.6563
268.05	-69.4375
268.125	-69.375
268.2	-69.6563
268.275	-69.6563
268.35	-69.5312
268.425	-69.5
268.5	-69.5625
268.575	-69.625
268.65	-69.4375
268.725	-69.375
268.8	-69.5937
268.875	-69.625
268.95	-69.5
269.025	-69.5
269.1	-69.6875
269.175	-69.5312
269.25	-69.4688
269.325	-69.625
269.4	-69.6563
269.475	-69.5312
269.55	-69.5
269.625	-69.6875
269.7	-69.6563
269.775	-69.5312
269.85	-69.5937
269.925	-69.625
270	-69.625
270.075	-69.625
270.15	-69.6563
270.225	-69.6563
270.3	-69.5625
270.375	-69.6875
270.45	-69.6563
270.525	-69.5937
270.6	-69.625
270.675	-69.625
270.75	-69.5937
270.825	-69.5937
270.9	-69.6875
270.975	-69.625
271.05	-69.5312
271.125	-69.6563
271.2	-69.6563
271.275	-69.5937
271.35	-69.6563
271.425	-69.6875
271.5	-69.6563
271.575	-69.625
271.65	-69.7813
271.725	-69.6563
271.8	-69.5937
271.875	-69.7187
271.95	-69.625
272.025	-69.625
272.1	-69.75
272.175	-69.625
272.25	-69.6875
272.325	-69.7187
272.4	-69.625
272.475	-69.75
272.55	-69.7187
272.625	-69.6563
272.7	-69.7187
272.775	-69.625
272.85	-69.75
272.925	-69.7813
273	-69.6563
273.075	-69.8437
273.15	-69.75
273.225	-69.7187
273.3	-69.7813
273.375	-69.6875
273.45	-69.7813
273.525	-69.7813
273.6	-69.6875
273.675	-69.8437
273.75	-69.7187
273.825	-69.7813
273.9	-69.6875
273.975	-69.7187
274.05	-69.75
274.125	-69.5625
274.2	-69.5937
274.275	-69.6563
274.35	-69.5625
274.425	-69.5937
274.5	-69.4375
274.575	-69.6563
274.65	-69.5625
274.725	-69.5312
274.8	-69.4375
274.875	-69.5937
274.95	-69.5625
275.025	-69.375
275.1	-69.5
275.175	-69.4688
275.25	-69.5
275.325	-69.4375
275.4	-69.375
275.475	-69.4688
275.55	-69.5312
275.625	-69.375
275.7	-69.375
275.775	-69.5312
275.85	-69.5625
275.925	-69.4062
276	-69.4688
276.075	-69.4375
276.15	-69.4375
276.225	-69.4375
276.3	-69.5937
276.375	-69.5
276.45	-69.5312
276.525	-69.4062
276.6	-69.5312
276.675	-69.5625
276.75	-69.4688
276.825	-69.3125
276.9	-69.5312
276.975	-69.5937
277.05	-69.5
277.125	-69.3438
277.2	-69.5
277.275	-69.5625
277.35	-69.4375
277.425	-69.3438
277.5	-69.5625
277.575	-69.5625
277.65	-69.375
277.725	-69.4062
277.8	-69.4688
277.875	-69.4062
277.95	-69.4062
278.025	-69.4375
278.1	-69.5
278.175	-69.4688
278.25	-69.4375
278.325	-69.4375
278.4	-69.4062
278.475	-69.4688
278.55	-69.5312
278.625	-69.4062
278.7	-69.3438
278.775	-69.4375
278.85	-69.4688
278.925	-69.375
279	-69.4688
279.075	-69.4688
279.15	-69.375
279.225	-69.3438
279.3	-69.5312
279.375	-69.4688
279.45	-69.375
279.525	-69.4062
279.6	-69.4688
279.675	-69.3125
279.75	-69.375
279.825	-69.5
279.9	-69.375
279.975	-69.4062
280.05	-69.4688
280.125	-69.375
280.2	-69.4375
280.275	-69.4062
280.35	-69.3438
280.425	-69.5625
280.5	-69.4062
280.575	-69.3438
280.65	-69.4375
280.725	-69.375
280.8	-69.4375
280.875	-69.375
280.95	-69.3125
281.025	-69.4375
281.1	-69.4062
281.175	-69.4375
281.25	-69.4375
281.325	-69.3125
281.4	-69.4375
281.475	-69.3125
281.55	-69.375
281.625	-69.375
281.7	-69.25
281.775	-69.4062
281.85	-69.375
281.925	-69.5312
282	-69.2813
282.075	-69.4062
282.15	-69.5
282.225	-69.4062
282.3	-69.4688
282.375	-69.375
282.45	-69.4688
282.525	-69.4688
282.6	-69.3438
282.675	-69.375
282.75	-69.4688
282.825	-69.375
282.9	-69.3438
282.975	-69.2813
283.05	-69.4688
283.125	-69.4688
283.2	-69.3125
283.275	-69.4375
283.35	-69.4375
283.425	-69.5312
283.5	-69.3125
283.575	-69.3438
283.65	-69.5312
283.725	-69.4375
283.8	-69.3125
283.875	-69.4062
283.95	-69.4688
284.025	-69.375
284.1	-69.2813
284.175	-69.4062
284.25	-69.5312
284.325	-69.4375
284.4	-69.375
284.475	-69.4062
284.55	-69.5312
284.625	-69.5625
284.7	-69.4688
284.775	-69.4688
284.85	-69.5625
284.925	-69.5312
285	-69.5312
285.075	-69.5312
285.15	-69.5312
285.225	-69.5
285.3	-69.5625
285.375	-69.5937
285.45	-69.5937
285.525	-69.5312
285.6	-69.4688
285.675	-69.5312
285.75	-69.5312
285.825	-69.5625
285.9	-69.5312
285.975	-69.5937
286.05	-69.5625
286.125	-69.5312
286.2	-69.5312
286.275	-69.5625
286.35	-69.5625
286.425	-69.5625
286.5	-69.5625
286.575	-69.5937
286.65	-69.6563
286.725	-69.5625
286.8	-69.5625
286.875	-69.625
286.95	-69.6563
287.025	-69.5
287.1	-69.5625
287.175	-69.6875
287.25	-69.6563
287.325	-69.6563
287.4	-69.6875
287.475	-69.625
287.55	-69.6875
287.625	-69.625
287.7	-69.5625
287.775	-69.6875
287.85	-69.6563
287.925	-69.5937
288	-69.6875
288.075	-69.6563
288.15	-69.625
288.225	-69.75
288.3	-69.7187
288.375	-69.6563
288.45	-69.6875
288.525	-69.6875
288.6	-69.6563
288.675	-69.6875
288.75	-69.7187
288.825	-69.625
288.9	-69.7187
288.975	-69.6563
289.05	-69.6875
289.125	-69.8125
289.2	-69.6875
289.275	-69.7187
289.35	-69.75
289.425	-69.6563
289.5	-69.75
289.575	-69.75
289.65	-69.6563
289.725	-69.8125
289.8	-69.6563
289.875	-69.7813
289.95	-69.7187
290.025	-69.7187
290.1	-69.875
290.175	-69.7813
290.25	-69.7813
290.325	-69.9688
290.4	-69.7813
290.475	-69.7187
290.55	-69.7813
290.625	-69.7813
290.7	-69.9062
290.775	-69.7187
290.85	-69.75
290.925	-69.9688
291	-69.8437
291.075	-69.875
291.15	-69.8125
291.225	-69.9375
291.3	-69.8437
291.375	-69.6875
291.45	-69.7813
291.525	-69.8125
291.6	-69.9062
291.675	-69.7187
291.75	-69.875
291.825	-70
291.9	-69.9062
291.975	-69.8125
292.05	-69.7813
292.125	-69.9688
292.2	-69.9062
292.275	-69.7813
292.35	-69.7813
292.425	-69.9062
292.5	-69.9375
292.575	-69.875
292.65	-69.9062
292.725	-69.9688
292.8	-69.875
292.875	-69.8437
292.95	-69.9375
293.025	-70.0625
293.1	-69.9375
293.175	-69.8125
293.25	-69.9375
293.325	-70.0938
293.4	-69.9062
293.475	-69.8437
293.55	-70
293.625	-70.0625
293.7	-69.9688
293.775	-69.8437
293.85	-70
293.925	-70.0625
294	-69.9375
294.075	-69.9062
294.15	-70.0938
294.225	-70.0625
294.3	-69.875
294.375	-69.9688
294.45	-69.9688
294.525	-70
294.6	-69.9062
294.675	-69.9688
294.75	-70.0312
294.825	-70
294.9	-69.9688
294.975	-70
295.05	-70.0312
295.125	-69.9375
295.2	-70.0312
295.275	-70.0312
295.35	-69.9688
295.425	-69.9688
295.5	-70
295.575	-70
295.65	-69.9688
295.725	-70.0938
295.8	-70.0625
295.875	-70.0312
295.95	-70.0312
296.025	-70.125
296.1	-70
296.175	-70
296.25	-70.1562
296.325	-70.0312
296.4	-70
296.475	-70.125
296.55	-70.0312
296.625	-70.125
296.7	-70.0625
296.775	-70.0312
296.85	-70.0625
296.925	-70
297	-69.9688
297.075	-70.0625
297.15	-70.0312
297.225	-70
297.3	-70.1562
297.375	-70
297.45	-70.0938
297.525	-70.0625
297.6	-69.9062
297.675	-70.0312
297.75	-70.0312
297.825	-70.0625
297.9	-70.125
297.975	-69.9375
298.05	-70
298.125	-70.0625
298.2	-69.9688
298.275	-70.0625
298.35	-69.9062
298.425	-70.0312
298.5	-70.0938
298.575	-70.0312
298.65	-70
298.725	-70.0312
298.8	-70.0625
298.875	-70.125
298.95	-69.875
299.025	-70.0312
299.1	-70.0312
299.175	-70
299.25	-69.9688
299.325	-69.9375
299.4	-70.0312
299.475	-69.9375
299.55	-70.0625
299.625	-69.9688
299.7	-70.125
299.775	-70.0625
299.85	-69.9375
299.925	-70
300	-70.0312
300.075	-70.0625
300.15	-69.9062
300.225	-70.0938
300.3	-70.0625
300.375	-69.9688
300.45	-69.9688
300.525	-70.0625
300.6	-70.0938
300.675	-70
300.75	-69.9688
300.825	-70.1562
300.9	-70.0938
300.975	-70
301.05	-69.9062
301.125	-70
301.2	-70.125
301.275	-70.0938
301.35	-69.9062
301.425	-69.9688
301.5	-70
301.575	-70.0312
301.65	-70.0312
301.725	-70.0625
301.8	-70
301.875	-69.9375
301.95	-69.9688
302.025	-70.0312
302.1	-70
302.175	-69.9062
302.25	-69.9688
302.325	-70.0312
302.4	-70
302.475	-69.9375
302.55	-70
302.625	-70.0312
302.7	-70
302.775	-70.0625
302.85	-70
302.925	-69.9375
303	-70.0625
303.075	-70
303.15	-69.875
303.225	-70.125
303.3	-70.0312
303.375	-69.875
303.45	-69.9688
303.525	-70.0312
303.6	-69.9375
303.675	-69.9062
303.75	-69.9062
303.825	-69.9375
303.9	-69.8437
303.975	-69.9062
304.05	-69.9062
304.125	-69.7813
304.2	-69.8125
304.275	-69.9062
304.35	-69.8437
304.425	-69.7813
304.5	-69.875
304.575	-69.8437
304.65	-69.8125
304.725	-69.875
304.8	-69.875
304.875	-69.75
304.95	-69.7813
305.025	-69.8437
305.1	-69.7187
305.175	-69.8125
305.25	-69.7813
305.325	-69.75
305.4	-69.8437
305.475	-69.7813
305.55	-69.6875
305.625	-69.7813
305.7	-69.6875
305.775	-69.7813
305.85	-69.875
305.925	-69.7187
306	-69.75
306.075	-69.8125
306.15	-69.7187
306.225	-69.7187
306.3	-69.7813
306.375	-69.75
306.45	-69.7813
306.525	-69.625
306.6	-69.6875
306.675	-69.8125
306.75	-69.7187
306.825	-69.7813
306.9	-69.7813
306.975	-69.8125
307.05	-69.7813
307.125	-69.6563
307.2	-69.8437
307.275	-69.8125
307.35	-69.7813
307.425	-69.8125
307.5	-69.6875
307.575	-69.9688
307.65	-69.75
307.725	-69.75
307.8	-69.8125
307.875	-69.9062
307.95	-69.8125
308.025	-69.6563
308.1	-69.9062
308.175	-69.7813
308.25	-69.7813
308.325	-69.6875
308.4	-69.875
308.475	-69.9062
308.55	-69.7187
308.625	-69.8125
308.7	-69.9062
308.775	-69.8125
308.85	-69.8125
308.925	-69.7813
309	-69.8125
309.075	-69.875
309.15	-69.75
309.225	-69.875
309.3	-69.9375
309.375	-69.9688
309.45	-69.7813
309.525	-69.8437
309.6	-70.0312
309.675	-70
309.75	-69.8437
309.825	-69.8125
309.9	-69.9375
309.975	-70.0312
310.05	-69.9062
310.125	-69.8125
310.2	-69.9062
310.275	-70.0625
310.35	-69.9375
310.425	-69.8125
310.5	-69.9062
310.575	-70.0312
310.65	-69.8125
310.725	-69.7813
310.8	-70
310.875	-70.0312
310.95	-69.8437
311.025	-69.875
311.1	-70
311.175	-69.9688
311.25	-69.7813
311.325	-69.875
311.4	-70
311.475	-69.9375
311.55	-69.875
311.625	-69.9688
311.7	-70
311.775	-69.9375
311.85	-69.9062
311.925	-70
312	-69.9688
312.075	-69.9688
312.15	-70.0312
312.225	-69.9375
312.3	-69.9062
312.375	-70.0312
312.45	-69.9688
312.525	-69.875
312.6	-70.0312
312.675	-70.0312
312.75	-69.9375
312.825	-69.9688
312.9	-70.0312
312.975	-69.9062
313.05	-69.8125
313.125	-70
313.2	-69.9688
313.275	-69.9062
313.35	-70.0625
313.425	-70.0312
313.5	-69.9375
313.575	-70.0625
313.65	-70.0312
313.725	-69.9062
313.8	-70
313.875	-69.9688
313.95	-69.9688
314.025	-70.0312
314.1	-69.9688
314.175	-70.0312
314.25	-70.125
314.325	-70.0312
314.4	-70.0312
314.475	-70.0312
314.55	-69.9688
314.625	-70.0625
314.7	-69.9688
314.775	-69.9688
314.85	-70.1562
314.925	-70
