4200 2
0	-69.5625
0.075	-69.375
0.15	-69.5
0.225	-69.5625
0.3	-69.5
0.375	-69.5
0.45	-69.5312
0.525	-69.5312
0.6	-69.5625
0.675	-69.4688
0.75	-69.4688
0.825	-69.5312
0.9	-69.4688
0.975	-69.4062
1.05	-69.5312
1.125	-69.5625
1.2	-69.5625
1.275	-69.4375
1.35	-69.4062
1.425	-69.5
1.5	-69.5625
1.575	-69.4375
1.65	-69.4688
1.725	-69.5
1.8	-69.5
1.875	-69.4688
1.95	-69.375
2.025	-69.5625
2.1	-69.5625
2.175	-69.4375
2.25	-69.4375
2.325	-69.5625
2.4	-69.4688
2.475	-69.375
2.55	-69.4688
2.625	-69.6563
2.7	-69.4375
2.775	-69.4062
2.85	-69.5
2.925	-69.5
3	-69.4688
3.075	-69.4062
3.15	-69.5625
3.225	-69.5625
3.3	-69.4062
3.375	-69.5
3.45	-69.5
3.525	-69.5
3.6	-69.4688
3.675	-69.5312
3.75	-69.5
3.825	-69.4688
3.9	-69.5
3.975	-69.5312
4.05	-69.4688
4.125	-69.5312
4.2	-69.5
4.275	-69.4375
4.35	-69.4688
4.425	-69.5625
4.5	-69.4375
4.575	-69.4688
4.65	-69.5312
4.725	-69.5
4.8	-69.375
4.875	-69.4688
4.95	-69.5
5.025	-69.4688
5.1	-69.5625
5.175	-69.4375
5.25	-69.4375
5.325	-69.5625
5.4	-69.4375
5.475	-69.5
5.55	-69.5625
5.625	-69.5
5.7	-69.5625
5.775	-69.5312
5.85	-69.4688
5.925	-69.5312
6	-69.4375
6.075	-69.5312
6.15	-69.4688
6.225	-69.4375
6.3	-69.5312
6.375	-69.5
6.45	-69.4062
6.525	-69.5312
6.6	-69.4375
6.675	-69.5312
6.75	-69.4688
6.825	-69.375
6.9	-69.5625
6.975	-69.5625
7.05	-69.3438
7.125	-69.4688
7.2	-69.5
7.275	-69.5625
7.35	-69.4062
7.425	-69.5
7.5	-69.5937
7.575	-69.4375
7.65	-69.5625
7.725	-69.4375
7.8	-69.5937
7.875	-69.4688
7.95	-69.5
8.025	-69.4688
8.1	-69.4688
8.175	-69.5937
8.25	-69.3125
8.325	-69.5312
8.4	-69.5625
8.475	-69.5312
8.55	-69.5312
8.625	-69.5312
8.7	-69.5
8.775	-69.5625
8.85	-69.5
8.925	-69.5312
9	-69.5
9.075	-69.5
9.15	-69.5312
9.225	-69.5937
9.3	-69.5312
9.375	-69.4062
9.45	-69.4062
9.525	-69.5312
9.6	-69.5937
9.675	-69.5312
9.75	-69.4688
9.825	-69.4688
9.9	-69.5937
9.975	-69.5625
10.05	-69.4375
10.125	-69.5
10.2	-69.5312
10.275	-69.5312
10.35	-69.4375
10.425	-69.4688
10.5	-69.5
10.575	-69.5
10.65	-69.5312
10.725	-69.4688
10.8	-69.5312
10.875	-69.5312
10.95	-69.375
11.025	-69.5
11.1	-69.6563
11.175	-69.5
11.25	-69.4375
11.325	-69.5312
11.4	-69.5937
11.475	-69.5
11.55	-69.4375
11.625	-69.5937
11.7	-69.5937
11.775	-69.375
11.85	-69.5
11.925	-69.5312
12	-69.4375
12.075	-69.5312
12.15	-69.5625
12.225	-69.5312
12.3	-69.4375
12.375	-69.5625
12.45	-69.5312
12.525	-69.5312
12.6	-69.5625
12.675	-69.4688
12.75	-69.5312
12.825	-69.5
12.9	-69.5625
12.975	-69.5
13.05	-69.5625
13.125	-69.5312
13.2	-69.4062
13.275	-69.5312
13.35	-69.5312
13.425	-69.4062
13.5	-69.5
13.575	-69.5625
13.65	-69.4062
13.725	-69.625
13.8	-69.5
13.875	-69.4375
13.95	-69.5625
14.025	-69.5
14.1	-69.5312
14.175	-69.5312
14.25	-69.4688
14.325	-69.5312
14.4	-69.5312
14.475	-69.5
14.55	-69.625
14.625	-69.5312
14.7	-69.5312
14.775	-69.6563
14.85	-69.5
14.925	-69.5312
15	-68.9062
15.075	-68.3125
15.15	-68
15.225	-67.7812
15.3	-67.6562
15.375	-67.7812
15.45	-67.5313
15.525	-67.5313
15.6	-67.5
15.675	-67.4375
15.75	-67.4687
15.825	-67.2188
15.9	-67.2188
15.975	-67.25
16.05	-67.0625
16.125	-67.125
16.2	-66.9375
16.275	-67.125
16.35	-66.9063
16.425	-66.8125
16.5	-66.8437
16.575	-66.8125
16.65	-66.7813
16.725	-66.5
16.8	-66.6875
16.875	-66.625
16.95	-66.4688
17.025	-66.5312
17.1	-66.4688
17.175	-66.5
17.25	-66.4063
17.325	-66.3437
17.4	-66.4063
17.475	-66.2813
17.55	-66.125
17.625	-66
17.7	-66.1563
17.775	-66.3125
17.85	-66.125
17.925	-65.9375
18	-66
18.075	-66.0938
18.15	-65.9375
18.225	-65.9062
18.3	-65.8438
18.375	-65.9062
18.45	-65.9688
18.525	-65.7813
18.6	-65.75
18.675	-65.7187
18.75	-65.7187
18.825	-65.6563
18.9	-65.6563
18.975	-65.5625
19.05	-65.4688
19.125	-65.5937
19.2	-65.5312
19.275	-65.4688
19.35	-65.375
19.425	-65.4688
19.5	-65.4688
19.575	-65.2812
19.65	-65.375
19.725	-65.3125
19.8	-65.3125
19.875	-65.125
19.95	-65.25
20.025	-65.125
20.1	-65.0937
20.175	-65.1875
20.25	-65.0937
20.325	-64.9375
20.4	-65.125
20.475	-65
20.55	-64.9062
20.625	-65
20.7	-64.9687
20.775	-64.8125
20.85	-64.9375
20.925	-64.8125
21	-64.7188
21.075	-64.875
21.15	-64.8125
21.225	-64.7188
21.3	-64.8438
21.375	-64.7812
21.45	-64.5625
21.525	-64.625
21.6	-64.6563
21.675	-64.5313
21.75	-64.625
21.825	-64.625
21.9	-64.5
21.975	-64.5
22.05	-64.5313
22.125	-64.4375
22.2	-64.4375
22.275	-64.4687
22.35	-64.3438
22.425	-64.4063
22.5	-64.3125
22.575	-64.25
22.65	-64.375
22.725	-64.3125
22.8	-64.25
22.875	-64.1875
22.95	-64.0938
23.025	-64.25
23.1	-64.0938
23.175	-64.0625
23.25	-64.2188
23.325	-64.0938
23.4	-64.0938
23.475	-63.9687
23.55	-64
23.625	-64
23.7	-63.875
23.775	-64
23.85	-64
23.925	-63.9063
24	-63.8125
24.075	-63.8125
24.15	-63.9375
24.225	-63.7812
24.3	-63.7188
24.375	-63.75
24.45	-63.75
24.525	-63.7812
24.6	-63.5938
24.675	-63.75
24.75	-63.7188
24.825	-63.6875
24.9	-63.5938
24.975	-63.5625
25.05	-63.75
25.125	-63.5312
25.2	-63.4375
25.275	-63.5625
25.35	-63.5312
25.425	-63.375
25.5	-63.5
25.575	-63.5312
25.65	-63.5
25.725	-63.3437
25.8	-63.3437
25.875	-63.4375
25.95	-63.5312
26.025	-63.3125
26.1	-63.1875
26.175	-63.3437
26.25	-63.3437
26.325	-63.2813
26.4	-63.3125
26.475	-63.375
26.55	-63.25
26.625	-63.0938
26.7	-63.1562
26.775	-63.2188
26.85	-63.1562
26.925	-63
27	-63.0312
27.075	-63.1875
27.15	-63.0625
27.225	-62.9375
27.3	-63.0312
27.375	-63.0625
27.45	-63.0312
27.525	-62.8437
27.6	-63
27.675	-63.0625
27.75	-62.9375
27.825	-62.8437
27.9	-62.9688
27.975	-62.9375
28.05	-62.9063
28.125	-62.7813
28.2	-62.9063
28.275	-62.8437
28.35	-62.6875
28.425	-62.7813
28.5	-62.8125
28.575	-62.6875
28.65	-62.6563
28.725	-62.7187
28.8	-62.6875
28.875	-62.625
28.95	-62.75
29.025	-62.6875
29.1	-62.5938
29.175	-62.7187
29.25	-62.625
29.325	-62.5938
29.4	-62.625
29.475	-62.6563
29.55	-62.5312
29.625	-62.5312
29.7	-62.5625
29.775	-62.5
29.85	-62.4062
29.925	-62.5625
30	-62.4062
30.075	-62.4062
30.15	-62.5312
30.225	-62.4375
30.3	-62.3125
30.375	-62.4687
30.45	-62.3438
30.525	-62.3125
30.6	-62.4062
30.675	-62.375
30.75	-62.3125
30.825	-62.4062
30.9	-62.3438
30.975	-62.2813
31.05	-62.25
31.125	-62.1875
31.2	-62.125
31.275	-62.2188
31.35	-62.0937
31.425	-62.3125
31.5	-62.1562
31.575	-62.125
31.65	-62.2188
31.725	-62.0625
31.8	-62.0625
31.875	-62.0937
31.95	-62.0625
32.025	-62.1875
32.1	-62
32.175	-62.0313
32.25	-62.0625
32.325	-62.0625
32.4	-62.0313
32.475	-61.875
32.55	-62.0625
32.625	-62.0313
32.7	-62.0313
32.775	-61.9062
32.85	-61.875
32.925	-62.0313
33	-61.9062
33.075	-61.9062
33.15	-61.8437
33.225	-61.9062
33.3	-61.875
33.375	-61.7812
33.45	-61.9375
33.525	-61.9375
33.6	-61.7188
33.675	-61.8125
33.75	-61.8437
33.825	-61.8125
33.9	-61.6563
33.975	-61.75
34.05	-61.8437
34.125	-61.8125
34.2	-61.5625
34.275	-61.5937
34.35	-61.6875
34.425	-61.7812
34.5	-61.7188
34.575	-61.6563
34.65	-61.6563
34.725	-61.7188
34.8	-61.6875
34.875	-61.625
34.95	-61.7188
35.025	-61.6875
35.1	-61.5312
35.175	-61.5937
35.25	-61.6563
35.325	-61.5937
35.4	-61.4063
35.475	-61.5312
35.55	-61.625
35.625	-61.5
35.7	-61.4063
35.775	-61.4688
35.85	-61.5937
35.925	-61.4688
36	-61.3125
36.075	-61.4375
36.15	-61.5625
36.225	-61.4063
36.3	-61.2812
36.375	-61.375
36.45	-61.4688
36.525	-61.3125
36.6	-61.3125
36.675	-61.375
36.75	-61.2812
36.825	-61.25
36.9	-61.375
36.975	-61.3125
37.05	-61.25
37.125	-61.3125
37.2	-61.2187
37.275	-61.1563
37.35	-61.3125
37.425	-61.2812
37.5	-61.1875
37.575	-61.25
37.65	-61.25
37.725	-61.0625
37.8	-61.1875
37.875	-61.1875
37.95	-61.0625
38.025	-61.1563
38.1	-61.125
38.175	-61.0312
38.25	-61.1875
38.325	-61.125
38.4	-61.0312
38.475	-61.1563
38.55	-61.0625
38.625	-61
38.7	-61.125
38.775	-61.0938
38.85	-60.9687
38.925	-61.125
39	-61.0312
39.075	-60.9687
39.15	-61
39.225	-61
39.3	-60.9375
39.375	-61
39.45	-60.9063
39.525	-60.9687
39.6	-61
39.675	-60.9063
39.75	-60.9375
39.825	-60.9375
39.9	-60.8438
39.975	-60.9375
40.05	-60.8125
40.125	-60.8438
40.2	-60.9063
40.275	-60.75
40.35	-60.7813
40.425	-60.8438
40.5	-60.8125
40.575	-60.8125
40.65	-60.7187
40.725	-60.875
40.8	-60.9375
40.875	-60.7813
40.95	-60.75
41.025	-60.7813
41.1	-60.8125
41.175	-60.625
41.25	-60.6875
41.325	-60.7813
41.4	-60.8125
41.475	-60.75
41.55	-60.6875
41.625	-60.8438
41.7	-60.6875
41.775	-60.625
41.85	-60.6562
41.925	-60.6562
42	-60.6875
42.075	-60.5938
42.15	-60.5625
42.225	-60.625
42.3	-60.6875
42.375	-60.6562
42.45	-60.5313
42.525	-60.5625
42.6	-60.5625
42.675	-60.5
42.75	-60.625
42.825	-60.6562
42.9	-60.625
42.975	-60.4375
43.05	-60.5313
43.125	-60.625
43.2	-60.5938
43.275	-60.4687
43.35	-60.4375
43.425	-60.5625
43.5	-60.625
43.575	-60.4687
43.65	-60.4375
43.725	-60.5625
43.8	-60.5
43.875	-60.4687
43.95	-60.375
44.025	-60.5
44.1	-60.5
44.175	-60.3437
44.25	-60.375
44.325	-60.5313
44.4	-60.375
44.475	-60.3437
44.55	-60.375
44.625	-60.4687
44.7	-60.4062
44.775	-60.2813
44.85	-60.4062
44.925	-60.4062
45	-60.3125
45.075	-60.2188
45.15	-60.375
45.225	-60.375
45.3	-60.25
45.375	-60.25
45.45	-60.375
45.525	-60.2813
45.6	-60.25
45.675	-60.3125
45.75	-60.25
45.825	-60.25
45.9	-60.3437
45.975	-60.1875
46.05	-60.2813
46.125	-60.25
46.2	-60.1875
46.275	-60.1875
46.35	-60.2188
46.425	-60.2188
46.5	-60.25
46.575	-60.2188
46.65	-60.1875
46.725	-60.125
46.8	-60.2188
46.875	-60.1875
46.95	-60.1875
47.025	-60.1562
47.1	-60.125
47.175	-60.125
47.25	-60.1562
47.325	-60
47.4	-60.1562
47.475	-60.125
47.55	-60.0625
47.625	-60.1875
47.7	-60.125
47.775	-60.0313
47.85	-60.0937
47.925	-60
48	-60.0625
48.075	-60.1562
48.15	-60.0313
48.225	-60
48.3	-60.0937
48.375	-60
48.45	-60
48.525	-59.9375
48.6	-59.9375
48.675	-60.125
48.75	-59.9063
48.825	-59.9688
48.9	-60.0313
48.975	-59.9063
49.05	-59.9375
49.125	-59.8437
49.2	-59.9688
49.275	-60.0313
49.35	-59.75
49.425	-59.9688
49.5	-59.9375
49.575	-59.875
49.65	-59.8125
49.725	-59.75
49.8	-60.0313
49.875	-59.875
49.95	-59.8437
50.025	-59.8125
50.1	-59.875
50.175	-60.0313
50.25	-59.6875
50.325	-59.75
50.4	-59.9063
50.475	-59.8437
50.55	-59.7188
50.625	-59.7812
50.7	-59.9688
50.775	-59.9063
50.85	-59.7812
50.925	-59.7812
51	-59.8125
51.075	-59.7188
51.15	-59.6875
51.225	-59.8125
51.3	-59.8437
51.375	-59.7812
51.45	-59.625
51.525	-59.7812
51.6	-59.875
51.675	-59.8125
51.75	-59.6563
51.825	-59.6875
51.9	-59.8125
51.975	-59.6875
52.05	-59.5937
52.125	-59.6875
52.2	-59.875
52.275	-59.7188
52.35	-59.5625
52.425	-59.625
52.5	-59.7812
52.575	-59.625
52.65	-59.5312
52.725	-59.6875
52.8	-59.7188
52.875	-59.5625
52.95	-59.6875
53.025	-59.75
53.1	-59.625
53.175	-59.6563
53.25	-59.625
53.325	-59.625
53.4	-59.5312
53.475	-59.5625
53.55	-59.5312
53.625	-59.5625
53.7	-59.5937
53.775	-59.7188
53.85	-59.5937
53.925	-59.5312
54	-59.625
54.075	-59.625
54.15	-59.5312
54.225	-59.5312
54.3	-59.5937
54.375	-59.625
54.45	-59.4375
54.525	-59.5625
54.6	-59.5625
54.675	-59.5312
54.75	-59.4375
54.825	-59.5312
54.9	-59.4063
54.975	-59.4687
55.05	-59.4375
55.125	-59.4375
55.2	-59.4375
55.275	-59.4375
55.35	-59.3438
55.425	-59.4375
55.5	-59.4375
55.575	-59.3125
55.65	-59.4375
55.725	-59.4063
55.8	-59.4063
55.875	-59.4063
55.95	-59.3438
56.025	-59.3125
56.1	-59.4063
56.175	-59.3125
56.25	-59.3438
56.325	-59.3438
56.4	-59.25
56.475	-59.4063
56.55	-59.375
56.625	-59.25
56.7	-59.3438
56.775	-59.3125
56.85	-59.375
56.925	-59.3125
57	-59.1563
57.075	-59.3125
57.15	-59.25
57.225	-59.2187
57.3	-59.1875
57.375	-59.2812
57.45	-59.4063
57.525	-59.1563
57.6	-59.2812
57.675	-59.3125
57.75	-59.2812
57.825	-59.1875
57.9	-59.125
57.975	-59.3125
58.05	-59.25
58.125	-59.1563
58.2	-59.125
58.275	-59.1875
58.35	-59.25
58.425	-59.0938
58.5	-59.125
58.575	-59.1875
58.65	-59.125
58.725	-59.1563
58.8	-59.1563
58.875	-59.1563
58.95	-59.0938
59.025	-59.0938
59.1	-59.0938
59.175	-59.2187
59.25	-59.0938
59.325	-58.9687
59.4	-58.9687
59.475	-59.1563
59.55	-59.0313
59.625	-59.0625
59.7	-59.0625
59.775	-59.1563
59.85	-59
59.925	-58.9687
60	-59.0313
60.075	-59.125
60.15	-59
60.225	-58.9062
60.3	-59.0625
60.375	-59.0313
60.45	-58.9062
60.525	-58.9062
60.6	-59.0313
60.675	-59.0313
60.75	-58.9062
60.825	-58.8438
60.9	-59
60.975	-59
61.05	-58.9375
61.125	-58.9062
61.2	-59
61.275	-58.9375
61.35	-58.7813
61.425	-58.875
61.5	-58.9062
61.575	-58.9062
61.65	-58.8438
61.725	-58.875
61.8	-58.875
61.875	-58.7813
61.95	-58.9062
62.025	-58.8125
62.1	-58.7813
62.175	-58.8438
62.25	-58.8125
62.325	-58.7813
62.4	-58.75
62.475	-58.9062
62.55	-58.75
62.625	-58.6875
62.7	-58.8438
62.775	-58.7813
62.85	-58.7187
62.925	-58.75
63	-58.7813
63.075	-58.625
63.15	-58.6875
63.225	-58.75
63.3	-58.6562
63.375	-58.8125
63.45	-58.7813
63.525	-58.6875
63.6	-58.7813
63.675	-58.75
63.75	-58.625
63.825	-58.7813
63.9	-58.6875
63.975	-58.6875
64.05	-58.8125
64.125	-58.7187
64.2	-58.7187
64.275	-58.7813
64.35	-58.6562
64.425	-58.7187
64.5	-58.6875
64.575	-58.625
64.65	-58.7813
64.725	-58.7187
64.8	-58.5625
64.875	-58.6875
64.95	-58.7813
65.025	-58.6875
65.1	-58.7187
65.175	-58.625
65.25	-58.6875
65.325	-58.6562
65.4	-58.5
65.475	-58.6562
65.55	-58.6562
65.625	-58.6875
65.7	-58.5938
65.775	-58.5625
65.85	-58.75
65.925	-58.5625
66	-58.625
66.075	-58.5
66.15	-58.6562
66.225	-58.625
66.3	-58.4688
66.375	-58.5938
66.45	-58.5625
66.525	-58.625
66.6	-58.4375
66.675	-58.625
66.75	-58.5938
66.825	-58.5
66.9	-58.5
66.975	-58.5
67.05	-58.5938
67.125	-58.5625
67.2	-58.4688
67.275	-58.5313
67.35	-58.5938
67.425	-58.625
67.5	-58.5
67.575	-58.5313
67.65	-58.5625
67.725	-58.5
67.8	-58.375
67.875	-58.5625
67.95	-58.6562
68.025	-58.5938
68.1	-58.5
68.175	-58.5
68.25	-58.6562
68.325	-58.5
68.4	-58.4375
68.475	-58.4375
68.55	-58.5938
68.625	-58.5625
68.7	-58.5
68.775	-58.4375
68.85	-58.625
68.925	-58.5
69	-58.4688
69.075	-58.5
69.15	-58.5938
69.225	-58.5
69.3	-58.4062
69.375	-58.5
69.45	-58.5625
69.525	-58.4688
69.6	-58.4062
69.675	-58.5625
69.75	-58.5313
69.825	-58.4688
69.9	-58.375
69.975	-58.5
70.05	-58.5
70.125	-58.375
70.2	-58.375
70.275	-58.5313
70.35	-58.5
70.425	-58.4375
70.5	-58.4688
70.575	-58.5
70.65	-58.4062
70.725	-58.4375
70.8	-58.4688
70.875	-58.4688
70.95	-58.4688
71.025	-58.4375
71.1	-58.375
71.175	-58.375
71.25	-58.5
71.325	-58.375
71.4	-58.375
71.475	-58.4688
71.55	-58.4688
71.625	-58.375
71.7	-58.4688
71.775	-58.375
71.85	-58.3437
71.925	-58.4375
72	-58.4375
72.075	-58.3125
72.15	-58.4375
72.225	-58.3125
72.3	-58.375
72.375	-58.375
72.45	-58.3125
72.525	-58.375
72.6	-58.4062
72.675	-58.4062
72.75	-58.4375
72.825	-58.3437
72.9	-58.3125
72.975	-58.3437
73.05	-58.25
73.125	-58.4062
73.2	-58.4062
73.275	-58.25
73.35	-58.3437
73.425	-58.3437
73.5	-58.3125
73.575	-58.3437
73.65	-58.3437
73.725	-58.375
73.8	-58.4062
73.875	-58.2188
73.95	-58.375
74.025	-58.4688
74.1	-58.2813
74.175	-58.3125
74.25	-58.25
74.325	-58.4062
74.4	-58.375
74.475	-58.25
74.55	-58.4062
74.625	-58.375
74.7	-58.4375
74.775	-58.2188
74.85	-58.3125
74.925	-58.3437
75	-58.25
75.075	-58.25
75.15	-58.2813
75.225	-58.375
75.3	-58.2813
75.375	-58.0937
75.45	-58.25
75.525	-58.375
75.6	-58.25
75.675	-58.125
75.75	-58.25
75.825	-58.4062
75.9	-58.25
75.975	-58.1875
76.05	-58.2188
76.125	-58.3125
76.2	-58.2813
76.275	-58.2188
76.35	-58.25
76.425	-58.25
76.5	-58.1875
76.575	-58.1562
76.65	-58.25
76.725	-58.25
76.8	-58.125
76.875	-58.125
76.95	-58.2813
77.025	-58.2188
77.1	-58
77.175	-58.1875
77.25	-58.2813
77.325	-58.2813
77.4	-58.125
77.475	-58.125
77.55	-58.2813
77.625	-58.1562
77.7	-58
77.775	-58.125
77.85	-58.2188
77.925	-58.125
78	-58.125
78.075	-58.1875
78.15	-58.2188
78.225	-58.125
78.3	-58.2188
78.375	-58.2188
78.45	-58.1562
78.525	-58.1562
78.6	-58.2188
78.675	-58.125
78.75	-58.125
78.825	-58.0625
78.9	-58.2188
78.975	-58.0937
79.05	-58.125
79.125	-58.1875
79.2	-58.125
79.275	-58.0937
79.35	-58.1875
79.425	-58.125
79.5	-58.0312
79.575	-58.1562
79.65	-58.1562
79.725	-58.0625
79.8	-58.0625
79.875	-58.1562
79.95	-58.0625
80.025	-58.1562
80.1	-58.125
80.175	-58
80.25	-58.0937
80.325	-58.125
80.4	-58
80.475	-58.0937
80.55	-58.0625
80.625	-58.0312
80.7	-58.2188
80.775	-58.125
80.85	-58.0937
80.925	-58.2188
81	-58
81.075	-58.125
81.15	-58.125
81.225	-58.0312
81.3	-58.1875
81.375	-58.0312
81.45	-57.9688
81.525	-58.0625
81.6	-58.0937
81.675	-58
81.75	-58
81.825	-58.0312
81.9	-58.1875
81.975	-58.0625
82.05	-58
82.125	-58.0937
82.2	-58.0625
82.275	-58
82.35	-57.9688
82.425	-58.0312
82.5	-58.1562
82.575	-58
82.65	-58
82.725	-58
82.8	-58.2188
82.875	-58.125
82.95	-58
83.025	-58.0625
83.1	-58.0625
83.175	-58.0937
83.25	-57.9375
83.325	-58.125
83.4	-58.125
83.475	-58.0312
83.55	-58
83.625	-58.0312
83.7	-58.0937
83.775	-58.0312
83.85	-58
83.925	-57.9688
84	-58.0937
84.075	-58.0625
84.15	-58
84.225	-58.0312
84.3	-58.1562
84.375	-58.0312
84.45	-57.9375
84.525	-58.0312
84.6	-58.125
84.675	-58
84.75	-58.0625
84.825	-58
84.9	-58.0937
84.975	-58
85.05	-58.0312
85.125	-58.0625
85.2	-58
85.275	-58
85.35	-58.0625
85.425	-58.0625
85.5	-58.0625
85.575	-58.0312
85.65	-58.0312
85.725	-58.0312
85.8	-58.125
85.875	-58.0312
85.95	-58
86.025	-58
86.1	-58.125
86.175	-58.0625
86.25	-57.9688
86.325	-58.0937
86.4	-58.1562
86.475	-58.0625
86.55	-57.9375
86.625	-58.125
86.7	-58.0937
86.775	-58
86.85	-58
86.925	-58.125
87	-58
87.075	-57.9688
87.15	-58.125
87.225	-58.0937
87.3	-58
87.375	-58
87.45	-58.0312
87.525	-57.9375
87.6	-58
87.675	-58.0937
87.75	-58
87.825	-57.9688
87.9	-58.0312
87.975	-58
88.05	-57.9688
88.125	-58.0625
88.2	-58.0937
88.275	-57.9375
88.35	-58.0625
88.425	-58.0625
88.5	-57.9688
88.575	-58
88.65	-58.125
88.725	-58
88.8	-58.0625
88.875	-58
88.95	-58
89.025	-58.0625
89.1	-57.9688
89.175	-58.0312
89.25	-57.9688
89.325	-57.9063
89.4	-58
89.475	-58.0625
89.55	-57.9063
89.625	-58.0937
89.7	-58.0937
89.775	-57.9688
89.85	-58.0312
89.925	-58
90	-57.9688
90.075	-58.0625
90.15	-58
90.225	-57.9375
90.3	-58.0312
90.375	-58
90.45	-58.0625
90.525	-58
90.6	-58.0937
90.675	-58.1562
90.75	-57.9063
90.825	-57.9375
90.9	-58
90.975	-58.0625
91.05	-58
91.125	-57.875
91.2	-58.0625
91.275	-57.9688
91.35	-58
91.425	-57.875
91.5	-58
91.575	-57.9688
91.65	-57.9375
91.725	-57.9688
91.8	-57.9688
91.875	-58.0937
91.95	-57.875
92.025	-57.9063
92.1	-58
92.175	-58.0937
92.25	-58
92.325	-57.8437
92.4	-57.9688
92.475	-58.0625
92.55	-57.9688
92.625	-58
92.7	-58
92.775	-57.9375
92.85	-57.9375
92.925	-58
93	-58.0937
93.075	-58
93.15	-57.9063
93.225	-57.9063
93.3	-58.0312
93.375	-58.0625
93.45	-57.9375
93.525	-57.8437
93.6	-58.0625
93.675	-58.0312
93.75	-57.9063
93.825	-57.9063
93.9	-58.0312
93.975	-58
94.05	-57.9063
94.125	-57.9063
94.2	-58
94.275	-57.9688
94.35	-57.9688
94.425	-57.875
94.5	-57.9375
94.575	-57.9375
94.65	-57.9375
94.725	-57.9688
94.8	-58
94.875	-58.0312
94.95	-57.875
95.025	-57.9063
95.1	-58.0312
95.175	-57.9375
95.25	-57.875
95.325	-58
95.4	-57.9688
95.475	-57.9063
95.55	-57.9063
95.625	-58.0312
95.7	-57.9375
95.775	-57.875
95.85	-57.9375
95.925	-57.9063
96	-57.875
96.075	-57.9688
96.15	-57.9375
96.225	-57.875
96.3	-57.9375
96.375	-58.0312
96.45	-57.9063
96.525	-58
96.6	-57.9688
96.675	-57.9063
96.75	-58
96.825	-57.9688
96.9	-57.8437
96.975	-57.9375
97.05	-58
97.125	-57.875
97.2	-57.9063
97.275	-57.9375
97.35	-57.9063
97.425	-57.875
97.5	-57.9063
97.575	-57.8125
97.65	-57.9063
97.725	-57.875
97.8	-57.75
97.875	-57.8125
97.95	-57.8437
98.025	-57.7812
98.1	-57.75
98.175	-57.7812
98.25	-57.9063
98.325	-57.8125
98.4	-57.6875
98.475	-57.8437
98.55	-57.7812
98.625	-57.7188
98.7	-57.7812
98.775	-57.6875
98.85	-57.8437
98.925	-57.6875
99	-57.5938
99.075	-57.7812
99.15	-57.75
99.225	-57.6875
99.3	-57.625
99.375	-57.625
99.45	-57.8125
99.525	-57.625
99.6	-57.6875
99.675	-57.6563
99.75	-57.8125
99.825	-57.625
99.9	-57.6875
99.975	-57.7188
100.05	-57.6875
100.125	-57.6563
100.2	-57.5625
100.275	-57.7812
100.35	-57.7188
100.425	-57.5625
100.5	-57.5625
100.575	-57.7188
100.65	-57.8125
100.725	-57.5938
100.8	-57.5938
100.875	-57.625
100.95	-57.75
101.025	-57.6563
101.1	-57.6563
101.175	-57.7188
101.25	-57.6875
101.325	-57.5625
101.4	-57.6563
101.475	-57.7812
101.55	-57.75
101.625	-57.5938
101.7	-57.5625
101.775	-57.75
101.85	-57.7812
101.925	-57.5938
102	-57.6563
102.075	-57.75
102.15	-57.7812
102.225	-57.5625
102.3	-57.5938
102.375	-57.625
102.45	-57.6875
102.525	-57.5938
102.6	-57.5625
102.675	-57.75
102.75	-57.625
102.825	-57.5938
102.9	-57.5625
102.975	-57.7812
103.05	-57.6875
103.125	-57.5625
103.2	-57.6563
103.275	-57.7188
103.35	-57.5938
103.425	-57.5312
103.5	-57.6563
103.575	-57.6563
103.65	-57.6875
103.725	-57.5625
103.8	-57.6875
103.875	-57.6563
103.95	-57.5
104.025	-57.5938
104.1	-57.7188
104.175	-57.5938
104.25	-57.5312
104.325	-57.6563
104.4	-57.6875
104.475	-57.5938
104.55	-57.6875
104.625	-57.6875
104.7	-57.5938
104.775	-57.625
104.85	-57.7188
104.925	-57.5938
105	-57.6563
105.075	-57.6875
105.15	-57.5938
105.225	-57.6563
105.3	-57.6875
105.375	-57.7188
105.45	-57.6563
105.525	-57.6875
105.6	-57.625
105.675	-57.6563
105.75	-57.75
105.825	-57.6563
105.9	-57.6875
105.975	-57.6875
106.05	-57.5625
106.125	-57.7812
106.2	-57.5312
106.275	-57.5938
106.35	-57.7188
106.425	-57.5938
106.5	-57.6875
106.575	-57.625
106.65	-57.5938
106.725	-57.7812
106.8	-57.6563
106.875	-57.5312
106.95	-57.7188
107.025	-57.6563
107.1	-57.5938
107.175	-57.5938
107.25	-57.5938
107.325	-57.7188
107.4	-57.625
107.475	-57.5938
107.55	-57.75
107.625	-57.6875
107.7	-57.6563
107.775	-57.625
107.85	-57.7188
107.925	-57.7812
108	-57.5625
108.075	-57.75
108.15	-57.7812
108.225	-57.75
108.3	-57.6563
108.375	-57.6875
108.45	-57.7812
108.525	-57.7188
108.6	-57.7188
108.675	-57.7188
108.75	-57.7188
108.825	-57.6875
108.9	-57.6563
108.975	-57.6563
109.05	-57.6875
109.125	-57.6563
109.2	-57.6563
109.275	-57.6875
109.35	-57.8125
109.425	-57.6875
109.5	-57.5625
109.575	-57.5625
109.65	-57.75
109.725	-57.7812
109.8	-57.5938
109.875	-57.625
109.95	-57.7188
110.025	-57.6875
110.1	-57.5625
110.175	-57.5938
110.25	-57.75
110.325	-57.6875
110.4	-57.5625
110.475	-57.5625
110.55	-57.6563
110.625	-57.5938
110.7	-57.5312
110.775	-57.5625
110.85	-57.7188
110.925	-57.6563
111	-57.5312
111.075	-57.5312
111.15	-57.625
111.225	-57.625
111.3	-57.5312
111.375	-57.5625
111.45	-57.7188
111.525	-57.5938
111.6	-57.5312
111.675	-57.5312
111.75	-57.6563
111.825	-57.5938
111.9	-57.5312
111.975	-57.5625
112.05	-57.6563
112.125	-57.5938
112.2	-57.5312
112.275	-57.6563
112.35	-57.625
112.425	-57.5625
112.5	-57.5938
112.575	-57.6563
112.65	-57.625
112.725	-57.5312
112.8	-57.5938
112.875	-57.6563
112.95	-57.5312
113.025	-57.625
113.1	-57.5938
113.175	-57.625
113.25	-57.6563
113.325	-57.6563
113.4	-57.5625
113.475	-57.5625
113.55	-57.6563
113.625	-57.5625
113.7	-57.6563
113.775	-57.5938
113.85	-57.5312
113.925	-57.6563
114	-57.5625
114.075	-57.5
114.15	-57.6563
114.225	-57.5
114.3	-57.625
114.375	-57.5938
114.45	-57.5312
114.525	-57.5625
114.6	-57.7188
114.675	-57.4687
114.75	-57.5625
114.825	-57.5938
114.9	-57.5
114.975	-57.5625
115.05	-57.5312
115.125	-57.5625
115.2	-57.5625
115.275	-57.5312
115.35	-57.625
115.425	-57.5938
115.5	-57.7812
115.575	-57.5312
115.65	-57.5312
115.725	-57.7188
115.8	-57.5625
115.875	-57.5312
115.95	-57.5938
116.025	-57.6563
116.1	-57.7188
116.175	-57.4375
116.25	-57.5938
116.325	-57.6563
116.4	-57.5625
116.475	-57.5625
116.55	-57.5312
116.625	-57.6875
116.7	-57.625
116.775	-57.5312
116.85	-57.5625
116.925	-57.625
117	-57.625
117.075	-57.5
117.15	-57.5312
117.225	-57.6563
117.3	-57.625
117.375	-57.5
117.45	-57.5938
117.525	-57.625
117.6	-57.5625
117.675	-57.5
117.75	-57.625
117.825	-57.625
117.9	-57.5625
117.975	-57.5
118.05	-57.625
118.125	-57.6875
118.2	-57.5625
118.275	-57.5312
118.35	-57.6875
118.425	-57.6563
118.5	-57.5
118.575	-57.5312
118.65	-57.625
118.725	-57.6875
118.8	-57.5625
118.875	-57.5
118.95	-57.6875
119.025	-57.7812
119.1	-57.5312
119.175	-57.5
119.25	-57.6875
119.325	-57.625
119.4	-57.4687
119.475	-57.5
119.55	-57.625
119.625	-57.5625
119.7	-57.4063
119.775	-57.4687
119.85	-57.5312
119.925	-57.4687
120	-57.4063
120.075	-57.5312
120.15	-57.5312
120.225	-57.4375
120.3	-57.3125
120.375	-57.5
120.45	-57.5312
120.525	-57.4063
120.6	-57.375
120.675	-57.5625
120.75	-57.4687
120.825	-57.25
120.9	-57.375
120.975	-57.4063
121.05	-57.375
121.125	-57.375
121.2	-57.375
121.275	-57.3125
121.35	-57.4063
121.425	-57.375
121.5	-57.3125
121.575	-57.375
121.65	-57.375
121.725	-57.3438
121.8	-57.4063
121.875	-57.3125
121.95	-57.2187
122.025	-57.375
122.1	-57.375
122.175	-57.3125
122.25	-57.4063
122.325	-57.3438
122.4	-57.3438
122.475	-57.375
122.55	-57.2812
122.625	-57.3125
122.7	-57.4063
122.775	-57.2812
122.85	-57.2812
122.925	-57.3438
123	-57.2812
123.075	-57.375
123.15	-57.2812
123.225	-57.25
123.3	-57.3438
123.375	-57.3438
123.45	-57.1875
123.525	-57.3125
123.6	-57.3125
123.675	-57.25
123.75	-57.2812
123.825	-57.25
123.9	-57.4375
123.975	-57.25
124.05	-57.1875
124.125	-57.2812
124.2	-57.375
124.275	-57.3438
124.35	-57.1875
124.425	-57.3125
124.5	-57.3438
124.575	-57.3125
124.65	-57.1875
124.725	-57.25
124.8	-57.3125
124.875	-57.2187
124.95	-57.2812
125.025	-57.1875
125.1	-57.4687
125.175	-57.2812
125.25	-57.0938
125.325	-57.2812
125.4	-57.4063
125.475	-57.25
125.55	-57.0938
125.625	-57.3125
125.7	-57.375
125.775	-57.2812
125.85	-57.125
125.925	-57.25
126	-57.3438
126.075	-57.3438
126.15	-57.3125
126.225	-57.4063
126.3	-57.375
126.375	-57.2812
126.45	-57.2812
126.525	-57.3125
126.6	-57.3125
126.675	-57.1562
126.75	-57.125
126.825	-57.3125
126.9	-57.4063
126.975	-57.2187
127.05	-57.1875
127.125	-57.3438
127.2	-57.2812
127.275	-57.1562
127.35	-57.125
127.425	-57.3125
127.5	-57.25
127.575	-57.125
127.65	-57.125
127.725	-57.25
127.8	-57.2187
127.875	-57.125
127.95	-57.2187
128.025	-57.2812
128.1	-57.2187
128.175	-57.1875
128.25	-57.25
128.325	-57.3125
128.4	-57.1875
128.475	-57.2187
128.55	-57.2187
128.625	-57.1562
128.7	-57.1875
128.775	-57.2187
128.85	-57.1562
128.925	-57.1562
129	-57.25
129.075	-57.2187
129.15	-57.1562
129.225	-57.1562
129.3	-57.2812
129.375	-57.2187
129.45	-57.125
129.525	-57.2812
129.6	-57.25
129.675	-57.125
129.75	-57.1875
129.825	-57.2187
129.9	-57.0938
129.975	-57.2187
130.05	-57.2812
130.125	-57.1562
130.2	-57.1875
130.275	-57.2812
130.35	-57.1562
130.425	-57.2187
130.5	-57.25
130.575	-57.2187
130.65	-57.25
130.725	-57.2812
130.8	-57.125
130.875	-57.2812
130.95	-57.2187
131.025	-57.1562
131.1	-57.2812
131.175	-57.3125
131.25	-57.25
131.325	-57.2812
131.4	-57.1562
131.475	-57.2812
131.55	-57.25
131.625	-57.0938
131.7	-57.2812
131.775	-57.2812
131.85	-57.1875
131.925	-57.125
132	-57.125
132.075	-57.3438
132.15	-57.2187
132.225	-57.125
132.3	-57.2812
132.375	-57.3125
132.45	-57.2187
132.525	-57.1562
132.6	-57.2187
132.675	-57.3125
132.75	-57.125
132.825	-57.125
132.9	-57.1562
132.975	-57.2812
133.05	-57.2187
133.125	-57.1875
133.2	-57.25
133.275	-57.25
133.35	-57.3438
133.425	-57.0625
133.5	-57.2812
133.575	-57.3125
133.65	-57.1875
133.725	-57.1562
133.8	-57.2812
133.875	-57.2812
133.95	-57.125
134.025	-57.1875
134.1	-57.3125
134.175	-57.2812
134.25	-57.2187
134.325	-57.1562
134.4	-57.2812
134.475	-57.3438
134.55	-57.2812
134.625	-57.25
134.7	-57.2812
134.775	-57.3125
134.85	-57.2187
134.925	-57.25
135	-57.375
135.075	-57.375
135.15	-57.1875
135.225	-57.2812
135.3	-57.375
135.375	-57.3125
135.45	-57.125
135.525	-57.25
135.6	-57.375
135.675	-57.25
135.75	-57.25
135.825	-57.2812
135.9	-57.3438
135.975	-57.2812
136.05	-57.3125
136.125	-57.25
136.2	-57.25
136.275	-57.375
136.35	-57.25
136.425	-57.2187
136.5	-57.2187
136.575	-57.3125
136.65	-57.25
136.725	-57.2187
136.8	-57.3125
136.875	-57.3438
136.95	-57.2812
137.025	-57.1875
137.1	-57.3438
137.175	-57.2812
137.25	-57.25
137.325	-57.3125
137.4	-57.375
137.475	-57.2812
137.55	-57.25
137.625	-57.375
137.7	-57.3125
137.775	-57.2812
137.85	-57.2812
137.925	-57.3438
138	-57.25
138.075	-57.3125
138.15	-57.3125
138.225	-57.25
138.3	-57.3125
138.375	-57.375
138.45	-57.25
138.525	-57.3125
138.6	-57.3438
138.675	-57.2812
138.75	-57.4375
138.825	-57.3125
138.9	-57.3125
138.975	-57.375
139.05	-57.25
139.125	-57.3438
139.2	-57.3438
139.275	-57.25
139.35	-57.4063
139.425	-57.25
139.5	-57.2187
139.575	-57.375
139.65	-57.3438
139.725	-57.2812
139.8	-57.375
139.875	-57.3125
139.95	-57.3438
140.025	-57.3125
140.1	-57.2187
140.175	-57.375
140.25	-57.375
140.325	-57.25
140.4	-57.3438
140.475	-57.25
140.55	-57.4375
140.625	-57.3125
140.7	-57.2187
140.775	-57.4063
140.85	-57.3438
140.925	-57.5312
141	-57.25
141.075	-57.375
141.15	-57.5312
141.225	-57.3125
141.3	-57.375
141.375	-57.3125
141.45	-57.4375
141.525	-57.3438
141.6	-57.3125
141.675	-57.4063
141.75	-57.3438
141.825	-57.375
141.9	-57.3125
141.975	-57.3438
142.05	-57.5
142.125	-57.3125
142.2	-57.1875
142.275	-57.4375
142.35	-57.5
142.425	-57.375
142.5	-57.3125
142.575	-57.4063
142.65	-57.4687
142.725	-57.3438
142.8	-57.3125
142.875	-57.4063
142.95	-57.3438
143.025	-57.25
143.1	-57.4063
143.175	-57.4687
143.25	-57.4375
143.325	-57.3438
143.4	-57.3125
143.475	-57.5
143.55	-57.5312
143.625	-57.375
143.7	-57.3438
143.775	-57.4063
143.85	-57.5312
143.925	-57.3125
144	-57.3438
144.075	-57.4063
144.15	-57.5
144.225	-57.3438
144.3	-57.2812
144.375	-57.4375
144.45	-57.4687
144.525	-57.3438
144.6	-57.3125
144.675	-57.4687
144.75	-57.4063
144.825	-57.25
144.9	-57.25
144.975	-57.4063
145.05	-57.4063
145.125	-57.3438
145.2	-57.4375
145.275	-57.5312
145.35	-57.375
145.425	-57.2812
145.5	-57.4687
145.575	-57.4063
145.65	-57.2812
145.725	-57.3438
145.8	-57.4687
145.875	-57.4063
145.95	-57.375
146.025	-57.4687
146.1	-57.4687
146.175	-57.3438
146.25	-57.4063
146.325	-57.4687
146.4	-57.3438
146.475	-57.3438
146.55	-57.4687
146.625	-57.4063
146.7	-57.3438
146.775	-57.4063
146.85	-57.4687
146.925	-57.375
147	-57.4063
147.075	-57.4375
147.15	-57.3438
147.225	-57.4063
147.3	-57.4063
147.375	-57.375
147.45	-57.5312
147.525	-57.4375
147.6	-57.4375
147.675	-57.4375
147.75	-57.4375
147.825	-57.5
147.9	-57.3125
147.975	-57.4063
148.05	-57.4063
148.125	-57.3125
148.2	-57.5
148.275	-57.375
148.35	-57.5
148.425	-57.4687
148.5	-57.25
148.575	-57.4063
148.65	-57.375
148.725	-57.5312
148.8	-57.4063
148.875	-57.3125
148.95	-57.4687
149.025	-57.4375
149.1	-57.4687
149.175	-57.4063
149.25	-57.4375
149.325	-57.5625
149.4	-57.4063
149.475	-57.4063
149.55	-57.4063
149.625	-57.5312
149.7	-57.4375
149.775	-57.3438
149.85	-57.5312
149.925	-57.4375
150	-57.4375
150.075	-57.4063
150.15	-57.375
150.225	-57.5625
150.3	-57.4063
150.375	-57.3125
150.45	-57.4375
150.525	-57.5625
150.6	-57.4375
150.675	-57.4063
150.75	-57.5
150.825	-57.5625
150.9	-57.4375
150.975	-57.4375
151.05	-57.4687
151.125	-57.5
151.2	-57.4375
151.275	-57.4687
151.35	-57.5312
151.425	-57.4375
151.5	-57.4063
151.575	-57.5
151.65	-57.5312
151.725	-57.4375
151.8	-57.2812
151.875	-57.4687
151.95	-57.5312
152.025	-57.4687
152.1	-57.3438
152.175	-57.4687
152.25	-57.5938
152.325	-57.4687
152.4	-57.375
152.475	-57.4063
152.55	-57.5312
152.625	-57.5312
152.7	-57.4063
152.775	-57.4063
152.85	-57.5
152.925	-57.5312
153	-57.4687
153.075	-57.4063
153.15	-57.5
153.225	-57.5312
153.3	-57.4063
153.375	-57.3438
153.45	-57.5312
153.525	-57.4687
153.6	-57.4375
153.675	-57.4687
153.75	-57.5312
153.825	-57.375
153.9	-57.3438
153.975	-57.4687
154.05	-57.4687
154.125	-57.3125
154.2	-57.4063
154.275	-57.5
154.35	-57.4063
154.425	-57.4375
154.5	-57.4687
154.575	-57.4063
154.65	-57.4687
154.725	-57.4687
154.8	-57.375
154.875	-57.4063
154.95	-57.5
155.025	-57.4063
155.1	-57.4687
155.175	-57.5312
155.25	-57.4375
155.325	-57.4687
155.4	-57.4687
155.475	-57.3125
155.55	-57.4063
155.625	-57.4687
155.7	-57.375
155.775	-57.375
155.85	-57.5
155.925	-57.375
156	-57.5312
156.075	-57.375
156.15	-57.4063
156.225	-57.5312
156.3	-57.4063
156.375	-57.4063
156.45	-57.4687
156.525	-57.4063
156.6	-57.5312
156.675	-57.4375
156.75	-57.4063
156.825	-57.5625
156.9	-57.4375
156.975	-57.375
157.05	-57.4375
157.125	-57.4063
157.2	-57.5312
157.275	-57.375
157.35	-57.4063
157.425	-57.4687
157.5	-57.4375
157.575	-57.5312
157.65	-57.3125
157.725	-57.5938
157.8	-57.4687
157.875	-57.375
157.95	-57.4063
158.025	-57.4375
158.1	-57.5625
158.175	-57.2812
158.25	-57.4063
158.325	-57.4375
158.4	-57.5312
158.475	-57.4063
158.55	-57.375
158.625	-57.5312
158.7	-57.5312
158.775	-57.375
158.85	-57.4063
158.925	-57.5312
159	-57.5938
159.075	-57.4375
159.15	-57.4063
159.225	-57.5312
159.3	-57.4375
159.375	-57.4063
159.45	-57.5312
159.525	-57.5625
159.6	-57.5
159.675	-57.4063
159.75	-57.4687
159.825	-57.5625
159.9	-57.5625
159.975	-57.4063
160.05	-57.4063
160.125	-57.5625
160.2	-57.5625
160.275	-57.375
160.35	-57.4063
160.425	-57.625
160.5	-57.5938
160.575	-57.375
160.65	-57.4687
160.725	-57.5625
160.8	-57.4687
160.875	-57.375
160.95	-57.4687
161.025	-57.5312
161.1	-57.4687
161.175	-57.4687
161.25	-57.5625
161.325	-57.5312
161.4	-57.4063
161.475	-57.4687
161.55	-57.5625
161.625	-57.5625
161.7	-57.4063
161.775	-57.4063
161.85	-57.5312
161.925	-57.5
162	-57.4375
162.075	-57.5
162.15	-57.5625
162.225	-57.4375
162.3	-57.4375
162.375	-57.5
162.45	-57.5
162.525	-57.5625
162.6	-57.5312
162.675	-57.4687
162.75	-57.5938
162.825	-57.5312
162.9	-57.4687
162.975	-57.5625
163.05	-57.5938
163.125	-57.4375
163.2	-57.5312
163.275	-57.5312
163.35	-57.5
163.425	-57.4687
163.5	-57.5
163.575	-57.4375
163.65	-57.4375
163.725	-57.5625
163.8	-57.4687
163.875	-57.5312
163.95	-57.5938
164.025	-57.4687
164.1	-57.5
164.175	-57.5312
164.25	-57.4375
164.325	-57.4687
164.4	-57.5625
164.475	-57.4375
164.55	-57.5
164.625	-57.4375
164.7	-57.5
164.775	-57.5625
164.85	-57.4687
164.925	-57.5312
165	-57.5
165.075	-57.5312
165.15	-57.5938
165.225	-57.4687
165.3	-57.5625
165.375	-57.5938
165.45	-57.4687
165.525	-57.5312
165.6	-57.5312
165.675	-57.5312
165.75	-57.5938
165.825	-57.4375
165.9	-57.625
165.975	-57.5625
166.05	-57.4063
166.125	-57.5625
166.2	-57.5625
166.275	-57.6563
166.35	-57.4687
166.425	-57.5312
166.5	-57.5938
166.575	-57.5312
166.65	-57.5625
166.725	-57.5312
166.8	-57.6563
166.875	-57.6563
166.95	-57.4687
167.025	-57.625
167.1	-57.6563
167.175	-57.625
167.25	-57.375
167.325	-57.5
167.4	-57.6875
167.475	-57.5938
167.55	-57.4375
167.625	-57.4375
167.7	-57.5938
167.775	-57.5938
167.85	-57.4687
167.925	-57.5
168	-57.5
168.075	-57.4375
168.15	-57.4687
168.225	-57.5312
168.3	-57.5938
168.375	-57.4375
168.45	-57.5312
168.525	-57.5312
168.6	-57.5938
168.675	-57.5312
168.75	-57.5
168.825	-57.5625
168.9	-57.625
168.975	-57.5312
169.05	-57.4375
169.125	-57.5938
169.2	-57.625
169.275	-57.5
169.35	-57.5312
169.425	-57.5625
169.5	-57.5
169.575	-57.5312
169.65	-57.5312
169.725	-57.5625
169.8	-57.5312
169.875	-57.5625
169.95	-57.5938
170.025	-57.5312
170.1	-57.5
170.175	-57.5938
170.25	-57.5625
170.325	-57.5312
170.4	-57.625
170.475	-57.5625
170.55	-57.5312
170.625	-57.5938
170.7	-57.6563
170.775	-57.5625
170.85	-57.5312
170.925	-57.5625
171	-57.625
171.075	-57.5
171.15	-57.5625
171.225	-57.5312
171.3	-57.5625
171.375	-57.6563
171.45	-57.6875
171.525	-57.5312
171.6	-57.5625
171.675	-57.5625
171.75	-57.5312
171.825	-57.5938
171.9	-57.6563
171.975	-57.5625
172.05	-57.5938
172.125	-57.625
172.2	-57.5312
172.275	-57.6563
172.35	-57.5938
172.425	-57.5
172.5	-57.5938
172.575	-57.625
172.65	-57.5312
172.725	-57.5938
172.8	-57.5625
172.875	-57.5625
172.95	-57.6875
173.025	-57.5
173.1	-57.5625
173.175	-57.6875
173.25	-57.5625
173.325	-57.6563
173.4	-57.4687
173.475	-57.7188
173.55	-57.5625
173.625	-57.5312
173.7	-57.6875
173.775	-57.6563
173.85	-57.7188
173.925	-57.5938
174	-57.5625
174.075	-57.75
174.15	-57.6563
174.225	-57.5312
174.3	-57.625
174.375	-57.6563
174.45	-57.7812
174.525	-57.5312
174.6	-57.625
174.675	-57.7188
174.75	-57.5938
174.825	-57.625
174.9	-57.5625
174.975	-57.6875
175.05	-57.625
175.125	-57.5312
175.2	-57.6875
175.275	-57.6563
175.35	-57.6875
175.425	-57.5938
175.5	-57.6563
175.575	-57.7188
175.65	-57.6875
175.725	-57.6563
175.8	-57.6563
175.875	-57.6875
175.95	-57.5938
176.025	-57.5625
176.1	-57.6875
176.175	-57.7812
176.25	-57.6563
176.325	-57.625
176.4	-57.6563
176.475	-57.75
176.55	-57.75
176.625	-57.5625
176.7	-57.5312
176.775	-57.6875
176.85	-57.6875
176.925	-57.6875
177	-57.6563
177.075	-57.75
177.15	-57.6875
177.225	-57.5938
177.3	-57.625
177.375	-57.75
177.45	-57.5938
177.525	-57.5625
177.6	-57.6563
177.675	-57.7812
177.75	-57.6563
177.825	-57.5625
177.9	-57.7188
177.975	-57.6875
178.05	-57.5625
178.125	-57.5938
178.2	-57.6875
178.275	-57.75
178.35	-57.625
178.425	-57.5312
178.5	-57.7188
178.575	-57.6875
178.65	-57.5625
178.725	-57.6875
178.8	-57.6875
178.875	-57.5938
178.95	-57.6563
179.025	-57.6563
179.1	-57.5938
179.175	-57.6563
179.25	-57.7188
179.325	-57.625
179.4	-57.5938
179.475	-57.6563
179.55	-57.7188
179.625	-57.6563
179.7	-57.625
179.775	-57.75
179.85	-57.6875
179.925	-57.6875
180	-57.7812
180.075	-57.6875
180.15	-57.6875
180.225	-57.7188
180.3	-57.6563
180.375	-57.6875
180.45	-57.7188
180.525	-57.6563
180.6	-57.7812
180.675	-57.6563
180.75	-57.625
180.825	-57.75
180.9	-57.7188
180.975	-57.625
181.05	-57.7812
181.125	-57.6563
181.2	-57.5625
181.275	-57.6875
181.35	-57.6875
181.425	-57.7812
181.5	-57.75
181.575	-57.6875
181.65	-57.8125
181.725	-57.7188
181.8	-57.7812
181.875	-57.8125
181.95	-57.7812
182.025	-57.8437
182.1	-57.625
182.175	-57.6875
182.25	-57.8125
182.325	-57.7188
182.4	-57.6875
182.475	-57.7188
182.55	-57.8437
182.625	-57.7812
182.7	-57.625
182.775	-57.7812
182.85	-57.7188
182.925	-57.7812
183	-57.6563
183.075	-57.625
183.15	-57.875
183.225	-57.6875
183.3	-57.7812
183.375	-57.7812
183.45	-57.7812
183.525	-57.7812
183.6	-57.625
183.675	-57.7812
183.75	-57.9063
183.825	-57.6875
183.9	-57.625
183.975	-57.75
184.05	-57.875
184.125	-57.7812
184.2	-57.6875
184.275	-57.7812
184.35	-57.7812
184.425	-57.7812
184.5	-57.75
184.575	-57.7812
184.65	-57.7812
184.725	-57.625
184.8	-57.6875
184.875	-57.8437
184.95	-57.875
185.025	-57.7188
185.1	-57.5625
185.175	-57.875
185.25	-57.9063
185.325	-57.7188
185.4	-57.625
185.475	-57.9063
185.55	-57.9063
185.625	-57.7188
185.7	-57.625
185.775	-57.7812
185.85	-57.8437
185.925	-57.6563
186	-57.625
186.075	-57.8437
186.15	-57.8125
186.225	-57.75
186.3	-57.6875
186.375	-57.875
186.45	-57.8125
186.525	-57.6875
186.6	-57.8437
186.675	-57.8125
186.75	-57.7812
186.825	-57.8437
186.9	-57.7812
186.975	-57.7812
187.05	-57.75
187.125	-57.7812
187.2	-57.75
187.275	-57.7812
187.35	-57.8437
187.425	-57.8125
187.5	-57.7188
187.575	-57.8437
187.65	-57.8437
187.725	-57.75
187.8	-57.75
187.875	-57.8437
187.95	-57.8125
188.025	-57.75
188.1	-57.875
188.175	-57.8437
188.25	-57.75
188.325	-57.875
188.4	-57.8437
188.475	-57.7812
188.55	-57.875
188.625	-57.8437
188.7	-57.75
188.775	-57.875
188.85	-57.7188
188.925	-57.8125
189	-57.8437
189.075	-57.75
189.15	-57.8125
189.225	-57.9063
189.3	-57.7812
189.375	-57.8125
189.45	-57.875
189.525	-57.8125
189.6	-57.9063
189.675	-57.7188
189.75	-57.875
189.825	-57.9063
189.9	-57.7812
189.975	-57.7812
190.05	-57.8437
190.125	-57.8125
190.2	-57.875
190.275	-57.8125
190.35	-57.8437
190.425	-57.9375
190.5	-57.8125
190.575	-57.8125
190.65	-57.8437
190.725	-57.875
190.8	-57.8125
190.875	-57.6875
190.95	-57.8125
191.025	-57.8437
191.1	-57.9375
191.175	-57.75
191.25	-57.9063
191.325	-57.9063
191.4	-57.8125
191.475	-57.875
191.55	-57.7812
191.625	-57.9375
191.7	-57.8125
191.775	-57.7812
191.85	-57.875
191.925	-57.9063
192	-57.875
192.075	-57.8125
192.15	-57.875
192.225	-57.9063
192.3	-57.8437
192.375	-57.7812
192.45	-57.8125
192.525	-57.875
192.6	-57.7188
192.675	-57.75
192.75	-58
192.825	-58
192.9	-57.9063
192.975	-57.75
193.05	-57.8125
193.125	-57.9063
193.2	-57.8437
193.275	-57.75
193.35	-57.7812
193.425	-57.8437
193.5	-57.7812
193.575	-57.75
193.65	-57.8437
193.725	-57.75
193.8	-57.75
193.875	-57.8125
193.95	-57.8125
194.025	-57.75
194.1	-57.75
194.175	-57.8125
194.25	-57.7812
194.325	-57.8125
194.4	-57.7812
194.475	-57.6563
194.55	-57.75
194.625	-57.7812
194.7	-57.7812
194.775	-57.75
194.85	-57.8125
194.925	-57.875
195	-57.7188
195.075	-57.6875
195.15	-57.8125
195.225	-57.7812
195.3	-57.6563
195.375	-57.6563
195.45	-57.7812
195.525	-57.6875
195.6	-57.625
195.675	-57.7188
195.75	-57.7812
195.825	-57.625
195.9	-57.625
195.975	-57.7188
196.05	-57.6563
196.125	-57.625
196.2	-57.7812
196.275	-57.7188
196.35	-57.625
196.425	-57.7812
196.5	-57.6875
196.575	-57.6875
196.65	-57.625
196.725	-57.7812
196.8	-57.5625
196.875	-57.625
196.95	-57.6875
197.025	-57.5938
197.1	-57.7188
197.175	-57.625
197.25	-57.5938
197.325	-57.7188
197.4	-57.625
197.475	-57.625
197.55	-57.75
197.625	-57.625
197.7	-57.6563
197.775	-57.7812
197.85	-57.5938
197.925	-57.6875
198	-57.7188
198.075	-57.5938
198.15	-57.7812
198.225	-57.75
198.3	-57.7812
198.375	-57.7812
198.45	-57.625
198.525	-57.7812
198.6	-57.7812
198.675	-57.625
198.75	-57.6875
198.825	-57.75
198.9	-57.8437
198.975	-57.7812
199.05	-57.5625
199.125	-57.8125
199.2	-57.6875
199.275	-57.75
199.35	-57.7188
199.425	-57.6875
199.5	-57.7812
199.575	-57.5938
199.65	-57.6875
199.725	-57.6563
199.8	-57.8437
199.875	-57.6875
199.95	-57.5938
200.025	-57.8125
200.1	-57.75
200.175	-57.7188
200.25	-57.6875
200.325	-57.6563
200.4	-57.8125
200.475	-57.7188
200.55	-57.6563
200.625	-57.6875
200.7	-57.8437
200.775	-57.6875
200.85	-57.7188
200.925	-57.8125
201	-57.7188
201.075	-57.6563
201.15	-57.6875
201.225	-57.9063
201.3	-57.8125
201.375	-57.6563
201.45	-57.625
201.525	-57.7188
201.6	-57.7188
201.675	-57.6875
201.75	-57.7188
201.825	-57.7812
201.9	-57.8125
201.975	-57.7812
202.05	-57.7812
202.125	-57.7812
202.2	-57.8125
202.275	-57.7812
202.35	-57.7812
202.425	-57.7812
202.5	-57.6875
202.575	-57.7812
202.65	-57.8437
202.725	-57.7812
202.8	-57.7812
202.875	-57.7812
202.95	-57.8125
203.025	-57.7812
203.1	-57.8125
203.175	-57.8125
203.25	-57.75
203.325	-57.75
203.4	-57.8437
203.475	-57.7812
203.55	-57.6563
203.625	-57.8125
203.7	-57.8125
203.775	-57.75
203.85	-57.75
203.925	-57.8437
204	-57.75
204.075	-57.7812
204.15	-57.9063
204.225	-57.8437
204.3	-57.7188
204.375	-57.8437
204.45	-57.8125
204.525	-57.7188
204.6	-57.7812
204.675	-57.7812
204.75	-57.6875
204.825	-57.7188
204.9	-57.875
204.975	-57.7812
205.05	-57.75
205.125	-57.9063
205.2	-57.8125
205.275	-57.75
205.35	-57.875
205.425	-57.8125
205.5	-57.8437
205.575	-57.8125
205.65	-57.7812
205.725	-57.8437
205.8	-57.875
205.875	-57.7188
205.95	-57.8437
206.025	-57.7812
206.1	-57.7812
206.175	-57.9063
206.25	-57.8437
206.325	-57.7188
206.4	-57.9063
206.475	-57.9063
206.55	-57.75
206.625	-57.9063
206.7	-57.8125
206.775	-57.9063
206.85	-57.8437
206.925	-57.7188
207	-57.8437
207.075	-57.875
207.15	-57.7812
207.225	-57.8437
207.3	-57.8125
207.375	-57.875
207.45	-57.8437
207.525	-57.6875
207.6	-57.9688
207.675	-57.8437
207.75	-57.9063
207.825	-57.7812
207.9	-57.9063
207.975	-57.9688
208.05	-57.7812
208.125	-57.9063
208.2	-57.8437
208.275	-57.9063
208.35	-57.8437
208.425	-57.6875
208.5	-57.9375
208.575	-57.9375
208.65	-57.7188
208.725	-57.8437
208.8	-57.9688
208.875	-57.875
208.95	-57.8125
209.025	-57.9063
209.1	-57.9375
209.175	-57.9063
209.25	-57.75
209.325	-57.8437
209.4	-57.9375
209.475	-58
209.55	-57.8125
209.625	-57.75
209.7	-57.9688
209.775	-58
209.85	-57.875
209.925	-57.8437
210	-57.9688
210.075	-57.9375
210.15	-57.875
210.225	-57.9063
210.3	-57.9063
210.375	-58
210.45	-57.8437
210.525	-57.8437
210.6	-57.9375
210.675	-57.9688
210.75	-57.9688
210.825	-57.9375
210.9	-57.875
210.975	-57.9375
211.05	-57.9375
211.125	-57.9063
211.2	-57.9688
211.275	-57.9688
211.35	-57.9063
211.425	-57.9063
211.5	-58
211.575	-58
211.65	-57.875
211.725	-57.8437
211.8	-58
211.875	-57.9688
211.95	-57.875
212.025	-57.9688
212.1	-58
212.175	-57.9063
212.25	-57.875
212.325	-58.0312
212.4	-57.9688
212.475	-57.9063
212.55	-57.9375
212.625	-58
212.7	-57.9375
212.775	-57.9063
212.85	-58
212.925	-57.9063
213	-57.9375
213.075	-58.0312
213.15	-57.9063
213.225	-57.875
213.3	-57.9688
213.375	-57.9688
213.45	-57.875
213.525	-58
213.6	-57.9688
213.675	-57.9063
213.75	-58.0312
213.825	-57.9688
213.9	-57.9063
213.975	-58.0312
214.05	-58
214.125	-57.9375
214.2	-57.875
214.275	-57.9688
214.35	-57.875
214.425	-58
214.5	-57.9375
214.575	-57.9375
214.65	-57.9688
214.725	-57.9063
214.8	-57.9375
214.875	-58
214.95	-57.9688
215.025	-58
215.1	-58.4375
215.175	-59.1875
215.25	-59.5625
215.325	-59.5625
215.4	-59.7812
215.475	-59.7812
215.55	-59.9375
215.625	-59.8437
215.7	-60.0313
215.775	-60.1875
215.85	-60.25
215.925	-60.25
216	-60.1562
216.075	-60.4375
216.15	-60.4375
216.225	-60.4062
216.3	-60.5
216.375	-60.5625
216.45	-60.6875
216.525	-60.5938
216.6	-60.75
216.675	-60.8438
216.75	-60.875
216.825	-60.9063
216.9	-60.8438
216.975	-61.125
217.05	-61.0938
217.125	-61
217.2	-61.0625
217.275	-61.2812
217.35	-61.2187
217.425	-61.125
217.5	-61.2187
217.575	-61.3438
217.65	-61.375
217.725	-61.4063
217.8	-61.4688
217.875	-61.5937
217.95	-61.5312
218.025	-61.4063
218.1	-61.5
218.175	-61.7812
218.25	-61.7812
218.325	-61.6563
218.4	-61.7188
218.475	-61.8437
218.55	-61.875
218.625	-61.8125
218.7	-61.9062
218.775	-61.9688
218.85	-62.0313
218.925	-61.9375
219	-62.0937
219.075	-62.0625
219.15	-62.1562
219.225	-62.125
219.3	-62.1562
219.375	-62.1875
219.45	-62.2813
219.525	-62.2188
219.6	-62.1875
219.675	-62.375
219.75	-62.4062
219.825	-62.3438
219.9	-62.4375
219.975	-62.5
220.05	-62.5312
220.125	-62.5
220.2	-62.5625
220.275	-62.6563
220.35	-62.5938
220.425	-62.7187
220.5	-62.8437
220.575	-62.7187
220.65	-62.75
220.725	-62.875
220.8	-62.9688
220.875	-62.875
220.95	-62.9375
221.025	-62.9063
221.1	-62.9375
221.175	-63.0938
221.25	-63.0625
221.325	-63
221.4	-63.0625
221.475	-63.125
221.55	-63.0938
221.625	-63.2188
221.7	-63.2188
221.775	-63.1562
221.85	-63.3125
221.925	-63.3437
222	-63.25
222.075	-63.375
222.15	-63.4063
222.225	-63.3125
222.3	-63.5312
222.375	-63.375
222.45	-63.4375
222.525	-63.5625
222.6	-63.5312
222.675	-63.5625
222.75	-63.6875
222.825	-63.625
222.9	-63.625
222.975	-63.625
223.05	-63.6562
223.125	-63.8437
223.2	-63.6562
223.275	-63.8125
223.35	-63.9063
223.425	-63.8125
223.5	-63.875
223.575	-63.9063
223.65	-64
223.725	-64
223.8	-63.8437
223.875	-63.9375
223.95	-64
224.025	-64.0625
224.1	-64.0625
224.175	-64
224.25	-64.25
224.325	-64.1875
224.4	-64.1562
224.475	-64.1875
224.55	-64.3125
224.625	-64.375
224.7	-64.1875
224.775	-64.3438
224.85	-64.3438
224.925	-64.3438
225	-64.2812
225.075	-64.3438
225.15	-64.5
225.225	-64.4063
225.3	-64.375
225.375	-64.5
225.45	-64.6563
225.525	-64.4687
225.6	-64.5
225.675	-64.6875
225.75	-64.6875
225.825	-64.6563
225.9	-64.5313
225.975	-64.6563
226.05	-64.7812
226.125	-64.7812
226.2	-64.7188
226.275	-64.7188
226.35	-64.75
226.425	-64.7812
226.5	-64.8438
226.575	-64.9062
226.65	-64.9687
226.725	-64.8438
226.8	-64.9062
226.875	-65.0937
226.95	-65.1563
227.025	-65.0313
227.1	-64.9062
227.175	-65.125
227.25	-65.1875
227.325	-65.0937
227.4	-65
227.475	-65.3125
227.55	-65.3125
227.625	-65.2187
227.7	-65.25
227.775	-65.3125
227.85	-65.2187
227.925	-65.3125
228	-65.3125
228.075	-65.375
228.15	-65.375
228.225	-65.4375
228.3	-65.3438
228.375	-65.5312
228.45	-65.5
228.525	-65.4375
228.6	-65.375
228.675	-65.5625
228.75	-65.5
228.825	-65.4688
228.9	-65.5625
228.975	-65.5625
229.05	-65.5625
229.125	-65.6563
229.2	-65.625
229.275	-65.5937
229.35	-65.7813
229.425	-65.6563
229.5	-65.6563
229.575	-65.7813
229.65	-65.8125
229.725	-65.7187
229.8	-65.7187
229.875	-65.8125
229.95	-65.7813
230.025	-65.8125
230.1	-65.9062
230.175	-65.875
230.25	-65.9062
230.325	-66
230.4	-65.9688
230.475	-65.9062
230.55	-66
230.625	-66.0625
230.7	-65.9375
230.775	-66.0625
230.85	-65.9688
230.925	-66.125
231	-66.125
231.075	-66.0938
231.15	-66.1875
231.225	-66.1875
231.3	-66.125
231.375	-66.2187
231.45	-66.0938
231.525	-66.375
231.6	-66.25
231.675	-66.25
231.75	-66.375
231.825	-66.3125
231.9	-66.375
231.975	-66.25
232.05	-66.375
232.125	-66.4688
232.2	-66.4688
232.275	-66.375
232.35	-66.4063
232.425	-66.625
232.5	-66.4375
232.575	-66.5
232.65	-66.5
232.725	-66.5938
232.8	-66.5938
232.875	-66.4375
232.95	-66.5938
233.025	-66.6875
233.1	-66.625
233.175	-66.5625
233.25	-66.5625
233.325	-66.7813
233.4	-66.6562
233.475	-66.6562
233.55	-66.7187
233.625	-66.7187
233.7	-66.8125
233.775	-66.7187
233.85	-66.8125
233.925	-66.7813
234	-66.7813
234.075	-66.8437
234.15	-66.9063
234.225	-66.9375
234.3	-66.8437
234.375	-66.7813
234.45	-66.9063
234.525	-67
234.6	-66.9687
234.675	-66.9063
234.75	-66.9687
234.825	-66.9687
234.9	-66.9687
234.975	-67.0312
235.05	-67.0625
235.125	-67.0938
235.2	-66.9063
235.275	-67
235.35	-67.125
235.425	-67.1562
235.5	-67
235.575	-67.125
235.65	-67.2188
235.725	-67.1875
235.8	-67.1875
235.875	-67.2188
235.95	-67.2188
236.025	-67.2813
236.1	-67.3437
236.175	-67.25
236.25	-67.1562
236.325	-67.3125
236.4	-67.2813
236.475	-67.25
236.55	-67.25
236.625	-67.4063
236.7	-67.375
236.775	-67.3437
236.85	-67.4687
236.925	-67.4687
237	-67.3125
237.075	-67.3125
237.15	-67.5
237.225	-67.375
237.3	-67.4063
237.375	-67.5313
237.45	-67.4687
237.525	-67.4063
237.6	-67.5
237.675	-67.5313
237.75	-67.5625
237.825	-67.625
237.9	-67.625
237.975	-67.5625
238.05	-67.5938
238.125	-67.5938
238.2	-67.5313
238.275	-67.6562
238.35	-67.7812
238.425	-67.625
238.5	-67.6562
238.575	-67.7812
238.65	-67.625
238.725	-67.7812
238.8	-67.7812
238.875	-67.6562
238.95	-67.7188
239.025	-67.8125
239.1	-67.7812
239.175	-67.7812
239.25	-67.8125
239.325	-67.7812
239.4	-67.9063
239.475	-67.9063
239.55	-67.7812
239.625	-67.9063
239.7	-67.9375
239.775	-67.8125
239.85	-67.9063
239.925	-67.9375
240	-68
240.075	-67.9375
240.15	-67.8438
240.225	-67.9687
240.3	-67.9063
240.375	-67.9375
240.45	-68
240.525	-67.9375
240.6	-68.125
240.675	-67.9687
240.75	-68
240.825	-67.9375
240.9	-68.125
240.975	-68
241.05	-68
241.125	-68.0937
241.2	-68.1562
241.275	-68.125
241.35	-67.9375
241.425	-68.1875
241.5	-68.125
241.575	-68.125
241.65	-68
241.725	-68.125
241.8	-68.25
241.875	-68.125
241.95	-68.1875
242.025	-68.25
242.1	-68.25
242.175	-68.25
242.25	-68.1875
242.325	-68.2812
242.4	-68.3125
242.475	-68.25
242.55	-68.2188
242.625	-68.3438
242.7	-68.375
242.775	-68.25
242.85	-68.2812
242.925	-68.4687
243	-68.4687
243.075	-68.25
243.15	-68.2812
243.225	-68.3438
243.3	-68.5
243.375	-68.4062
243.45	-68.25
243.525	-68.4375
243.6	-68.5
243.675	-68.4687
243.75	-68.4062
243.825	-68.4687
243.9	-68.5
243.975	-68.4375
244.05	-68.4375
244.125	-68.5
244.2	-68.5313
244.275	-68.5
244.35	-68.4375
244.425	-68.4687
244.5	-68.5937
244.575	-68.5313
244.65	-68.4687
244.725	-68.5313
244.8	-68.5937
244.875	-68.5937
244.95	-68.5
245.025	-68.5625
245.1	-68.6563
245.175	-68.5937
245.25	-68.5
245.325	-68.6875
245.4	-68.6563
245.475	-68.5937
245.55	-68.6563
245.625	-68.7187
245.7	-68.625
245.775	-68.6563
245.85	-68.7187
245.925	-68.6875
246	-68.5937
246.075	-68.75
246.15	-68.7812
246.225	-68.7187
246.3	-68.75
246.375	-68.7812
246.45	-68.625
246.525	-68.75
246.6	-68.7812
246.675	-68.6563
246.75	-68.8125
246.825	-68.7812
246.9	-68.6875
246.975	-68.8438
247.05	-68.8125
247.125	-68.7812
247.2	-68.875
247.275	-68.8438
247.35	-68.8125
247.425	-68.875
247.5	-68.8438
247.575	-68.9375
247.65	-69
247.725	-68.7812
247.8	-68.9688
247.875	-68.9688
247.95	-69
248.025	-69
248.1	-68.9062
248.175	-69
248.25	-68.9375
248.325	-68.9062
248.4	-69
248.475	-68.9375
248.55	-68.9375
248.625	-68.875
248.7	-68.9062
248.775	-69.0313
248.85	-68.9375
248.925	-68.9375
249	-68.9688
249.075	-69
249.15	-68.9688
249.225	-68.8438
249.3	-69.0625
249.375	-69
249.45	-69
249.525	-68.9062
249.6	-68.9375
249.675	-69.0625
249.75	-68.875
249.825	-69
249.9	-69.0313
249.975	-69.125
250.05	-68.9688
250.125	-68.9688
250.2	-69.125
250.275	-69
250.35	-69
250.425	-69.0313
250.5	-69.0625
250.575	-69.125
250.65	-69.0937
250.725	-69.0313
250.8	-69.0625
250.875	-69.1563
250.95	-69
251.025	-69.0313
251.1	-69.1875
251.175	-69.2187
251.25	-69.0313
251.325	-69
251.4	-69.125
251.475	-69.25
251.55	-69.125
251.625	-69.125
251.7	-69.1563
251.775	-69.2187
251.85	-69.1563
251.925	-69.1563
252	-69.2187
252.075	-69.1875
252.15	-69.25
252.225	-69.2187
252.3	-69.2187
252.375	-69.1875
252.45	-69.2813
252.525	-69.25
252.6	-69.25
252.675	-69.2813
252.75	-69.3125
252.825	-69.2187
252.9	-69.25
252.975	-69.2813
253.05	-69.2187
253.125	-69.2187
253.2	-69.25
253.275	-69.375
253.35	-69.2813
253.425	-69.25
253.5	-69.4062
253.575	-69.375
253.65	-69.2813
253.725	-69.2813
253.8	-69.4375
253.875	-69.3125
253.95	-69.25
254.025	-69.4062
254.1	-69.3125
254.175	-69.2813
254.25	-69.4062
254.325	-69.4062
254.4	-69.3438
254.475	-69.4062
254.55	-69.4062
254.625	-69.375
254.7	-69.4375
254.775	-69.4688
254.85	-69.3125
254.925	-69.4688
255	-69.5
255.075	-69.4062
255.15	-69.5
255.225	-69.4688
255.3	-69.4375
255.375	-69.5312
255.45	-69.5
255.525	-69.4062
255.6	-69.4688
255.675	-69.4062
255.75	-69.4062
255.825	-69.5312
255.9	-69.5
255.975	-69.4062
256.05	-69.625
256.125	-69.5312
256.2	-69.4688
256.275	-69.5937
256.35	-69.5
256.425	-69.5312
256.5	-69.5937
256.575	-69.5312
256.65	-69.625
256.725	-69.5312
256.8	-69.5
256.875	-69.6563
256.95	-69.5
257.025	-69.5312
257.1	-69.4688
257.175	-69.5937
257.25	-69.625
257.325	-69.4375
257.4	-69.5625
257.475	-69.6563
257.55	-69.6563
257.625	-69.5
257.7	-69.4688
257.775	-69.625
257.85	-69.5312
257.925	-69.625
258	-69.5312
258.075	-69.6875
258.15	-69.625
258.225	-69.5625
258.3	-69.5625
258.375	-69.625
258.45	-69.75
258.525	-69.5312
258.6	-69.5625
258.675	-69.6563
258.75	-69.625
258.825	-69.625
258.9	-69.625
258.975	-69.6563
259.05	-69.6563
259.125	-69.5937
259.2	-69.6875
259.275	-69.7187
259.35	-69.6875
259.425	-69.5625
259.5	-69.5312
259.575	-69.7813
259.65	-69.8437
259.725	-69.6563
259.8	-69.6563
259.875	-69.6563
259.95	-69.625
260.025	-69.6563
260.1	-69.625
260.175	-69.7813
260.25	-69.6875
260.325	-69.6875
260.4	-69.7187
260.475	-69.7813
260.55	-69.6875
260.625	-69.6563
260.7	-69.75
260.775	-69.6875
260.85	-69.6875
260.925	-69.7187
261	-69.75
261.075	-69.6875
261.15	-69.75
261.225	-69.6875
261.3	-69.6875
261.375	-69.7813
261.45	-69.7813
261.525	-69.6563
261.6	-69.6563
261.675	-69.7813
261.75	-69.75
261.825	-69.6563
261.9	-69.75
261.975	-69.875
262.05	-69.7187
262.125	-69.625
262.2	-69.8437
262.275	-69.8125
262.35	-69.6875
262.425	-69.8125
262.5	-69.75
262.575	-69.7187
262.65	-69.7187
262.725	-69.7813
262.8	-69.7187
262.875	-69.8125
262.95	-69.8125
263.025	-69.7813
263.1	-69.75
263.175	-69.875
263.25	-69.75
263.325	-69.8437
263.4	-69.8125
263.475	-69.75
263.55	-69.8125
263.625	-69.875
263.7	-69.7813
263.775	-69.875
263.85	-69.8125
263.925	-69.75
264	-69.875
264.075	-69.8437
264.15	-69.8437
264.225	-69.9375
264.3	-69.7813
264.375	-69.8125
264.45	-69.9062
264.525	-69.75
264.6	-69.8437
264.675	-69.8437
264.75	-69.75
264.825	-69.875
264.9	-69.8437
264.975	-69.8437
265.05	-69.9062
265.125	-69.875
265.2	-69.9062
265.275	-69.8125
265.35	-69.875
265.425	-70
265.5	-69.8437
265.575	-69.8125
265.65	-69.9062
265.725	-69.9062
265.8	-69.9375
265.875	-69.8125
265.95	-69.9688
266.025	-69.9375
266.1	-69.875
266.175	-69.9062
266.25	-69.9062
266.325	-70.0312
266.4	-69.8125
266.475	-69.9375
266.55	-69.9375
266.625	-70.0312
266.7	-69.9062
266.775	-69.8437
266.85	-70.0312
266.925	-69.9375
267	-69.8125
267.075	-69.9062
267.15	-69.9688
267.225	-69.875
267.3	-69.8125
267.375	-69.9375
267.45	-70.0938
267.525	-70.0625
267.6	-69.8125
267.675	-69.9062
267.75	-70.0312
267.825	-70.0938
267.9	-69.9375
267.975	-69.9375
268.05	-70
268.125	-70.0625
268.2	-70
268.275	-70.0625
268.35	-70.0938
268.425	-70.0312
268.5	-70
268.575	-70
268.65	-70
268.725	-70.0312
268.8	-70.0312
268.875	-70
268.95	-70.0312
269.025	-70.0938
269.1	-70
269.175	-70.0625
269.25	-69.9688
269.325	-70.125
269.4	-70.0625
269.475	-70.0312
269.55	-70.0938
269.625	-70.125
269.7	-70.0938
269.775	-70.0625
269.85	-70.0938
269.925	-70.0938
270	-70.0625
270.075	-70.0625
270.15	-70.0938
270.225	-70.125
270.3	-70.0625
270.375	-70.125
270.45	-70.25
270.525	-70.0938
270.6	-70.0625
270.675	-70.1875
270.75	-70.125
270.825	-70.0625
270.9	-70.1562
270.975	-70.0625
271.05	-70.0625
271.125	-70.125
271.2	-70
271.275	-70.125
271.35	-70.1562
271.425	-70.125
271.5	-70.1562
271.575	-70.1875
271.65	-70.0938
271.725	-70.1875
271.8	-70.2187
271.875	-70.0625
271.95	-70.1875
272.025	-70.25
272.1	-70.125
272.175	-70.1562
272.25	-70.1875
272.325	-70.125
272.4	-70.2187
272.475	-70.0938
272.55	-70.1562
272.625	-70.2187
272.7	-70.1875
272.775	-70.125
272.85	-70.25
272.925	-70.1875
273	-70.2187
273.075	-70.2187
273.15	-70.125
273.225	-70.3125
273.3	-70.1875
273.375	-70.1875
273.45	-70.1875
273.525	-70.2187
273.6	-70.3437
273.675	-70.125
273.75	-70.2187
273.825	-70.3125
273.9	-70.2187
273.975	-70.2813
274.05	-70.125
274.125	-70.25
274.2	-70.25
274.275	-70.125
274.35	-70.2187
274.425	-70.25
274.5	-70.4063
274.575	-70.1562
274.65	-70.2187
274.725	-70.375
274.8	-70.2187
274.875	-70.25
274.95	-70.125
275.025	-70.2813
275.1	-70.3437
275.175	-70.125
275.25	-70.3125
275.325	-70.3125
275.4	-70.25
275.475	-70.3125
275.55	-70.25
275.625	-70.2813
275.7	-70.3437
275.775	-70.3125
275.85	-70.375
275.925	-70.375
276	-70.25
276.075	-70.125
276.15	-70.25
276.225	-70.4375
276.3	-70.3125
276.375	-70.1562
276.45	-70.25
276.525	-70.4375
276.6	-70.2813
276.675	-70.1562
276.75	-70.25
276.825	-70.4688
276.9	-70.3125
276.975	-70.1875
277.05	-70.25
277.125	-70.4375
277.2	-70.2813
277.275	-70.1875
277.35	-70.375
277.425	-70.4063
277.5	-70.3437
277.575	-70.2813
277.65	-70.3437
277.725	-70.4063
277.8	-70.3125
277.875	-70.25
277.95	-70.375
278.025	-70.4375
278.1	-70.2813
278.175	-70.1875
278.25	-70.4063
278.325	-70.4063
278.4	-70.2187
278.475	-70.3437
278.55	-70.4375
278.625	-70.3437
278.7	-70.1875
278.775	-70.25
278.85	-70.3125
278.925	-70.25
279	-70.2187
279.075	-70.2813
279.15	-70.2187
279.225	-70.2187
279.3	-70.25
279.375	-70.1875
279.45	-70.125
279.525	-70.2813
279.6	-70.1875
279.675	-70.25
279.75	-70.2813
279.825	-70.1562
279.9	-70.2187
279.975	-70.25
280.05	-70.25
280.125	-70.2187
280.2	-70.375
280.275	-70.2813
280.35	-70.25
280.425	-70.4063
280.5	-70.2187
280.575	-70.25
280.65	-70.2187
280.725	-70.125
280.8	-70.25
280.875	-70.25
280.95	-70.125
281.025	-70.2187
281.1	-70.0938
281.175	-70.125
281.25	-70.125
281.325	-69.9688
281.4	-70.1562
281.475	-70.125
281.55	-70.0625
281.625	-70.1875
281.7	-70.1562
281.775	-70.125
281.85	-70
281.925	-70.0312
282	-70.1875
282.075	-70.0938
282.15	-70.1562
282.225	-70.0625
282.3	-70.125
282.375	-70.1875
282.45	-69.9688
282.525	-70.0938
282.6	-70.0938
282.675	-70.125
282.75	-70.0625
282.825	-70.0312
282.9	-70.2187
282.975	-70.125
283.05	-69.9688
283.125	-70.0312
283.2	-70.0938
283.275	-70.125
283.35	-70
283.425	-70.125
283.5	-70.1875
283.575	-70.1875
283.65	-70.0938
283.725	-70.0625
283.8	-70.125
283.875	-70.2187
283.95	-70.0938
284.025	-70.0938
284.1	-70.125
284.175	-70.125
284.25	-70.125
284.325	-70.125
284.4	-70.125
284.475	-70.0312
284.55	-70.0625
284.625	-70.2187
284.7	-70.1875
284.775	-70.0938
284.85	-70.0312
284.925	-70.1875
285	-70.25
285.075	-70.0625
285.15	-69.9375
285.225	-70.125
285.3	-70.2813
285.375	-70.0625
285.45	-70.0312
285.525	-70.1875
285.6	-70.2187
285.675	-70.0312
285.75	-70.0625
285.825	-70.1562
285.9	-70.125
285.975	-70.0625
286.05	-70.125
286.125	-70.125
286.2	-70.1875
286.275	-70.0938
286.35	-70.125
286.425	-70.125
286.5	-70.0938
286.575	-70.1562
286.65	-70.1875
286.725	-70.0625
286.8	-70.2187
286.875	-70.125
286.95	-70.1562
287.025	-70.0625
287.1	-70.2187
287.175	-70.1562
287.25	-70.0938
287.325	-70.2187
287.4	-70.1875
287.475	-70.0625
287.55	-70.1562
287.625	-70.2187
287.7	-70.0938
287.775	-70.0625
287.85	-70.2187
287.925	-70.1875
288	-70.0938
288.075	-70.1562
288.15	-70.1562
288.225	-70.125
288.3	-70.1875
288.375	-70.2187
288.45	-70.125
288.525	-70.1562
288.6	-70.1562
288.675	-70.0625
288.75	-70.2187
288.825	-70.1875
288.9	-70.125
288.975	-70.2187
289.05	-70.125
289.125	-70.125
289.2	-70.1562
289.275	-70.125
289.35	-70.2187
289.425	-70.125
289.5	-70.1562
289.575	-70.25
289.65	-70.125
289.725	-70.2187
289.8	-70.1875
289.875	-70.1875
289.95	-70.25
290.025	-70.0625
290.1	-70.2187
290.175	-70.1875
290.25	-70.25
290.325	-70.1875
290.4	-70.125
290.475	-70.25
290.55	-70.1562
290.625	-70.1875
290.7	-70.1562
290.775	-70.25
290.85	-70.2187
290.925	-70.0625
291	-70.25
291.075	-70.1875
291.15	-70.1875
291.225	-70.0625
291.3	-70.2187
291.375	-70.375
291.45	-70.2813
291.525	-70.125
291.6	-70.0938
291.675	-70.3437
291.75	-70.125
291.825	-70.1875
291.9	-70.2187
291.975	-70.25
292.05	-70.125
292.125	-70.1875
292.2	-70.1875
292.275	-70.25
292.35	-70.25
292.425	-70.1562
292.5	-70.2813
292.575	-70.25
292.65	-70.2187
292.725	-70.25
292.8	-70.3125
292.875	-70.4063
292.95	-70.1875
293.025	-70.125
293.1	-70.1875
293.175	-70.375
293.25	-70.1875
293.325	-70.125
293.4	-70.25
293.475	-70.3437
293.55	-70.25
293.625	-70.1562
293.7	-70.3437
293.775	-70.4063
293.85	-70.1875
293.925	-70.1875
294	-70.3125
294.075	-70.3125
294.15	-70.2187
294.225	-70.1875
294.3	-70.3125
294.375	-70.3125
294.45	-70.2187
294.525	-70.2813
294.6	-70.3437
294.675	-70.1875
294.75	-70.1875
294.825	-70.375
294.9	-70.3125
294.975	-70.25
295.05	-70.25
295.125	-70.25
295.2	-70.2813
295.275	-70.3125
295.35	-70.3125
295.425	-70.2813
295.5	-70.25
295.575	-70.3437
295.65	-70.1875
295.725	-70.2813
295.8	-70.375
295.875	-70.2813
295.95	-70.1875
296.025	-70.3437
296.1	-70.2813
296.175	-70.2813
296.25	-70.375
296.325	-70.3437
296.4	-70.25
296.475	-70.3437
296.55	-70.3125
296.625	-70.3125
296.7	-70.25
296.775	-70.3125
296.85	-70.2187
296.925	-70.375
297	-70.3437
297.075	-70.25
297.15	-70.4063
297.225	-70.3125
297.3	-70.2813
297.375	-70.375
297.45	-70.3125
297.525	-70.3437
297.6	-70.3437
297.675	-70.1875
297.75	-70.3125
297.825	-70.2813
297.9	-70.25
297.975	-70.4063
298.05	-70.2813
298.125	-70.4063
298.2	-70.4063
298.275	-70.2813
298.35	-70.4375
298.425	-70.3437
298.5	-70.2187
298.575	-70.4063
298.65	-70.375
298.725	-70.4063
298.8	-70.3125
298.875	-70.375
298.95	-70.5
299.025	-70.3125
299.1	-70.4375
299.175	-70.3125
299.25	-70.4688
299.325	-70.3437
299.4	-70.25
299.475	-70.4063
299.55	-70.4063
299.625	-70.5
299.7	-70.2187
299.775	-70.4063
299.85	-70.375
299.925	-70.4063
300	-70.3437
300.075	-70.4688
300.15	-70.4688
300.225	-70.3125
300.3	-70.25
300.375	-70.4688
300.45	-70.4375
300.525	-70.2813
300.6	-70.3125
300.675	-70.4375
300.75	-70.4688
300.825	-70.3437
300.9	-70.2813
300.975	-70.375
301.05	-70.5625
301.125	-70.4063
301.2	-70.3437
301.275	-70.3125
301.35	-70.4375
301.425	-70.4063
301.5	-70.4063
301.575	-70.4688
301.65	-70.4375
301.725	-70.4688
301.8	-70.4063
301.875	-70.4375
301.95	-70.4063
302.025	-70.375
302.1	-70.4375
302.175	-70.5312
302.25	-70.5
302.325	-70.4375
302.4	-70.4375
302.475	-70.5
302.55	-70.4688
302.625	-70.4375
302.7	-70.4375
302.775	-70.4688
302.85	-70.5312
302.925	-70.3437
303	-70.3125
303.075	-70.4688
303.15	-70.4688
303.225	-70.4063
303.3	-70.4688
303.375	-70.5312
303.45	-70.4688
303.525	-70.3125
303.6	-70.4063
303.675	-70.5625
303.75	-70.4375
303.825	-70.375
303.9	-70.5
303.975	-70.5
304.05	-70.4063
304.125	-70.5312
304.2	-70.4688
304.275	-70.4375
304.35	-70.5
304.425	-70.4688
304.5	-70.4375
304.575	-70.4688
304.65	-70.4375
304.725	-70.4375
304.8	-70.5
304.875	-70.5
304.95	-70.4375
305.025	-70.5
305.1	-70.4688
305.175	-70.4375
305.25	-70.5625
305.325	-70.4375
305.4	-70.5
305.475	-70.5
305.55	-70.4063
305.625	-70.625
305.7	-70.4375
305.775	-70.4688
305.85	-70.5
305.925	-70.4063
306	-70.5
306.075	-70.4688
306.15	-70.4688
306.225	-70.5625
306.3	-70.4375
306.375	-70.4688
306.45	-70.5312
306.525	-70.4688
306.6	-70.5938
306.675	-70.4688
306.75	-70.5
306.825	-70.625
306.9	-70.5312
306.975	-70.4375
307.05	-70.5625
307.125	-70.5
307.2	-70.5
307.275	-70.4375
307.35	-70.5
307.425	-70.5938
307.5	-70.4688
307.575	-70.4688
307.65	-70.5
307.725	-70.5312
307.8	-70.4375
307.875	-70.375
307.95	-70.5312
308.025	-70.5
308.1	-70.5
308.175	-70.4063
308.25	-70.5625
308.325	-70.5625
308.4	-70.5312
308.475	-70.4063
308.55	-70.5
308.625	-70.6562
308.7	-70.4688
308.775	-70.4375
308.85	-70.5938
308.925	-70.625
309	-70.4688
309.075	-70.4063
309.15	-70.625
309.225	-70.625
309.3	-70.5625
309.375	-70.5
309.45	-70.5
309.525	-70.5
309.6	-70.4375
309.675	-70.5938
309.75	-70.5625
309.825	-70.5
309.9	-70.4688
309.975	-70.5312
310.05	-70.5938
310.125	-70.5312
310.2	-70.4375
310.275	-70.625
310.35	-70.625
310.425	-70.5
310.5	-70.5938
310.575	-70.5625
310.65	-70.5938
310.725	-70.4688
310.8	-70.4375
310.875	-70.5625
310.95	-70.6562
311.025	-70.5
311.1	-70.5625
311.175	-70.4688
311.25	-70.5625
311.325	-70.625
311.4	-70.5
311.475	-70.4688
311.55	-70.5625
311.625	-70.5938
311.7	-70.5
311.775	-70.5
311.85	-70.6562
311.925	-70.5938
312	-70.4688
312.075	-70.6562
312.15	-70.6562
312.225	-70.5
312.3	-70.5312
312.375	-70.5625
312.45	-70.625
312.525	-70.5
312.6	-70.6562
312.675	-70.7188
312.75	-70.5625
312.825	-70.5938
312.9	-70.625
312.975	-70.5625
313.05	-70.625
313.125	-70.6562
313.2	-70.5312
313.275	-70.625
313.35	-70.625
313.425	-70.5
313.5	-70.625
313.575	-70.625
313.65	-70.5
313.725	-70.625
313.8	-70.5312
313.875	-70.5625
313.95	-70.6562
314.025	-70.5
314.1	-70.6562
314.175	-70.5
314.25	-70.4688
314.325	-70.625
314.4	-70.5
314.475	-70.5
314.55	-70.5625
314.625	-70.4688
314.7	-70.625
314.775	-70.5
314.85	-70.5
314.925	-70.5625
