4200 2
0	-70.2813
0.075	-70.25
0.15	-70.375
0.225	-70.25
0.3	-70.2813
0.375	-70.3125
0.45	-70.25
0.525	-70.1875
0.6	-70.2813
0.675	-70.25
0.75	-70.25
0.825	-70.3437
0.9	-70.2187
0.975	-70.3125
1.05	-70.25
1.125	-70.1562
1.2	-70.25
1.275	-70.2813
1.35	-70.1562
1.425	-70.3125
1.5	-70.2813
1.575	-70.1875
1.65	-70.3125
1.725	-70.2813
1.8	-70.2187
1.875	-70.3437
1.95	-70.1875
2.025	-70.1875
2.1	-70.3437
2.175	-70.25
2.25	-70.2187
2.325	-70.2187
2.4	-70.1875
2.475	-70.3437
2.55	-70.2187
2.625	-70.1875
2.7	-70.4063
2.775	-70.2813
2.85	-70.2187
2.925	-70.3437
3	-70.2187
3.075	-70.2187
3.15	-70.2187
3.225	-70.1875
3.3	-70.4063
3.375	-70.2187
3.45	-70.2187
3.525	-70.25
3.6	-70.25
3.675	-70.4063
3.75	-70.125
3.825	-70.2813
3.9	-70.375
3.975	-70.2813
4.05	-70.2187
4.125	-70.25
4.2	-70.375
4.275	-70.125
4.35	-70.2187
4.425	-70.25
4.5	-70.375
4.575	-70.3125
4.65	-70.1875
4.725	-70.3437
4.8	-70.4063
4.875	-70.1562
4.95	-70.125
5.025	-70.3437
5.1	-70.375
5.175	-70.2813
5.25	-70.1562
5.325	-70.25
5.4	-70.3437
5.475	-70.375
5.55	-70.25
5.625	-70.2813
5.7	-70.2813
5.775	-70.25
5.85	-70.2187
5.925	-70.3125
6	-70.3437
6.075	-70.2187
6.15	-70.25
6.225	-70.375
6.3	-70.3125
6.375	-70.125
6.45	-70.25
6.525	-70.3125
6.6	-70.25
6.675	-70.25
6.75	-70.2813
6.825	-70.25
6.9	-70.25
6.975	-70.2813
7.05	-70.2187
7.125	-70.2187
7.2	-70.3437
7.275	-70.2813
7.35	-70.2187
7.425	-70.1875
7.5	-70.25
7.575	-70.2813
7.65	-70.25
7.725	-70.2187
7.8	-70.3125
7.875	-70.25
7.95	-70.1562
8.025	-70.375
8.1	-70.3125
8.175	-70.25
8.25	-70.25
8.325	-70.3125
8.4	-70.1875
8.475	-70.25
8.55	-70.2813
8.625	-70.2187
8.7	-70.25
8.775	-70.375
8.85	-70.2187
8.925	-70.25
9	-70.2813
9.075	-70.2187
9.15	-70.25
9.225	-70.3437
9.3	-70.25
9.375	-70.25
9.45	-70.25
9.525	-70.2187
9.6	-70.25
9.675	-70.3125
9.75	-70.2187
9.825	-70.25
9.9	-70.3437
9.975	-70.25
10.05	-70.3125
10.125	-70.2813
10.2	-70.1875
10.275	-70.3125
10.35	-70.3125
10.425	-70.1875
10.5	-70.2813
10.575	-70.2187
10.65	-70.2813
10.725	-70.25
10.8	-70.2187
10.875	-70.4375
10.95	-70.2813
11.025	-70.125
11.1	-70.2813
11.175	-70.3125
11.25	-70.3125
11.325	-70.2187
11.4	-70.125
11.475	-70.4063
11.55	-70.2187
11.625	-70.1875
11.7	-70.25
11.775	-70.2813
11.85	-70.2813
11.925	-70.125
12	-70.25
12.075	-70.2813
12.15	-70.2187
12.225	-70.1562
12.3	-70.1562
12.375	-70.4063
12.45	-70.2187
12.525	-70.125
12.6	-70.2187
12.675	-70.25
12.75	-70.3125
12.825	-70.1562
12.9	-70.2187
12.975	-70.3125
13.05	-70.1562
13.125	-70.0625
13.2	-70.25
13.275	-70.375
13.35	-70.25
13.425	-70.0625
13.5	-70.25
13.575	-70.3437
13.65	-70.2187
13.725	-70.125
13.8	-70.1562
13.875	-70.25
13.95	-70.2187
14.025	-70.125
14.1	-70.2187
14.175	-70.2187
14.25	-70.25
14.325	-70.25
14.4	-70.25
14.475	-70.2187
14.55	-70.2187
14.625	-70.2187
14.7	-70.25
14.775	-70.2813
14.85	-70.2187
14.925	-70.25
15	-70.125
15.075	-70
15.15	-69.9375
15.225	-69.9375
15.3	-69.9688
15.375	-69.875
15.45	-69.9688
15.525	-69.9062
15.6	-69.8437
15.675	-69.9062
15.75	-69.9062
15.825	-69.7813
15.9	-69.75
15.975	-69.8437
16.05	-69.8125
16.125	-69.8125
16.2	-69.7187
16.275	-69.8437
16.35	-69.6875
16.425	-69.6563
16.5	-69.75
16.575	-69.7813
16.65	-69.7187
16.725	-69.6875
16.8	-69.8125
16.875	-69.6563
16.95	-69.625
17.025	-69.7813
17.1	-69.7187
17.175	-69.625
17.25	-69.6563
17.325	-69.6563
17.4	-69.5937
17.475	-69.625
17.55	-69.7187
17.625	-69.5937
17.7	-69.6563
17.775	-69.625
17.85	-69.5625
17.925	-69.5312
18	-69.5937
18.075	-69.5312
18.15	-69.625
18.225	-69.625
18.3	-69.5312
18.375	-69.5937
18.45	-69.5937
18.525	-69.5
18.6	-69.625
18.675	-69.5625
18.75	-69.5312
18.825	-69.5312
18.9	-69.4062
18.975	-69.6563
19.05	-69.5625
19.125	-69.375
19.2	-69.5
19.275	-69.4375
19.35	-69.5312
19.425	-69.5
19.5	-69.4062
19.575	-69.5625
19.65	-69.4688
19.725	-69.5312
19.8	-69.4375
19.875	-69.375
19.95	-69.625
20.025	-69.375
20.1	-69.375
20.175	-69.4375
20.25	-69.5312
20.325	-69.4688
20.4	-69.3125
20.475	-69.4688
20.55	-69.375
20.625	-69.4688
20.7	-69.3438
20.775	-69.4688
20.85	-69.4375
20.925	-69.3125
21	-69.3125
21.075	-69.375
21.15	-69.4375
21.225	-69.375
21.3	-69.25
21.375	-69.375
21.45	-69.375
21.525	-69.25
21.6	-69.3125
21.675	-69.4062
21.75	-69.375
21.825	-69.2187
21.9	-69.1563
21.975	-69.4062
22.05	-69.4375
22.125	-69.3125
22.2	-69.25
22.275	-69.25
22.35	-69.4062
22.425	-69.25
22.5	-69.3125
22.575	-69.3125
22.65	-69.25
22.725	-69.3125
22.8	-69.3438
22.875	-69.3438
22.95	-69.25
23.025	-69.3125
23.1	-69.4062
23.175	-69.3125
23.25	-69.25
23.325	-69.25
23.4	-69.2813
23.475	-69.2813
23.55	-69.25
23.625	-69.3125
23.7	-69.2813
23.775	-69.25
23.85	-69.2187
23.925	-69.25
24	-69.2187
24.075	-69.1875
24.15	-69.1875
24.225	-69.2187
24.3	-69.125
24.375	-69.2187
24.45	-69.2813
24.525	-69.1563
24.6	-69.0937
24.675	-69.1563
24.75	-69.25
24.825	-69.0937
24.9	-69
24.975	-69.25
25.05	-69.1875
25.125	-69.0625
25.2	-69.125
25.275	-69.1875
25.35	-69
25.425	-69.0625
25.5	-69.0625
25.575	-69
25.65	-69.125
25.725	-69.0937
25.8	-69.0937
25.875	-69.1563
25.95	-68.9688
26.025	-69.0313
26.1	-69.125
26.175	-69.0625
26.25	-69
26.325	-69.125
26.4	-69.0313
26.475	-69
26.55	-69.0937
26.625	-69
26.7	-68.9375
26.775	-69.0625
26.85	-69
26.925	-69.0937
27	-69
27.075	-68.9375
27.15	-69.0937
27.225	-69
27.3	-69
27.375	-68.9688
27.45	-68.9062
27.525	-69.0625
27.6	-69
27.675	-68.9062
27.75	-69
27.825	-69
27.9	-69
27.975	-68.9062
28.05	-69
28.125	-69.0625
28.2	-68.9375
28.275	-68.9688
28.35	-68.9375
28.425	-68.9688
28.5	-68.9062
28.575	-68.8125
28.65	-69.0313
28.725	-69
28.8	-68.9688
28.875	-68.875
28.95	-68.875
29.025	-69.0625
29.1	-68.875
29.175	-68.9062
29.25	-68.9062
29.325	-69
29.4	-68.875
29.475	-68.7812
29.55	-68.9688
29.625	-68.9375
29.7	-68.8125
29.775	-68.8438
29.85	-69
29.925	-69
30	-68.75
30.075	-68.7812
30.15	-68.9375
30.225	-69.0313
30.3	-68.875
30.375	-68.75
30.45	-68.875
30.525	-68.9688
30.6	-68.8125
30.675	-68.8125
30.75	-68.875
30.825	-68.875
30.9	-68.8125
30.975	-68.8125
31.05	-68.875
31.125	-68.9375
31.2	-68.9062
31.275	-68.875
31.35	-68.8125
31.425	-68.9375
31.5	-68.8438
31.575	-68.8438
31.65	-68.875
31.725	-68.9062
31.8	-68.875
31.875	-68.8125
31.95	-68.8125
32.025	-68.8438
32.1	-68.8125
32.175	-68.7812
32.25	-68.8438
32.325	-68.9062
32.4	-68.8125
32.475	-68.7812
32.55	-68.8438
32.625	-68.9688
32.7	-68.8438
32.775	-68.7812
32.85	-68.9062
32.925	-68.875
33	-68.8438
33.075	-68.7812
33.15	-68.8438
33.225	-68.875
33.3	-68.7187
33.375	-68.7812
33.45	-68.875
33.525	-68.9062
33.6	-68.75
33.675	-68.8125
33.75	-68.875
33.825	-68.7812
33.9	-68.7812
33.975	-68.8438
34.05	-68.7812
34.125	-68.8125
34.2	-68.8438
34.275	-68.6875
34.35	-68.6875
34.425	-68.8125
34.5	-68.6875
34.575	-68.8125
34.65	-68.7812
34.725	-68.7187
34.8	-68.8438
34.875	-68.7812
34.95	-68.7812
35.025	-68.8125
35.1	-68.6875
35.175	-68.8125
35.25	-68.7812
35.325	-68.6563
35.4	-68.8438
35.475	-68.7812
35.55	-68.625
35.625	-68.7812
35.7	-68.7187
35.775	-68.75
35.85	-68.75
35.925	-68.7187
36	-68.7812
36.075	-68.6875
36.15	-68.5937
36.225	-68.8125
36.3	-68.75
36.375	-68.7187
36.45	-68.6563
36.525	-68.7187
36.6	-68.8438
36.675	-68.625
36.75	-68.6875
36.825	-68.8125
36.9	-68.7812
36.975	-68.75
37.05	-68.625
37.125	-68.875
37.2	-68.7187
37.275	-68.7812
37.35	-68.6563
37.425	-68.7812
37.5	-68.8438
37.575	-68.5313
37.65	-68.6875
37.725	-68.7187
37.8	-68.7812
37.875	-68.75
37.95	-68.6563
38.025	-68.7187
38.1	-68.8125
38.175	-68.625
38.25	-68.5937
38.325	-68.7187
38.4	-68.7812
38.475	-68.625
38.55	-68.625
38.625	-68.7812
38.7	-68.5937
38.775	-68.625
38.85	-68.6875
38.925	-68.75
39	-68.7187
39.075	-68.5
39.15	-68.6875
39.225	-68.7812
39.3	-68.7187
39.375	-68.5625
39.45	-68.7187
39.525	-68.8438
39.6	-68.6875
39.675	-68.5313
39.75	-68.7187
39.825	-68.7812
39.9	-68.6875
39.975	-68.5625
40.05	-68.6875
40.125	-68.7187
40.2	-68.6563
40.275	-68.6563
40.35	-68.7187
40.425	-68.75
40.5	-68.5937
40.575	-68.5937
40.65	-68.75
40.725	-68.75
40.8	-68.5937
40.875	-68.5937
40.95	-68.7187
41.025	-68.6875
41.1	-68.6563
41.175	-68.625
41.25	-68.6875
41.325	-68.5625
41.4	-68.6563
41.475	-68.6563
41.55	-68.5937
41.625	-68.625
41.7	-68.6875
41.775	-68.5625
41.85	-68.7187
41.925	-68.7187
42	-68.625
42.075	-68.5937
42.15	-68.6563
42.225	-68.625
42.3	-68.5
42.375	-68.625
42.45	-68.625
42.525	-68.6563
42.6	-68.6563
42.675	-68.625
42.75	-68.5625
42.825	-68.6875
42.9	-68.6563
42.975	-68.6875
43.05	-68.6563
43.125	-68.5625
43.2	-68.625
43.275	-68.625
43.35	-68.5313
43.425	-68.6563
43.5	-68.5937
43.575	-68.5
43.65	-68.5625
43.725	-68.5625
43.8	-68.6563
43.875	-68.625
43.95	-68.5313
44.025	-68.625
44.1	-68.625
44.175	-68.5
44.25	-68.5313
44.325	-68.4687
44.4	-68.5625
44.475	-68.625
44.55	-68.5313
44.625	-68.5937
44.7	-68.5
44.775	-68.625
44.85	-68.5937
44.925	-68.5
45	-68.6875
45.075	-68.5313
45.15	-68.5
45.225	-68.5313
45.3	-68.5937
45.375	-68.625
45.45	-68.4375
45.525	-68.5625
45.6	-68.5
45.675	-68.5625
45.75	-68.4062
45.825	-68.5
45.9	-68.5625
45.975	-68.5937
46.05	-68.5
46.125	-68.375
46.2	-68.625
46.275	-68.5
46.35	-68.4375
46.425	-68.5
46.5	-68.5313
46.575	-68.5
46.65	-68.5
46.725	-68.5
46.8	-68.6563
46.875	-68.5
46.95	-68.4062
47.025	-68.5
47.1	-68.5937
47.175	-68.5
47.25	-68.4062
47.325	-68.4687
47.4	-68.5
47.475	-68.5
47.55	-68.5
47.625	-68.5937
47.7	-68.5313
47.775	-68.4687
47.85	-68.4687
47.925	-68.5937
48	-68.625
48.075	-68.5313
48.15	-68.3438
48.225	-68.5
48.3	-68.6563
48.375	-68.5313
48.45	-68.4687
48.525	-68.5625
48.6	-68.5625
48.675	-68.5625
48.75	-68.375
48.825	-68.5
48.9	-68.5313
48.975	-68.4375
49.05	-68.4375
49.125	-68.5937
49.2	-68.5
49.275	-68.4375
49.35	-68.5
49.425	-68.5
49.5	-68.5
49.575	-68.5
49.65	-68.5
49.725	-68.4062
49.8	-68.5
49.875	-68.4062
49.95	-68.3125
50.025	-68.5313
50.1	-68.4062
50.175	-68.375
50.25	-68.5
50.325	-68.5
50.4	-68.4375
50.475	-68.4062
50.55	-68.5313
50.625	-68.4062
50.7	-68.375
50.775	-68.4687
50.85	-68.4375
50.925	-68.3125
51	-68.4062
51.075	-68.375
51.15	-68.3125
51.225	-68.4375
51.3	-68.375
51.375	-68.3438
51.45	-68.4375
51.525	-68.4062
51.6	-68.3438
51.675	-68.4375
51.75	-68.3438
51.825	-68.3438
51.9	-68.375
51.975	-68.375
52.05	-68.4687
52.125	-68.375
52.2	-68.25
52.275	-68.4375
52.35	-68.3438
52.425	-68.4062
52.5	-68.3125
52.575	-68.3125
52.65	-68.375
52.725	-68.3125
52.8	-68.2812
52.875	-68.375
52.95	-68.3438
53.025	-68.3438
53.1	-68.25
53.175	-68.375
53.25	-68.4375
53.325	-68.25
53.4	-68.3438
53.475	-68.3438
53.55	-68.4062
53.625	-68.3125
53.7	-68.25
53.775	-68.4687
53.85	-68.2812
53.925	-68.3438
54	-68.3438
54.075	-68.4062
54.15	-68.4375
54.225	-68.2188
54.3	-68.375
54.375	-68.4375
54.45	-68.4062
54.525	-68.3438
54.6	-68.3438
54.675	-68.4062
54.75	-68.4062
54.825	-68.25
54.9	-68.3438
54.975	-68.3438
55.05	-68.4062
55.125	-68.375
55.2	-68.4375
55.275	-68.4687
55.35	-68.3125
55.425	-68.25
55.5	-68.375
55.575	-68.4687
55.65	-68.375
55.725	-68.2188
55.8	-68.375
55.875	-68.5
55.95	-68.3438
56.025	-68.2812
56.1	-68.4062
56.175	-68.5
56.25	-68.375
56.325	-68.2812
56.4	-68.3438
56.475	-68.4687
56.55	-68.3125
56.625	-68.2188
56.7	-68.4062
56.775	-68.4375
56.85	-68.3125
56.925	-68.25
57	-68.4062
57.075	-68.4375
57.15	-68.3438
57.225	-68.25
57.3	-68.4375
57.375	-68.3438
57.45	-68.25
57.525	-68.375
57.6	-68.4375
57.675	-68.4062
57.75	-68.375
57.825	-68.375
57.9	-68.25
57.975	-68.3125
58.05	-68.4062
58.125	-68.3438
58.2	-68.3438
58.275	-68.4062
58.35	-68.3438
58.425	-68.2188
58.5	-68.4062
58.575	-68.4375
58.65	-68.3125
58.725	-68.3125
58.8	-68.4062
58.875	-68.2812
58.95	-68.25
59.025	-68.4062
59.1	-68.4062
59.175	-68.2812
59.25	-68.3438
59.325	-68.3125
59.4	-68.25
59.475	-68.3438
59.55	-68.4062
59.625	-68.25
59.7	-68.3438
59.775	-68.375
59.85	-68.3125
59.925	-68.4062
60	-68.3125
60.075	-68.2188
60.15	-68.4062
60.225	-68.3125
60.3	-68.2812
60.375	-68.3438
60.45	-68.3438
60.525	-68.3438
60.6	-68.3438
60.675	-68.25
60.75	-68.4062
60.825	-68.25
60.9	-68.25
60.975	-68.3438
61.05	-68.3125
61.125	-68.4062
61.2	-68.2812
61.275	-68.25
61.35	-68.4687
61.425	-68.3125
61.5	-68.3125
61.575	-68.3438
61.65	-68.4062
61.725	-68.4375
61.8	-68.2188
61.875	-68.4375
61.95	-68.4062
62.025	-68.4375
62.1	-68.2812
62.175	-68.25
62.25	-68.4687
62.325	-68.2188
62.4	-68.3125
62.475	-68.25
62.55	-68.4375
62.625	-68.3125
62.7	-68.2812
62.775	-68.3438
62.85	-68.375
62.925	-68.4062
63	-68.3125
63.075	-68.3438
63.15	-68.4062
63.225	-68.4062
63.3	-68.25
63.375	-68.25
63.45	-68.3438
63.525	-68.3125
63.6	-68.3125
63.675	-68.3438
63.75	-68.4062
63.825	-68.3125
63.9	-68.2812
63.975	-68.4062
64.05	-68.4375
64.125	-68.375
64.2	-68.2188
64.275	-68.25
64.35	-68.4062
64.425	-68.3438
64.5	-68.25
64.575	-68.3438
64.65	-68.375
64.725	-68.3438
64.8	-68.2188
64.875	-68.25
64.95	-68.4062
65.025	-68.3438
65.1	-68.2188
65.175	-68.3438
65.25	-68.4687
65.325	-68.3438
65.4	-68.25
65.475	-68.2812
65.55	-68.4687
65.625	-68.3125
65.7	-68.3125
65.775	-68.3438
65.85	-68.4062
65.925	-68.3438
66	-68.25
66.075	-68.375
66.15	-68.4062
66.225	-68.25
66.3	-68.3438
66.375	-68.375
66.45	-68.3125
66.525	-68.25
66.6	-68.4062
66.675	-68.3125
66.75	-68.375
66.825	-68.375
66.9	-68.2812
66.975	-68.3125
67.05	-68.3125
67.125	-68.3125
67.2	-68.3125
67.275	-68.3125
67.35	-68.25
67.425	-68.3438
67.5	-68.3125
67.575	-68.2812
67.65	-68.4062
67.725	-68.375
67.8	-68.3125
67.875	-68.375
67.95	-68.4062
68.025	-68.25
68.1	-68.4062
68.175	-68.25
68.25	-68.3125
68.325	-68.375
68.4	-68.25
68.475	-68.375
68.55	-68.3125
68.625	-68.3125
68.7	-68.375
68.775	-68.25
68.85	-68.2812
68.925	-68.4062
69	-68.25
69.075	-68.3438
69.15	-68.3438
69.225	-68.375
69.3	-68.4062
69.375	-68.25
69.45	-68.375
69.525	-68.4375
69.6	-68.3125
69.675	-68.3438
69.75	-68.3125
69.825	-68.3438
69.9	-68.3125
69.975	-68.2188
70.05	-68.375
70.125	-68.4375
70.2	-68.375
70.275	-68.2812
70.35	-68.2812
70.425	-68.5313
70.5	-68.3125
70.575	-68.2812
70.65	-68.3438
70.725	-68.375
70.8	-68.2812
70.875	-68.1562
70.95	-68.4375
71.025	-68.4375
71.1	-68.3125
71.175	-68.25
71.25	-68.3125
71.325	-68.4375
71.4	-68.3125
71.475	-68.2188
71.55	-68.3438
71.625	-68.5
71.7	-68.375
71.775	-68.25
71.85	-68.3438
71.925	-68.4062
72	-68.4062
72.075	-68.25
72.15	-68.375
72.225	-68.3125
72.3	-68.2188
72.375	-68.3125
72.45	-68.375
72.525	-68.375
72.6	-68.1875
72.675	-68.2188
72.75	-68.4062
72.825	-68.4062
72.9	-68.25
72.975	-68.25
73.05	-68.4375
73.125	-68.4062
73.2	-68.125
73.275	-68.3125
73.35	-68.4687
73.425	-68.375
73.5	-68.2188
73.575	-68.2812
73.65	-68.3438
73.725	-68.25
73.8	-68.25
73.875	-68.3438
73.95	-68.4062
74.025	-68.2188
74.1	-68.1875
74.175	-68.3125
74.25	-68.25
74.325	-68.125
74.4	-68.1875
74.475	-68.25
74.55	-68.1875
74.625	-68.1875
74.7	-68.2188
74.775	-68.125
74.85	-68.1875
74.925	-68.1875
75	-68.125
75.075	-68.125
75.15	-68.2812
75.225	-68.1562
75.3	-68.125
75.375	-68.2812
75.45	-68.1875
75.525	-68.2188
75.6	-68.25
75.675	-68.1562
75.75	-68.0937
75.825	-68.2188
75.9	-68.1875
75.975	-68.0937
76.05	-68.2188
76.125	-68.2188
76.2	-68.1875
76.275	-68.1875
76.35	-68.25
76.425	-68.125
76.5	-68.25
76.575	-68.1875
76.65	-68.0625
76.725	-68.1875
76.8	-68.1875
76.875	-68.25
76.95	-68.2188
77.025	-68.1562
77.1	-68.2812
77.175	-68.1562
77.25	-68.125
77.325	-68.25
77.4	-68.125
77.475	-68.1875
77.55	-68.2188
77.625	-68.125
77.7	-68.3125
77.775	-68.1875
77.85	-68.0937
77.925	-68.25
78	-68.125
78.075	-68.25
78.15	-68.0937
78.225	-68.2188
78.3	-68.3438
78.375	-68.125
78.45	-68.2188
78.525	-68.25
78.6	-68.2812
78.675	-68.25
78.75	-68.1562
78.825	-68.25
78.9	-68.2188
78.975	-68.25
79.05	-68.1562
79.125	-68.3125
79.2	-68.3438
79.275	-68.1562
79.35	-68.2188
79.425	-68.1875
79.5	-68.3125
79.575	-68.2188
79.65	-68.0625
79.725	-68.25
79.8	-68.3125
79.875	-68.1562
79.95	-68.1562
80.025	-68.2188
80.1	-68.3438
80.175	-68.25
80.25	-68.25
80.325	-68.2188
80.4	-68.2188
80.475	-68.1875
80.55	-68.2812
80.625	-68.3438
80.7	-68.25
80.775	-68.125
80.85	-68.1875
80.925	-68.375
81	-68.3125
81.075	-68.1875
81.15	-68.25
81.225	-68.4062
81.3	-68.25
81.375	-68.125
81.45	-68.2812
81.525	-68.375
81.6	-68.2188
81.675	-68.1562
81.75	-68.25
81.825	-68.25
81.9	-68.1875
81.975	-68.25
82.05	-68.3438
82.125	-68.2812
82.2	-68.2188
82.275	-68.25
82.35	-68.25
82.425	-68.2188
82.5	-68.25
82.575	-68.2812
82.65	-68.25
82.725	-68.25
82.8	-68.2812
82.875	-68.25
82.95	-68.125
83.025	-68.25
83.1	-68.25
83.175	-68.2188
83.25	-68.2188
83.325	-68.3438
83.4	-68.2812
83.475	-68.125
83.55	-68.3125
83.625	-68.3125
83.7	-68.1562
83.775	-68.2812
83.85	-68.25
83.925	-68.1875
84	-68.2812
84.075	-68.2812
84.15	-68.2812
84.225	-68.3125
84.3	-68.3438
84.375	-68.2812
84.45	-68.3125
84.525	-68.3438
84.6	-68.25
84.675	-68.2188
84.75	-68.3125
84.825	-68.2812
84.9	-68.3125
84.975	-68.4062
85.05	-68.2812
85.125	-68.2812
85.2	-68.3438
85.275	-68.2812
85.35	-68.3125
85.425	-68.25
85.5	-68.2188
85.575	-68.3438
85.65	-68.3125
85.725	-68.2188
85.8	-68.3125
85.875	-68.25
85.95	-68.2812
86.025	-68.25
86.1	-68.2188
86.175	-68.3125
86.25	-68.1875
86.325	-68.2812
86.4	-68.25
86.475	-68.3438
86.55	-68.25
86.625	-68.1562
86.7	-68.3438
86.775	-68.2812
86.85	-68.25
86.925	-68.2188
87	-68.3125
87.075	-68.4062
87.15	-68.2188
87.225	-68.25
87.3	-68.2812
87.375	-68.4062
87.45	-68.25
87.525	-68.125
87.6	-68.4062
87.675	-68.2812
87.75	-68.25
87.825	-68.25
87.9	-68.2812
87.975	-68.3438
88.05	-68.25
88.125	-68.1875
88.2	-68.3125
88.275	-68.4062
88.35	-68.25
88.425	-68.1562
88.5	-68.25
88.575	-68.375
88.65	-68.25
88.725	-68.2188
88.8	-68.2812
88.875	-68.25
88.95	-68.125
89.025	-68.25
89.1	-68.3125
89.175	-68.2188
89.25	-68.125
89.325	-68.25
89.4	-68.3125
89.475	-68.25
89.55	-68.25
89.625	-68.25
89.7	-68.2188
89.775	-68.125
89.85	-68.25
89.925	-68.2188
90	-68.25
90.075	-68.25
90.15	-68.1562
90.225	-68.25
90.3	-68.25
90.375	-68.1875
90.45	-68.1875
90.525	-68.125
90.6	-68.2188
90.675	-68.2812
90.75	-68.25
90.825	-68.1562
90.9	-68.2812
90.975	-68.25
91.05	-68.125
91.125	-68.1562
91.2	-68.3125
91.275	-68.2188
91.35	-68.1875
91.425	-68.25
91.5	-68.25
91.575	-68.1875
91.65	-68.125
91.725	-68.2812
91.8	-68.2188
91.875	-68.1875
91.95	-68.25
92.025	-68.25
92.1	-68.125
92.175	-68.2188
92.25	-68.2188
92.325	-68.125
92.4	-68.2812
92.475	-68.25
92.55	-68.1875
92.625	-68.2812
92.7	-68.2812
92.775	-68.1875
92.85	-68.2812
92.925	-68.25
93	-68.2188
93.075	-68.25
93.15	-68.1875
93.225	-68.125
93.3	-68.25
93.375	-68.25
93.45	-68.25
93.525	-68.2812
93.6	-68.1562
93.675	-68.25
93.75	-68.25
93.825	-68.125
93.9	-68.2188
93.975	-68.2188
94.05	-68.25
94.125	-68.2188
94.2	-68.1562
94.275	-68.25
94.35	-68.2188
94.425	-68.1875
94.5	-68.25
94.575	-68.1875
94.65	-68.2188
94.725	-68.2188
94.8	-68.1562
94.875	-68.3125
94.95	-68.2812
95.025	-68.2188
95.1	-68.1875
95.175	-68.2188
95.25	-68.4062
95.325	-68.1875
95.4	-68.1562
95.475	-68.25
95.55	-68.2188
95.625	-68.1875
95.7	-68.125
95.775	-68.25
95.85	-68.2188
95.925	-68.2188
96	-68.1562
96.075	-68.2188
96.15	-68.2812
96.225	-68.125
96.3	-68.0937
96.375	-68.3438
96.45	-68.2188
96.525	-68.0937
96.6	-68.125
96.675	-68.2812
96.75	-68.3438
96.825	-68.0937
96.9	-68.125
96.975	-68.2188
97.05	-68.1562
97.125	-68.1562
97.2	-68.125
97.275	-68.2188
97.35	-68.1875
97.425	-68
97.5	-68.1562
97.575	-68.375
97.65	-68.2188
97.725	-68.0625
97.8	-68.2188
97.875	-68.375
97.95	-68.25
98.025	-68.1562
98.1	-68.2188
98.175	-68.3438
98.25	-68.1875
98.325	-68.125
98.4	-68.25
98.475	-68.25
98.55	-68.1562
98.625	-68.1562
98.7	-68.1875
98.775	-68.25
98.85	-68.2188
98.925	-68.25
99	-68.25
99.075	-68.2188
99.15	-68.25
99.225	-68.1875
99.3	-68.125
99.375	-68.25
99.45	-68.2812
99.525	-68.1875
99.6	-68.25
99.675	-68.375
99.75	-68.1875
99.825	-68.2188
99.9	-68.3438
99.975	-68.2188
100.05	-68.1562
100.125	-68.25
100.2	-68.3125
100.275	-68.2188
100.35	-68.25
100.425	-68.3438
100.5	-68.25
100.575	-68.25
100.65	-68.3125
100.725	-68.1562
100.8	-68.2188
100.875	-68.25
100.95	-68.2188
101.025	-68.2188
101.1	-68.3438
101.175	-68.2812
101.25	-68.25
101.325	-68.3438
101.4	-68.25
101.475	-68.1875
101.55	-68.3125
101.625	-68.25
101.7	-68.2188
101.775	-68.2812
101.85	-68.1875
101.925	-68.25
102	-68.25
102.075	-68.1875
102.15	-68.3125
102.225	-68.1875
102.3	-68.1562
102.375	-68.25
102.45	-68.1875
102.525	-68.2812
102.6	-68.1562
102.675	-68.2188
102.75	-68.25
102.825	-68.2188
102.9	-68.2812
102.975	-68.1562
103.05	-68.3125
103.125	-68.4062
103.2	-68.1875
103.275	-68.3125
103.35	-68.3438
103.425	-68.3438
103.5	-68.25
103.575	-68.1875
103.65	-68.3438
103.725	-68.2812
103.8	-68.1562
103.875	-68.2812
103.95	-68.25
104.025	-68.375
104.1	-68.125
104.175	-68.25
104.25	-68.3438
104.325	-68.2188
104.4	-68.1875
104.475	-68.1562
104.55	-68.375
104.625	-68.375
104.7	-68.1562
104.775	-68.25
104.85	-68.375
104.925	-68.2812
105	-68.125
105.075	-68.2188
105.15	-68.2812
105.225	-68.3438
105.3	-68.1875
105.375	-68.2812
105.45	-68.3125
105.525	-68.2812
105.6	-68.3438
105.675	-68.2812
105.75	-68.3438
105.825	-68.25
105.9	-68.25
105.975	-68.3438
106.05	-68.3125
106.125	-68.125
106.2	-68.125
106.275	-68.3125
106.35	-68.2812
106.425	-68.1875
106.5	-68.25
106.575	-68.375
106.65	-68.3438
106.725	-68.2812
106.8	-68.3438
106.875	-68.4062
106.95	-68.2812
107.025	-68.25
107.1	-68.3125
107.175	-68.2812
107.25	-68.25
107.325	-68.3438
107.4	-68.3438
107.475	-68.2812
107.55	-68.2812
107.625	-68.3438
107.7	-68.3125
107.775	-68.2188
107.85	-68.3125
107.925	-68.375
108	-68.2812
108.075	-68.25
108.15	-68.3125
108.225	-68.25
108.3	-68.25
108.375	-68.375
108.45	-68.3125
108.525	-68.2188
108.6	-68.375
108.675	-68.3438
108.75	-68.2812
108.825	-68.375
108.9	-68.2812
108.975	-68.25
109.05	-68.375
109.125	-68.2812
109.2	-68.2188
109.275	-68.3438
109.35	-68.2812
109.425	-68.25
109.5	-68.3125
109.575	-68.3438
109.65	-68.25
109.725	-68.375
109.8	-68.3125
109.875	-68.2188
109.95	-68.3125
110.025	-68.2812
110.1	-68.25
110.175	-68.3438
110.25	-68.2812
110.325	-68.2812
110.4	-68.4062
110.475	-68.2188
110.55	-68.3125
110.625	-68.4062
110.7	-68.3438
110.775	-68.3438
110.85	-68.2812
110.925	-68.25
111	-68.3438
111.075	-68.2188
111.15	-68.2188
111.225	-68.3125
111.3	-68.1562
111.375	-68.2188
111.45	-68.1875
111.525	-68.2188
111.6	-68.1875
111.675	-68.125
111.75	-68.125
111.825	-68.2188
111.9	-68.2188
111.975	-68.125
112.05	-68.0625
112.125	-68.3125
112.2	-68.0937
112.275	-68.125
112.35	-68.0937
112.425	-68.2812
112.5	-68.1562
112.575	-68
112.65	-68.1562
112.725	-68.1875
112.8	-68.25
112.875	-68.0625
112.95	-68.1562
113.025	-68.2812
113.1	-68.1562
113.175	-68
113.25	-68.1875
113.325	-68.3125
113.4	-68.2188
113.475	-68.0625
113.55	-68.125
113.625	-68.25
113.7	-68.25
113.775	-68.1875
113.85	-68.1562
113.925	-68.2188
114	-68.25
114.075	-68.125
114.15	-68.1562
114.225	-68.1875
114.3	-68.1875
114.375	-68.1875
114.45	-68.2188
114.525	-68.1562
114.6	-68.125
114.675	-68.1875
114.75	-68.2188
114.825	-68.25
114.9	-68.1875
114.975	-68.2188
115.05	-68.25
115.125	-68.2188
115.2	-68.1875
115.275	-68.2188
115.35	-68.1562
115.425	-68.2188
115.5	-68.2188
115.575	-68.125
115.65	-68.125
115.725	-68.1562
115.8	-68.2188
115.875	-68.125
115.95	-68.1875
116.025	-68.2188
116.1	-68.2188
116.175	-68.1875
116.25	-68.2188
116.325	-68.25
116.4	-68.1875
116.475	-68.125
116.55	-68.2188
116.625	-68.25
116.7	-68.125
116.775	-68.25
116.85	-68.25
116.925	-68.125
117	-68.1875
117.075	-68.2812
117.15	-68.125
117.225	-68.3125
117.3	-68.2188
117.375	-68.1875
117.45	-68.25
117.525	-68.25
117.6	-68.1875
117.675	-68.25
117.75	-68.1562
117.825	-68.2188
117.9	-68.25
117.975	-68.2188
118.05	-68.2188
118.125	-68.3125
118.2	-68.1875
118.275	-68.25
118.35	-68.2188
118.425	-68.0937
118.5	-68.2812
118.575	-68.25
118.65	-68.1875
118.725	-68.2188
118.8	-68.3125
118.875	-68.1875
118.95	-68.25
119.025	-68.2188
119.1	-68.2188
119.175	-68.25
119.25	-68.0937
119.325	-68.25
119.4	-68.25
119.475	-68.2188
119.55	-68.1875
119.625	-68.125
119.7	-68.25
119.775	-68.25
119.85	-68.0625
119.925	-68.25
120	-68.1875
120.075	-68.2188
120.15	-68
120.225	-68.1875
120.3	-68.1562
120.375	-68.0625
120.45	-68.0313
120.525	-68
120.6	-68.1875
120.675	-68
120.75	-68
120.825	-67.9687
120.9	-68.125
120.975	-68
121.05	-67.875
121.125	-68
121.2	-68
121.275	-67.9687
121.35	-67.875
121.425	-67.9375
121.5	-67.9375
121.575	-67.9687
121.65	-67.875
121.725	-67.9375
121.8	-67.875
121.875	-67.875
121.95	-67.9063
122.025	-68
122.1	-68
122.175	-67.8438
122.25	-67.8125
122.325	-67.9687
122.4	-68
122.475	-67.9063
122.55	-67.8125
122.625	-67.9063
122.7	-68
122.775	-67.9063
122.85	-67.8438
122.925	-67.8125
123	-67.9063
123.075	-67.9063
123.15	-67.8438
123.225	-67.875
123.3	-67.875
123.375	-67.875
123.45	-67.875
123.525	-67.8125
123.6	-67.8125
123.675	-67.9063
123.75	-67.8125
123.825	-67.8125
123.9	-67.875
123.975	-67.8125
124.05	-67.75
124.125	-67.8438
124.2	-67.875
124.275	-67.7812
124.35	-67.75
124.425	-67.9063
124.5	-67.875
124.575	-67.7812
124.65	-67.8125
124.725	-67.875
124.8	-67.8125
124.875	-67.7812
124.95	-67.8438
125.025	-67.8438
125.1	-67.7812
125.175	-67.75
125.25	-67.8438
125.325	-67.8438
125.4	-67.7812
125.475	-67.9063
125.55	-67.8438
125.625	-67.75
125.7	-67.8438
125.775	-67.8438
125.85	-67.7812
125.925	-67.8125
126	-67.875
126.075	-67.7812
126.15	-67.7812
126.225	-67.875
126.3	-67.8438
126.375	-67.7812
126.45	-67.9063
126.525	-67.75
126.6	-67.75
126.675	-67.9063
126.75	-67.8125
126.825	-67.8438
126.9	-67.9063
126.975	-67.7812
127.05	-67.8125
127.125	-67.8438
127.2	-67.7812
127.275	-67.875
127.35	-67.8125
127.425	-67.75
127.5	-67.9063
127.575	-67.8438
127.65	-67.875
127.725	-67.7812
127.8	-67.8125
127.875	-67.9375
127.95	-67.8125
128.025	-67.875
128.1	-67.8438
128.175	-67.875
128.25	-67.9063
128.325	-67.7188
128.4	-67.875
128.475	-67.8125
128.55	-67.8438
128.625	-67.7812
128.7	-67.8438
128.775	-67.9063
128.85	-67.7188
128.925	-67.7812
129	-67.7812
129.075	-67.875
129.15	-67.8438
129.225	-67.7812
129.3	-67.9687
129.375	-67.9063
129.45	-67.75
129.525	-67.8438
129.6	-67.8125
129.675	-67.8438
129.75	-67.8125
129.825	-67.7812
129.9	-67.7812
129.975	-67.7812
130.05	-67.7812
130.125	-67.7812
130.2	-67.9063
130.275	-67.9063
130.35	-67.7188
130.425	-67.75
130.5	-67.875
130.575	-67.9063
130.65	-67.7812
130.725	-67.7188
130.8	-67.8125
130.875	-67.875
130.95	-67.8438
131.025	-67.75
131.1	-67.8438
131.175	-67.8438
131.25	-67.8125
131.325	-67.8125
131.4	-67.7812
131.475	-67.9063
131.55	-67.8125
131.625	-67.8125
131.7	-67.875
131.775	-67.9063
131.85	-67.8125
131.925	-67.7812
132	-67.9063
132.075	-67.9687
132.15	-67.8125
132.225	-67.75
132.3	-67.875
132.375	-67.9063
132.45	-67.8438
132.525	-67.8125
132.6	-67.9063
132.675	-67.8125
132.75	-67.8125
132.825	-67.9375
132.9	-67.9063
132.975	-67.75
133.05	-67.9063
133.125	-67.9375
133.2	-67.8438
133.275	-67.9063
133.35	-67.875
133.425	-67.8438
133.5	-67.8438
133.575	-67.9375
133.65	-67.8438
133.725	-67.8438
133.8	-67.9375
133.875	-67.9687
133.95	-67.875
134.025	-67.8125
134.1	-67.9375
134.175	-67.8438
134.25	-67.8438
134.325	-67.9063
134.4	-67.7812
134.475	-67.8125
134.55	-67.8125
134.625	-67.7812
134.7	-67.7812
134.775	-67.9063
134.85	-67.8125
134.925	-67.7812
135	-67.9063
135.075	-67.75
135.15	-67.875
135.225	-67.9063
135.3	-67.7188
135.375	-67.7812
135.45	-67.8438
135.525	-67.75
135.6	-67.8125
135.675	-67.8125
135.75	-67.75
135.825	-67.7812
135.9	-67.5625
135.975	-67.7812
136.05	-67.7812
136.125	-67.7188
136.2	-67.7812
136.275	-67.7812
136.35	-67.8438
136.425	-67.7812
136.5	-67.625
136.575	-67.8438
136.65	-67.7812
136.725	-67.7188
136.8	-67.6875
136.875	-67.6562
136.95	-67.8438
137.025	-67.625
137.1	-67.5938
137.175	-67.75
137.25	-67.7812
137.325	-67.7812
137.4	-67.625
137.475	-67.875
137.55	-67.75
137.625	-67.6875
137.7	-67.625
137.775	-67.7188
137.85	-67.8438
137.925	-67.625
138	-67.6562
138.075	-67.8438
138.15	-67.75
138.225	-67.6562
138.3	-67.625
138.375	-67.8438
138.45	-67.7812
138.525	-67.5938
138.6	-67.5625
138.675	-67.75
138.75	-67.8125
138.825	-67.7188
138.9	-67.6875
138.975	-67.7188
139.05	-67.6875
139.125	-67.7188
139.2	-67.7188
139.275	-67.75
139.35	-67.6875
139.425	-67.6562
139.5	-67.75
139.575	-67.8125
139.65	-67.6875
139.725	-67.6875
139.8	-67.75
139.875	-67.6875
139.95	-67.7188
140.025	-67.6875
140.1	-67.75
140.175	-67.7188
140.25	-67.7812
140.325	-67.7812
140.4	-67.6875
140.475	-67.7812
140.55	-67.8438
140.625	-67.7812
140.7	-67.75
140.775	-67.75
140.85	-67.8125
140.925	-67.7812
141	-67.6875
141.075	-67.8125
141.15	-67.7812
141.225	-67.7188
141.3	-67.7812
141.375	-67.8438
141.45	-67.7812
141.525	-67.6875
141.6	-67.7812
141.675	-67.8438
141.75	-67.7812
141.825	-67.7188
141.9	-67.8438
141.975	-67.7812
142.05	-67.7188
142.125	-67.7188
142.2	-67.7812
142.275	-67.7188
142.35	-67.6562
142.425	-67.8125
142.5	-67.8125
142.575	-67.6875
142.65	-67.8438
142.725	-67.8438
142.8	-67.7188
142.875	-67.8438
142.95	-67.7812
143.025	-67.7812
143.1	-67.8438
143.175	-67.7812
143.25	-67.75
143.325	-67.8438
143.4	-67.8438
143.475	-67.7188
143.55	-67.875
143.625	-67.8125
143.7	-67.7812
143.775	-67.7812
143.85	-67.7188
143.925	-67.875
144	-67.8125
144.075	-67.7188
144.15	-67.875
144.225	-67.8125
144.3	-67.7812
144.375	-67.7812
144.45	-67.7812
144.525	-67.8438
144.6	-67.7812
144.675	-67.75
144.75	-67.875
144.825	-67.7812
144.9	-67.8125
144.975	-67.6875
145.05	-67.9063
145.125	-67.8125
145.2	-67.7812
145.275	-67.8125
145.35	-67.8125
145.425	-67.9687
145.5	-67.7188
145.575	-67.75
145.65	-67.8125
145.725	-67.9063
145.8	-67.7812
145.875	-67.6875
145.95	-67.875
146.025	-67.8125
146.1	-67.8125
146.175	-67.7812
146.25	-67.8125
146.325	-67.9375
146.4	-67.7812
146.475	-67.7188
146.55	-67.9063
146.625	-67.9063
146.7	-67.7812
146.775	-67.7812
146.85	-67.8125
146.925	-67.8438
147	-67.7812
147.075	-67.875
147.15	-67.9375
147.225	-67.875
147.3	-67.75
147.375	-67.8125
147.45	-68
147.525	-67.9063
147.6	-67.7812
147.675	-67.7812
147.75	-67.9375
147.825	-67.875
147.9	-67.6562
147.975	-67.6875
148.05	-67.7812
148.125	-67.7188
148.2	-67.625
148.275	-67.6875
148.35	-67.7812
148.425	-67.7812
148.5	-67.5625
148.575	-67.6875
148.65	-67.7188
148.725	-67.5938
148.8	-67.4687
148.875	-67.5625
148.95	-67.625
149.025	-67.5938
149.1	-67.4375
149.175	-67.6562
149.25	-67.5938
149.325	-67.5313
149.4	-67.4687
149.475	-67.625
149.55	-67.5625
149.625	-67.4375
149.7	-67.5
149.775	-67.5313
149.85	-67.5
149.925	-67.5
150	-67.5625
150.075	-67.5313
150.15	-67.5625
150.225	-67.5625
150.3	-67.4687
150.375	-67.5313
150.45	-67.5313
150.525	-67.5
150.6	-67.5625
150.675	-67.6562
150.75	-67.5625
150.825	-67.5313
150.9	-67.5625
150.975	-67.5625
151.05	-67.4687
151.125	-67.5625
151.2	-67.5313
151.275	-67.5313
151.35	-67.5625
151.425	-67.5313
151.5	-67.4375
151.575	-67.5313
151.65	-67.4063
151.725	-67.5
151.8	-67.5
151.875	-67.4375
151.95	-67.5
152.025	-67.5938
152.1	-67.4687
152.175	-67.5
152.25	-67.4687
152.325	-67.5313
152.4	-67.5625
152.475	-67.4063
152.55	-67.5313
152.625	-67.4687
152.7	-67.4687
152.775	-67.5
152.85	-67.4375
152.925	-67.5625
153	-67.625
153.075	-67.4375
153.15	-67.5625
153.225	-67.4687
153.3	-67.5625
153.375	-67.4375
153.45	-67.4063
153.525	-67.5625
153.6	-67.5
153.675	-67.5625
153.75	-67.4375
153.825	-67.6875
153.9	-67.5313
153.975	-67.5625
154.05	-67.5
154.125	-67.5313
154.2	-67.6562
154.275	-67.4375
154.35	-67.5938
154.425	-67.5313
154.5	-67.5938
154.575	-67.4687
154.65	-67.5
154.725	-67.5313
154.8	-67.5938
154.875	-67.5
154.95	-67.5625
155.025	-67.5625
155.1	-67.5
155.175	-67.5313
155.25	-67.5625
155.325	-67.625
155.4	-67.5
155.475	-67.4375
155.55	-67.4687
155.625	-67.6875
155.7	-67.5938
155.775	-67.4687
155.85	-67.5
155.925	-67.6562
156	-67.6562
156.075	-67.5
156.15	-67.4687
156.225	-67.5625
156.3	-67.5313
156.375	-67.4687
156.45	-67.5938
156.525	-67.6562
156.6	-67.625
156.675	-67.5
156.75	-67.5313
156.825	-67.625
156.9	-67.5938
156.975	-67.5
157.05	-67.5313
157.125	-67.6562
157.2	-67.625
157.275	-67.4687
157.35	-67.5313
157.425	-67.6562
157.5	-67.625
157.575	-67.5625
157.65	-67.5625
157.725	-67.6562
157.8	-67.5625
157.875	-67.5313
157.95	-67.6562
158.025	-67.6875
158.1	-67.5
158.175	-67.5938
158.25	-67.5938
158.325	-67.5938
158.4	-67.5
158.475	-67.6875
158.55	-67.625
158.625	-67.5313
158.7	-67.7188
158.775	-67.6875
158.85	-67.5625
158.925	-67.625
159	-67.5938
159.075	-67.5938
159.15	-67.6875
159.225	-67.625
159.3	-67.5938
159.375	-67.75
159.45	-67.6875
159.525	-67.5625
159.6	-67.7188
159.675	-67.625
159.75	-67.6562
159.825	-67.6562
159.9	-67.5625
159.975	-67.6562
160.05	-67.7188
160.125	-67.625
160.2	-67.6875
160.275	-67.7188
160.35	-67.5313
160.425	-67.6875
160.5	-67.7812
160.575	-67.5625
160.65	-67.6562
160.725	-67.625
160.8	-67.625
160.875	-67.6875
160.95	-67.625
161.025	-67.75
161.1	-67.6875
161.175	-67.7188
161.25	-67.6562
161.325	-67.5313
161.4	-67.7188
161.475	-67.5938
161.55	-67.5625
161.625	-67.7188
161.7	-67.6562
161.775	-67.75
161.85	-67.625
161.925	-67.5938
162	-67.7812
162.075	-67.625
162.15	-67.625
162.225	-67.5938
162.3	-67.7188
162.375	-67.625
162.45	-67.5
162.525	-67.7188
162.6	-67.6875
162.675	-67.75
162.75	-67.5625
162.825	-67.7188
162.9	-67.8438
162.975	-67.6562
163.05	-67.5938
163.125	-67.6875
163.2	-67.7812
163.275	-67.625
163.35	-67.5625
163.425	-67.6562
163.5	-67.8125
163.575	-67.7188
163.65	-67.5
163.725	-67.625
163.8	-67.7812
163.875	-67.7812
163.95	-67.6562
164.025	-67.6875
164.1	-67.7188
164.175	-67.6875
164.25	-67.6562
164.325	-67.7812
164.4	-67.7188
164.475	-67.625
164.55	-67.5938
164.625	-67.7812
164.7	-67.7188
164.775	-67.625
164.85	-67.625
164.925	-67.7812
165	-67.7812
165.075	-67.625
165.15	-67.6562
165.225	-67.8125
165.3	-67.75
165.375	-67.625
165.45	-67.7812
165.525	-67.8125
165.6	-67.6562
165.675	-67.625
165.75	-67.6875
165.825	-67.7188
165.9	-67.625
165.975	-67.7812
166.05	-67.6562
166.125	-67.5938
166.2	-67.7812
166.275	-67.7812
166.35	-67.6562
166.425	-67.625
166.5	-67.7188
166.575	-67.6875
166.65	-67.6562
166.725	-67.6562
166.8	-67.7188
166.875	-67.7188
166.95	-67.625
167.025	-67.7812
167.1	-67.7812
167.175	-67.75
167.25	-67.75
167.325	-67.75
167.4	-67.625
167.475	-67.75
167.55	-67.7812
167.625	-67.625
167.7	-67.75
167.775	-67.7812
167.85	-67.75
167.925	-67.8125
168	-67.6875
168.075	-67.7188
168.15	-67.7812
168.225	-67.6562
168.3	-67.7812
168.375	-67.8125
168.45	-67.6875
168.525	-67.8125
168.6	-67.75
168.675	-67.75
168.75	-67.8125
168.825	-67.6875
168.9	-67.7812
168.975	-67.7812
169.05	-67.6875
169.125	-67.8438
169.2	-67.75
169.275	-67.7812
169.35	-67.7812
169.425	-67.625
169.5	-67.8125
169.575	-67.8438
169.65	-67.75
169.725	-67.7812
169.8	-67.7188
169.875	-67.9063
169.95	-67.7812
170.025	-67.625
170.1	-67.8125
170.175	-67.7812
170.25	-67.7812
170.325	-67.7812
170.4	-67.7188
170.475	-67.875
170.55	-67.8125
170.625	-67.7188
170.7	-67.7812
170.775	-67.7812
170.85	-67.8438
170.925	-67.6562
171	-67.7812
171.075	-67.8125
171.15	-67.6875
171.225	-67.7188
171.3	-67.6875
171.375	-67.6875
171.45	-67.5938
171.525	-67.5938
171.6	-67.5
171.675	-67.5625
171.75	-67.5625
171.825	-67.5313
171.9	-67.5313
171.975	-67.4375
172.05	-67.4063
172.125	-67.4063
172.2	-67.5313
172.275	-67.5938
172.35	-67.375
172.425	-67.2813
172.5	-67.4375
172.575	-67.5313
172.65	-67.4375
172.725	-67.2813
172.8	-67.375
172.875	-67.5
172.95	-67.4063
173.025	-67.25
173.1	-67.4063
173.175	-67.5
173.25	-67.3125
173.325	-67.25
173.4	-67.4375
173.475	-67.4375
173.55	-67.25
173.625	-67.3437
173.7	-67.4375
173.775	-67.375
173.85	-67.2813
173.925	-67.4687
174	-67.4063
174.075	-67.3125
174.15	-67.3125
174.225	-67.4063
174.3	-67.4063
174.375	-67.3125
174.45	-67.4375
174.525	-67.375
174.6	-67.3437
174.675	-67.3125
174.75	-67.3437
174.825	-67.3437
174.9	-67.2813
174.975	-67.3437
175.05	-67.25
175.125	-67.25
175.2	-67.375
175.275	-67.4063
175.35	-67.1875
175.425	-67.375
175.5	-67.4687
175.575	-67.375
175.65	-67.3437
175.725	-67.4375
175.8	-67.2813
175.875	-67.2813
175.95	-67.3437
176.025	-67.3125
176.1	-67.25
176.175	-67.4063
176.25	-67.375
176.325	-67.3437
176.4	-67.4063
176.475	-67.3125
176.55	-67.25
176.625	-67.4063
176.7	-67.2188
176.775	-67.3437
176.85	-67.3125
176.925	-67.2188
177	-67.3437
177.075	-67.375
177.15	-67.3125
177.225	-67.375
177.3	-67.375
177.375	-67.2813
177.45	-67.4063
177.525	-67.25
177.6	-67.3125
177.675	-67.3437
177.75	-67.375
177.825	-67.375
177.9	-67.25
177.975	-67.375
178.05	-67.4063
178.125	-67.4063
178.2	-67.2813
178.275	-67.2813
178.35	-67.4375
178.425	-67.3125
178.5	-67.25
178.575	-67.375
178.65	-67.375
178.725	-67.4063
178.8	-67.2813
178.875	-67.4687
178.95	-67.4063
179.025	-67.4063
179.1	-67.375
179.175	-67.3437
179.25	-67.5313
179.325	-67.3437
179.4	-67.3437
179.475	-67.375
179.55	-67.4375
179.625	-67.4063
179.7	-67.3437
179.775	-67.375
179.85	-67.375
179.925	-67.2813
180	-67.375
180.075	-67.4063
180.15	-67.4375
180.225	-67.3125
180.3	-67.2813
180.375	-67.4687
180.45	-67.4687
180.525	-67.25
180.6	-67.2188
180.675	-67.4063
180.75	-67.5313
180.825	-67.4063
180.9	-67.3125
180.975	-67.4063
181.05	-67.5313
181.125	-67.4375
181.2	-67.375
181.275	-67.375
181.35	-67.4687
181.425	-67.4375
181.5	-67.3437
181.575	-67.375
181.65	-67.5313
181.725	-67.4375
181.8	-67.4063
181.875	-67.375
181.95	-67.5313
182.025	-67.4687
182.1	-67.4063
182.175	-67.4375
182.25	-67.5
182.325	-67.4375
182.4	-67.3437
182.475	-67.4375
182.55	-67.4375
182.625	-67.375
182.7	-67.4687
182.775	-67.5625
182.85	-67.4375
182.925	-67.4687
183	-67.5313
183.075	-67.5
183.15	-67.4063
183.225	-67.5
183.3	-67.5313
183.375	-67.4687
183.45	-67.5313
183.525	-67.5
183.6	-67.4687
183.675	-67.5313
183.75	-67.5625
183.825	-67.4687
183.9	-67.4375
183.975	-67.5938
184.05	-67.5313
184.125	-67.375
184.2	-67.5
184.275	-67.5313
184.35	-67.4375
184.425	-67.5625
184.5	-67.5313
184.575	-67.5
184.65	-67.6562
184.725	-67.5625
184.8	-67.5313
184.875	-67.625
184.95	-67.5313
185.025	-67.5625
185.1	-67.5625
185.175	-67.4687
185.25	-67.5313
185.325	-67.5625
185.4	-67.5313
185.475	-67.5625
185.55	-67.5938
185.625	-67.5625
185.7	-67.625
185.775	-67.5
185.85	-67.5938
185.925	-67.5938
186	-67.5
186.075	-67.5938
186.15	-67.5
186.225	-67.5625
186.3	-67.5313
186.375	-67.4687
186.45	-67.6562
186.525	-67.5625
186.6	-67.6562
186.675	-67.5313
186.75	-67.5625
186.825	-67.75
186.9	-67.5625
186.975	-67.5625
187.05	-67.5938
187.125	-67.6875
187.2	-67.625
187.275	-67.5
187.35	-67.6562
187.425	-67.5938
187.5	-67.6875
187.575	-67.5625
187.65	-67.7188
187.725	-67.625
187.8	-67.5938
187.875	-67.625
187.95	-67.625
188.025	-67.5938
188.1	-67.5625
188.175	-67.625
188.25	-67.625
188.325	-67.625
188.4	-67.6562
188.475	-67.5938
188.55	-67.625
188.625	-67.6562
188.7	-67.5313
188.775	-67.5938
188.85	-67.6875
188.925	-67.625
189	-67.5313
189.075	-67.4063
189.15	-67.5625
189.225	-67.6562
189.3	-67.5313
189.375	-67.4687
189.45	-67.4063
189.525	-67.5625
189.6	-67.5
189.675	-67.4375
189.75	-67.4375
189.825	-67.5313
189.9	-67.375
189.975	-67.4375
190.05	-67.4063
190.125	-67.4687
190.2	-67.375
190.275	-67.3437
190.35	-67.4063
190.425	-67.5313
190.5	-67.4063
190.575	-67.3437
190.65	-67.4687
190.725	-67.4687
190.8	-67.3437
190.875	-67.3437
190.95	-67.4687
191.025	-67.4063
191.1	-67.3437
191.175	-67.25
191.25	-67.4375
191.325	-67.4687
191.4	-67.3125
191.475	-67.3125
191.55	-67.4687
191.625	-67.4063
191.7	-67.25
191.775	-67.5313
191.85	-67.4687
191.925	-67.3125
192	-67.4063
192.075	-67.4063
192.15	-67.2813
192.225	-67.4063
192.3	-67.4063
192.375	-67.3437
192.45	-67.4687
192.525	-67.4687
192.6	-67.3437
192.675	-67.375
192.75	-67.4687
192.825	-67.3437
192.9	-67.375
192.975	-67.4375
193.05	-67.3437
193.125	-67.4063
193.2	-67.4687
193.275	-67.4063
193.35	-67.4063
193.425	-67.4687
193.5	-67.3125
193.575	-67.4375
193.65	-67.4375
193.725	-67.4063
193.8	-67.5313
193.875	-67.375
193.95	-67.375
194.025	-67.4375
194.1	-67.4063
194.175	-67.4375
194.25	-67.4063
194.325	-67.5313
194.4	-67.5313
194.475	-67.4063
194.55	-67.5313
194.625	-67.4687
194.7	-67.5
194.775	-67.4375
194.85	-67.3125
194.925	-67.5313
195	-67.4375
195.075	-67.4687
195.15	-67.4063
195.225	-67.4687
195.3	-67.5625
195.375	-67.3437
195.45	-67.4687
195.525	-67.4375
195.6	-67.5
195.675	-67.3437
195.75	-67.25
195.825	-67.5
195.9	-67.4063
195.975	-67.4375
196.05	-67.3437
196.125	-67.4687
196.2	-67.5
196.275	-67.3125
196.35	-67.4063
196.425	-67.5625
196.5	-67.5313
196.575	-67.3125
196.65	-67.4375
196.725	-67.625
196.8	-67.5313
196.875	-67.4063
196.95	-67.3437
197.025	-67.5313
197.1	-67.5313
197.175	-67.375
197.25	-67.4063
197.325	-67.4687
197.4	-67.4687
197.475	-67.4687
197.55	-67.4375
197.625	-67.5938
197.7	-67.4687
197.775	-67.3125
197.85	-67.4687
197.925	-67.5313
198	-67.4687
198.075	-67.375
198.15	-67.5
198.225	-67.6562
198.3	-67.5313
198.375	-67.375
198.45	-67.4375
198.525	-67.5
198.6	-67.5313
198.675	-67.4063
198.75	-67.4687
198.825	-67.5313
198.9	-67.4063
198.975	-67.4687
199.05	-67.5
199.125	-67.4375
199.2	-67.4375
199.275	-67.5
199.35	-67.4687
199.425	-67.4375
199.5	-67.4687
199.575	-67.4687
199.65	-67.375
199.725	-67.4375
199.8	-67.4687
199.875	-67.375
199.95	-67.4687
200.025	-67.5313
200.1	-67.4375
200.175	-67.375
200.25	-67.5938
200.325	-67.5625
200.4	-67.4687
200.475	-67.5
200.55	-67.5313
200.625	-67.4687
200.7	-67.5
200.775	-67.5938
200.85	-67.4375
200.925	-67.5938
201	-67.5938
201.075	-67.5313
201.15	-67.5313
201.225	-67.5625
201.3	-67.5313
201.375	-67.5
201.45	-67.6562
201.525	-67.5313
201.6	-67.625
201.675	-67.5938
201.75	-67.5
201.825	-67.625
201.9	-67.6562
201.975	-67.5
202.05	-67.5625
202.125	-67.5313
202.2	-67.5
202.275	-67.6562
202.35	-67.4687
202.425	-67.5625
202.5	-67.625
202.575	-67.5938
202.65	-67.5938
202.725	-67.5313
202.8	-67.6562
202.875	-67.625
202.95	-67.4375
203.025	-67.625
203.1	-67.5625
203.175	-67.6875
203.25	-67.5313
203.325	-67.5313
203.4	-67.75
203.475	-67.5938
203.55	-67.5625
203.625	-67.5313
203.7	-67.6875
203.775	-67.75
203.85	-67.5
203.925	-67.625
204	-67.625
204.075	-67.8125
204.15	-67.5313
204.225	-67.625
204.3	-67.625
204.375	-67.625
204.45	-67.5313
204.525	-67.5
204.6	-67.7188
204.675	-67.6562
204.75	-67.5
204.825	-67.6875
204.9	-67.7812
204.975	-67.7188
205.05	-67.5625
205.125	-67.5313
205.2	-67.7812
205.275	-67.7812
205.35	-67.5938
205.425	-67.6562
205.5	-67.75
205.575	-67.6875
205.65	-67.5625
205.725	-67.6875
205.8	-67.8125
205.875	-67.6875
205.95	-67.5625
206.025	-67.625
206.1	-67.7812
206.175	-67.6875
206.25	-67.5
206.325	-67.75
206.4	-67.8125
206.475	-67.6875
206.55	-67.625
206.625	-67.7812
206.7	-67.6875
206.775	-67.6562
206.85	-67.6562
206.925	-67.7812
207	-67.7188
207.075	-67.6562
207.15	-67.625
207.225	-67.7188
207.3	-67.625
207.375	-67.6875
207.45	-67.6875
207.525	-67.6875
207.6	-67.7188
207.675	-67.7188
207.75	-67.7812
207.825	-67.6875
207.9	-67.6875
207.975	-67.75
208.05	-67.75
208.125	-67.7188
208.2	-67.7812
208.275	-67.6875
208.35	-67.6562
208.425	-67.7812
208.5	-67.8125
208.575	-67.6875
208.65	-67.6562
208.725	-67.8125
208.8	-67.7812
208.875	-67.6562
208.95	-67.8125
209.025	-67.8125
209.1	-67.625
209.175	-67.75
209.25	-67.7812
209.325	-67.7188
209.4	-67.75
209.475	-67.6875
209.55	-67.6875
209.625	-67.8125
209.7	-67.75
209.775	-67.75
209.85	-67.8438
209.925	-67.6562
210	-67.7188
210.075	-67.7812
210.15	-67.6875
210.225	-67.7812
210.3	-67.75
210.375	-67.7188
210.45	-67.8438
210.525	-67.75
210.6	-67.6562
210.675	-67.8438
210.75	-67.7188
210.825	-67.625
210.9	-67.8438
210.975	-67.7188
211.05	-67.7812
211.125	-67.75
211.2	-67.625
211.275	-67.8438
211.35	-67.7812
211.425	-67.625
211.5	-67.75
211.575	-67.7188
211.65	-67.8438
211.725	-67.7188
211.8	-67.6562
211.875	-67.8438
211.95	-67.6875
212.025	-67.6562
212.1	-67.6875
212.175	-67.75
212.25	-67.8125
212.325	-67.5938
212.4	-67.75
212.475	-67.7188
212.55	-67.8438
212.625	-67.6562
212.7	-67.75
212.775	-67.8438
212.85	-67.7188
212.925	-67.75
213	-67.7812
213.075	-67.7812
213.15	-67.8438
213.225	-67.8125
213.3	-67.8125
213.375	-67.8125
213.45	-67.6875
213.525	-67.6875
213.6	-67.8125
213.675	-67.9687
213.75	-67.7812
213.825	-67.5625
213.9	-67.75
213.975	-67.875
214.05	-67.75
214.125	-67.7188
214.2	-67.6875
214.275	-67.9375
214.35	-67.8438
214.425	-67.6562
214.5	-67.7812
214.575	-67.9063
214.65	-67.8125
214.725	-67.6875
214.8	-67.75
214.875	-67.9063
214.95	-67.7812
215.025	-67.6875
215.1	-67.7812
215.175	-68.0937
215.25	-68.125
215.325	-68.0313
215.4	-68.125
215.475	-68.1562
215.55	-68.125
215.625	-68
215.7	-68.1562
215.775	-68.3125
215.85	-68.0937
215.925	-68.0625
216	-68.25
216.075	-68.25
216.15	-68.2188
216.225	-68.3125
216.3	-68.25
216.375	-68.2188
216.45	-68.2812
216.525	-68.25
216.6	-68.25
216.675	-68.2812
216.75	-68.3125
216.825	-68.3125
216.9	-68.2812
216.975	-68.4062
217.05	-68.25
217.125	-68.2812
217.2	-68.375
217.275	-68.3438
217.35	-68.25
217.425	-68.375
217.5	-68.4062
217.575	-68.25
217.65	-68.4687
217.725	-68.4062
217.8	-68.2812
217.875	-68.375
217.95	-68.25
218.025	-68.2812
218.1	-68.4062
218.175	-68.375
218.25	-68.3125
218.325	-68.4375
218.4	-68.375
218.475	-68.375
218.55	-68.4375
218.625	-68.375
218.7	-68.375
218.775	-68.4062
218.85	-68.4687
218.925	-68.4687
219	-68.3125
219.075	-68.4375
219.15	-68.4375
219.225	-68.4062
219.3	-68.5
219.375	-68.4375
219.45	-68.5313
219.525	-68.4687
219.6	-68.4687
219.675	-68.5313
219.75	-68.4375
219.825	-68.5
219.9	-68.4687
219.975	-68.4687
220.05	-68.7187
220.125	-68.5
220.2	-68.4687
220.275	-68.5
220.35	-68.4687
220.425	-68.625
220.5	-68.4687
220.575	-68.5
220.65	-68.5625
220.725	-68.5
220.8	-68.5313
220.875	-68.4687
220.95	-68.6875
221.025	-68.5
221.1	-68.5313
221.175	-68.5937
221.25	-68.5625
221.325	-68.5937
221.4	-68.5
221.475	-68.5937
221.55	-68.6563
221.625	-68.625
221.7	-68.6563
221.775	-68.6875
221.85	-68.6563
221.925	-68.625
222	-68.5937
222.075	-68.7812
222.15	-68.7187
222.225	-68.6875
222.3	-68.5
222.375	-68.6875
222.45	-68.8438
222.525	-68.7187
222.6	-68.5937
222.675	-68.6875
222.75	-68.7812
222.825	-68.7187
222.9	-68.625
222.975	-68.75
223.05	-68.7812
223.125	-68.7187
223.2	-68.6563
223.275	-68.6875
223.35	-68.8438
223.425	-68.7812
223.5	-68.625
223.575	-68.7812
223.65	-68.8125
223.725	-68.8438
223.8	-68.7187
223.875	-68.8438
223.95	-68.8438
224.025	-68.75
224.1	-68.7187
224.175	-68.875
224.25	-68.875
224.325	-68.8438
224.4	-68.8438
224.475	-68.9375
224.55	-68.8125
224.625	-68.7187
224.7	-68.8438
224.775	-68.9062
224.85	-68.8125
224.925	-68.875
225	-68.8438
225.075	-68.875
225.15	-68.875
225.225	-68.9688
225.3	-68.875
225.375	-68.9062
225.45	-68.9688
225.525	-68.875
225.6	-68.9062
225.675	-68.9688
225.75	-68.9375
225.825	-68.875
225.9	-68.9688
225.975	-68.9062
226.05	-68.9375
226.125	-69
226.2	-68.8438
226.275	-68.9062
226.35	-69
226.425	-68.9062
226.5	-68.9062
226.575	-69
226.65	-68.9062
226.725	-68.9375
226.8	-68.9688
226.875	-68.9062
226.95	-69
227.025	-69
227.1	-68.875
227.175	-68.9688
227.25	-69
227.325	-68.9688
227.4	-69.0313
227.475	-68.9375
227.55	-69.0313
227.625	-69
227.7	-69
227.775	-69
227.85	-68.9688
227.925	-69.0937
228	-69.0625
228.075	-68.9375
228.15	-69.125
228.225	-69.0625
228.3	-69.125
228.375	-69
228.45	-69.0313
228.525	-69.125
228.6	-69
228.675	-69
228.75	-69
228.825	-69.25
228.9	-69
228.975	-69.125
229.05	-69.0937
229.125	-69.1875
229.2	-69.0937
229.275	-69.0937
229.35	-69.1563
229.425	-69.125
229.5	-69.1563
229.575	-69
229.65	-69.0625
229.725	-69.1563
229.8	-69.0937
229.875	-69
229.95	-69.0313
230.025	-69.0937
230.1	-69.125
230.175	-69.0625
230.25	-69.1563
230.325	-69.125
230.4	-68.9375
230.475	-68.9375
230.55	-69.0625
230.625	-69.125
230.7	-69.0313
230.775	-68.8438
230.85	-69.0313
230.925	-69.1875
231	-69.0937
231.075	-68.9062
231.15	-69
231.225	-69.1563
231.3	-69
231.375	-69
231.45	-69.0313
231.525	-69.125
231.6	-69
231.675	-68.9688
231.75	-69.0313
231.825	-69.125
231.9	-69
231.975	-69
232.05	-69.0625
232.125	-69.125
232.2	-69
232.275	-69
232.35	-69.1875
232.425	-69.1563
232.5	-68.9688
232.575	-69.125
232.65	-69.2187
232.725	-69.0937
232.8	-69.0937
232.875	-69.1563
232.95	-69.1563
233.025	-69.0625
233.1	-69.125
233.175	-69.0625
233.25	-69.0625
233.325	-69.125
233.4	-69.1563
233.475	-69.0937
233.55	-69.0625
233.625	-69.2187
233.7	-69.125
233.775	-69.0937
233.85	-69.2187
233.925	-69.1875
234	-69.125
234.075	-69.2187
234.15	-69.2187
234.225	-69.125
234.3	-69.1563
234.375	-69.1875
234.45	-69.0625
234.525	-69.2187
234.6	-69.25
234.675	-69.0937
234.75	-69.1875
234.825	-69.1875
234.9	-69.125
234.975	-69.2813
235.05	-69.1563
235.125	-69.1563
235.2	-69.25
235.275	-69.25
235.35	-69.25
235.425	-69.25
235.5	-69.2187
235.575	-69.2813
235.65	-69.125
235.725	-69.1563
235.8	-69.2813
235.875	-69.1875
235.95	-69.1563
236.025	-69.2813
236.1	-69.1875
236.175	-69.2813
236.25	-69.1875
236.325	-69.2187
236.4	-69.375
236.475	-69.25
236.55	-69.2813
236.625	-69.3125
236.7	-69.3438
236.775	-69.25
236.85	-69.1563
236.925	-69.25
237	-69.2813
237.075	-69.3125
237.15	-69.2813
237.225	-69.25
237.3	-69.4375
237.375	-69.1875
237.45	-69.2187
237.525	-69.25
237.6	-69.4375
237.675	-69.2187
237.75	-69.25
237.825	-69.3438
237.9	-69.3125
237.975	-69.3438
238.05	-69.3125
238.125	-69.3438
238.2	-69.4375
238.275	-69.4062
238.35	-69.3125
238.425	-69.4375
238.5	-69.4375
238.575	-69.3438
238.65	-69.3438
238.725	-69.5
238.8	-69.4688
238.875	-69.3125
238.95	-69.3125
239.025	-69.4688
239.1	-69.5
239.175	-69.4062
239.25	-69.3438
239.325	-69.375
239.4	-69.5312
239.475	-69.4688
239.55	-69.3438
239.625	-69.4375
239.7	-69.4375
239.775	-69.5
239.85	-69.4062
239.925	-69.4062
240	-69.4375
240.075	-69.4375
240.15	-69.4375
240.225	-69.4688
240.3	-69.5
240.375	-69.5312
240.45	-69.375
240.525	-69.5
240.6	-69.5
240.675	-69.4062
240.75	-69.375
240.825	-69.5625
240.9	-69.4688
240.975	-69.375
241.05	-69.5312
241.125	-69.5
241.2	-69.5
241.275	-69.4688
241.35	-69.5937
241.425	-69.4688
241.5	-69.4375
241.575	-69.5312
241.65	-69.5
241.725	-69.4375
241.8	-69.4375
241.875	-69.5937
241.95	-69.5312
242.025	-69.5
242.1	-69.5937
242.175	-69.5312
242.25	-69.5
242.325	-69.5625
242.4	-69.5937
242.475	-69.5
242.55	-69.625
242.625	-69.5625
242.7	-69.4688
242.775	-69.625
242.85	-69.625
242.925	-69.5312
243	-69.5625
243.075	-69.625
243.15	-69.4375
243.225	-69.625
243.3	-69.5625
243.375	-69.625
243.45	-69.6563
243.525	-69.5
243.6	-69.6563
243.675	-69.5937
243.75	-69.5937
243.825	-69.6875
243.9	-69.5312
243.975	-69.6563
244.05	-69.625
244.125	-69.5312
244.2	-69.7187
244.275	-69.6563
244.35	-69.5
244.425	-69.6875
244.5	-69.625
244.575	-69.625
244.65	-69.75
244.725	-69.5937
244.8	-69.7813
244.875	-69.75
244.95	-69.5937
245.025	-69.5937
245.1	-69.625
245.175	-69.8125
245.25	-69.6563
245.325	-69.625
245.4	-69.6563
245.475	-69.6563
245.55	-69.625
245.625	-69.5625
245.7	-69.6875
245.775	-69.7813
245.85	-69.6563
245.925	-69.625
246	-69.6875
246.075	-69.8437
246.15	-69.5312
246.225	-69.5937
246.3	-69.75
246.375	-69.7813
246.45	-69.5937
246.525	-69.7187
246.6	-69.7813
246.675	-69.7813
246.75	-69.5937
246.825	-69.5625
246.9	-69.6875
246.975	-69.7187
247.05	-69.6875
247.125	-69.6875
247.2	-69.7813
247.275	-69.6875
247.35	-69.6563
247.425	-69.6875
247.5	-69.7813
247.575	-69.6563
247.65	-69.5937
247.725	-69.6875
247.8	-69.7813
247.875	-69.625
247.95	-69.6563
248.025	-69.8125
248.1	-69.7813
248.175	-69.7187
248.25	-69.5625
248.325	-69.7187
248.4	-69.7187
248.475	-69.6875
248.55	-69.6563
248.625	-69.7813
248.7	-69.7813
248.775	-69.7187
248.85	-69.6563
248.925	-69.7813
249	-69.75
249.075	-69.75
249.15	-69.75
249.225	-69.8437
249.3	-69.8125
249.375	-69.6875
249.45	-69.8437
249.525	-69.8125
249.6	-69.75
249.675	-69.875
249.75	-69.8437
249.825	-69.7813
249.9	-69.9062
249.975	-69.8437
250.05	-69.7187
250.125	-69.8125
250.2	-69.8125
250.275	-69.75
250.35	-69.7813
250.425	-69.875
250.5	-69.75
250.575	-69.8125
250.65	-69.9062
250.725	-69.8125
250.8	-69.8437
250.875	-69.8437
250.95	-69.8437
251.025	-69.8437
251.1	-69.8437
251.175	-69.8437
251.25	-69.75
251.325	-69.875
251.4	-69.8125
251.475	-69.8437
251.55	-69.9062
251.625	-69.8125
251.7	-69.875
251.775	-69.8437
251.85	-69.75
251.925	-69.7813
252	-69.8437
252.075	-69.7813
252.15	-69.875
252.225	-69.7813
252.3	-69.75
252.375	-69.9375
252.45	-69.8437
252.525	-69.7813
252.6	-69.8125
252.675	-69.8125
252.75	-69.8437
252.825	-69.8437
252.9	-69.8125
252.975	-69.9375
253.05	-69.7813
253.125	-69.8125
253.2	-69.7813
253.275	-69.875
253.35	-69.9375
253.425	-69.75
253.5	-69.8437
253.575	-69.8437
253.65	-69.9375
253.725	-69.8125
253.8	-69.75
253.875	-69.9375
253.95	-69.8125
254.025	-69.875
254.1	-69.75
254.175	-69.9375
254.25	-69.9062
254.325	-69.9062
254.4	-69.875
254.475	-69.9062
254.55	-70
254.625	-69.8125
254.7	-69.8437
254.775	-70
254.85	-69.9688
254.925	-69.7813
255	-69.7813
255.075	-70.0312
255.15	-69.9375
255.225	-69.8437
255.3	-69.9062
255.375	-69.9062
255.45	-69.9062
255.525	-69.7813
255.6	-69.875
255.675	-70.0312
255.75	-70.0312
255.825	-69.9062
255.9	-69.8125
255.975	-69.9375
256.05	-69.9688
256.125	-69.8125
256.2	-69.875
256.275	-69.875
256.35	-69.875
256.425	-69.875
256.5	-69.8437
256.575	-70
256.65	-69.9375
256.725	-69.8437
256.8	-69.9062
256.875	-70.0625
256.95	-70.0312
257.025	-69.8437
257.1	-69.9688
257.175	-70.0312
257.25	-69.9062
257.325	-69.8437
257.4	-70.0625
257.475	-70
257.55	-69.9062
257.625	-69.9062
257.7	-70
257.775	-69.9688
257.85	-69.875
257.925	-69.9062
258	-69.9688
258.075	-69.9062
258.15	-69.8437
258.225	-69.9375
258.3	-70
258.375	-69.9062
258.45	-69.9375
258.525	-69.9688
258.6	-69.9688
258.675	-69.9688
258.75	-70
258.825	-69.9062
258.9	-69.9062
258.975	-70.0625
259.05	-69.9688
259.125	-69.9375
259.2	-69.9688
259.275	-69.9062
259.35	-69.9062
259.425	-70
259.5	-69.9375
259.575	-69.9062
259.65	-70
259.725	-70
259.8	-69.9375
259.875	-70.0625
259.95	-70
260.025	-70.0312
260.1	-70
260.175	-69.875
260.25	-70.0625
260.325	-69.9688
260.4	-69.9688
260.475	-69.9688
260.55	-69.9375
260.625	-70.0625
260.7	-69.9375
260.775	-69.875
260.85	-70.0312
260.925	-69.9375
261	-69.9688
261.075	-70
261.15	-69.9375
261.225	-70.0938
261.3	-69.8437
261.375	-69.9375
261.45	-70
261.525	-69.9375
261.6	-70.0312
261.675	-69.9062
261.75	-70.0312
261.825	-70.0625
261.9	-69.9062
261.975	-70.0312
262.05	-70.0312
262.125	-70
262.2	-69.9375
262.275	-69.875
262.35	-70.0625
262.425	-69.9688
262.5	-69.9688
262.575	-69.9062
262.65	-70.0625
262.725	-70.0625
262.8	-69.9688
262.875	-70.0625
262.95	-70.0938
263.025	-69.9375
263.1	-70
263.175	-70
263.25	-70.0312
263.325	-69.9688
263.4	-70
263.475	-70.0625
263.55	-70.0625
263.625	-69.9375
263.7	-69.8437
263.775	-70
263.85	-70.0625
263.925	-69.9062
264	-69.7813
264.075	-69.8125
264.15	-69.9688
264.225	-69.9375
264.3	-69.8125
264.375	-69.8437
264.45	-69.9062
264.525	-69.9375
264.6	-69.8125
264.675	-69.8125
264.75	-69.9375
264.825	-70
264.9	-69.8125
264.975	-69.9062
265.05	-70
265.125	-69.9062
265.2	-69.75
265.275	-69.75
265.35	-69.9375
265.425	-69.9062
265.5	-69.7187
265.575	-69.8437
265.65	-69.9688
265.725	-69.9062
265.8	-69.8125
265.875	-69.9062
265.95	-69.9375
266.025	-69.7813
266.1	-69.7813
266.175	-69.9062
266.25	-69.9375
266.325	-69.7813
266.4	-69.75
266.475	-69.9062
266.55	-69.9062
266.625	-69.8437
266.7	-69.8125
266.775	-69.9375
266.85	-69.875
266.925	-69.75
267	-69.9375
267.075	-69.8437
267.15	-69.8437
267.225	-69.9375
267.3	-69.875
267.375	-69.8437
267.45	-69.9062
267.525	-69.9062
267.6	-69.8437
267.675	-69.9062
267.75	-69.8437
267.825	-69.8125
267.9	-69.9688
267.975	-69.8125
268.05	-69.8125
268.125	-69.9062
268.2	-69.8125
268.275	-69.7813
268.35	-69.9375
268.425	-69.875
268.5	-69.9062
268.575	-69.875
268.65	-69.7813
268.725	-69.9375
268.8	-69.875
268.875	-69.8125
268.95	-69.9375
269.025	-69.875
269.1	-69.9688
269.175	-69.8125
269.25	-69.8125
269.325	-69.9375
269.4	-69.8437
269.475	-69.9062
269.55	-69.8125
269.625	-69.9062
269.7	-69.9375
269.775	-69.8125
269.85	-69.9688
269.925	-69.9375
270	-69.9062
270.075	-69.8125
270.15	-69.8125
270.225	-69.9375
270.3	-69.8437
270.375	-69.8437
270.45	-69.8125
270.525	-69.9062
270.6	-69.9375
270.675	-69.7813
270.75	-69.8437
270.825	-69.875
270.9	-69.8437
270.975	-69.8437
271.05	-69.75
271.125	-69.9062
271.2	-69.8125
271.275	-69.6875
271.35	-69.8437
271.425	-69.9062
271.5	-69.8125
271.575	-69.7813
271.65	-69.8125
271.725	-69.875
271.8	-69.8437
271.875	-69.6875
271.95	-69.75
272.025	-69.9062
272.1	-69.8437
272.175	-69.7813
272.25	-69.6875
272.325	-69.8437
272.4	-69.7813
272.475	-69.7813
272.55	-69.9062
272.625	-69.8437
272.7	-69.7187
272.775	-69.7813
272.85	-69.9062
272.925	-69.9375
273	-69.7813
273.075	-69.625
273.15	-69.8437
273.225	-69.9375
273.3	-69.7187
273.375	-69.75
273.45	-69.875
273.525	-69.9062
273.6	-69.7187
273.675	-69.8125
273.75	-69.9062
273.825	-69.7813
273.9	-69.6563
273.975	-69.7813
274.05	-69.8437
274.125	-69.75
274.2	-69.625
274.275	-69.8125
274.35	-69.7187
274.425	-69.6563
274.5	-69.5937
274.575	-69.5937
274.65	-69.5312
274.725	-69.5625
274.8	-69.6875
274.875	-69.6563
274.95	-69.5
275.025	-69.625
275.1	-69.5
275.175	-69.4062
275.25	-69.5625
275.325	-69.5
275.4	-69.4062
275.475	-69.5312
275.55	-69.3438
275.625	-69.3438
275.7	-69.5
275.775	-69.5
275.85	-69.375
275.925	-69.4688
276	-69.4062
276.075	-69.3125
276.15	-69.4688
276.225	-69.4688
276.3	-69.4062
276.375	-69.4688
276.45	-69.4062
276.525	-69.3125
276.6	-69.4688
276.675	-69.4062
276.75	-69.2813
276.825	-69.375
276.9	-69.4062
276.975	-69.2813
277.05	-69.3125
277.125	-69.3125
277.2	-69.2813
277.275	-69.375
277.35	-69.3438
277.425	-69.3125
277.5	-69.375
277.575	-69.2187
277.65	-69.3125
277.725	-69.2813
277.8	-69.3438
277.875	-69.4062
277.95	-69.1875
278.025	-69.375
278.1	-69.3438
278.175	-69.4062
278.25	-69.25
278.325	-69.2187
278.4	-69.4062
278.475	-69.25
278.55	-69.2813
278.625	-69.2187
278.7	-69.375
278.775	-69.3125
278.85	-69.1563
278.925	-69.4062
279	-69.3125
279.075	-69.375
279.15	-69.25
279.225	-69.3438
279.3	-69.4062
279.375	-69.1875
279.45	-69.2813
279.525	-69.2813
279.6	-69.3438
279.675	-69.375
279.75	-69.1875
279.825	-69.25
279.9	-69.4062
279.975	-69.3438
280.05	-69.2187
280.125	-69.25
280.2	-69.3125
280.275	-69.3125
280.35	-69.25
280.425	-69.4062
280.5	-69.3438
280.575	-69.25
280.65	-69.25
280.725	-69.375
280.8	-69.375
280.875	-69.1875
280.95	-69.1875
281.025	-69.4375
281.1	-69.4062
281.175	-69.25
281.25	-69.2813
281.325	-69.4062
281.4	-69.3125
281.475	-69.2187
281.55	-69.2813
281.625	-69.4688
281.7	-69.3125
281.775	-69.2187
281.85	-69.375
281.925	-69.4062
282	-69.375
282.075	-69.2187
282.15	-69.3125
282.225	-69.4062
282.3	-69.3438
282.375	-69.25
282.45	-69.4062
282.525	-69.4375
282.6	-69.2187
282.675	-69.2813
282.75	-69.375
282.825	-69.375
282.9	-69.25
282.975	-69.3438
283.05	-69.3125
283.125	-69.3438
283.2	-69.375
283.275	-69.3438
283.35	-69.2187
283.425	-69.375
283.5	-69.375
283.575	-69.25
283.65	-69.3438
283.725	-69.4375
283.8	-69.3438
283.875	-69.3438
283.95	-69.4062
284.025	-69.375
284.1	-69.25
284.175	-69.4375
284.25	-69.3125
284.325	-69.3125
284.4	-69.4062
284.475	-69.3125
284.55	-69.4375
284.625	-69.375
284.7	-69.3438
284.775	-69.5
284.85	-69.375
284.925	-69.3438
285	-69.375
285.075	-69.3438
285.15	-69.375
285.225	-69.4688
285.3	-69.3438
285.375	-69.375
285.45	-69.4375
285.525	-69.2813
285.6	-69.4375
285.675	-69.4688
285.75	-69.4062
285.825	-69.4375
285.9	-69.3125
285.975	-69.4375
286.05	-69.3438
286.125	-69.2813
286.2	-69.4688
286.275	-69.4375
286.35	-69.4375
286.425	-69.4062
286.5	-69.3125
286.575	-69.5
286.65	-69.375
286.725	-69.375
286.8	-69.4688
286.875	-69.4688
286.95	-69.5312
287.025	-69.2813
287.1	-69.4688
287.175	-69.5
287.25	-69.375
287.325	-69.375
287.4	-69.4062
287.475	-69.5625
287.55	-69.4062
287.625	-69.4062
287.7	-69.5
287.775	-69.5312
287.85	-69.4688
287.925	-69.375
288	-69.4375
288.075	-69.625
288.15	-69.4688
288.225	-69.375
288.3	-69.5937
288.375	-69.5937
288.45	-69.5
288.525	-69.4375
288.6	-69.4688
288.675	-69.5312
288.75	-69.4375
288.825	-69.4688
288.9	-69.5625
288.975	-69.5
289.05	-69.4375
289.125	-69.4688
289.2	-69.625
289.275	-69.5312
289.35	-69.4062
289.425	-69.4375
289.5	-69.5937
289.575	-69.5312
289.65	-69.3438
289.725	-69.4688
289.8	-69.625
289.875	-69.5625
289.95	-69.4062
290.025	-69.4375
290.1	-69.6563
290.175	-69.5312
290.25	-69.4375
290.325	-69.5312
290.4	-69.5937
290.475	-69.5312
290.55	-69.4375
290.625	-69.4688
290.7	-69.5625
290.775	-69.4688
290.85	-69.4375
290.925	-69.5625
291	-69.5937
291.075	-69.5312
291.15	-69.5625
291.225	-69.5937
291.3	-69.5
291.375	-69.5312
291.45	-69.625
291.525	-69.5312
291.6	-69.4688
291.675	-69.5312
291.75	-69.5
291.825	-69.5312
291.9	-69.5625
291.975	-69.5625
292.05	-69.4688
292.125	-69.5625
292.2	-69.625
292.275	-69.4688
292.35	-69.5625
292.425	-69.5937
292.5	-69.5
292.575	-69.625
292.65	-69.5937
292.725	-69.5
292.8	-69.5625
292.875	-69.5625
292.95	-69.5
293.025	-69.5937
293.1	-69.5
293.175	-69.5312
293.25	-69.6563
293.325	-69.5312
293.4	-69.6563
293.475	-69.625
293.55	-69.5312
293.625	-69.5937
293.7	-69.5312
293.775	-69.5937
293.85	-69.6875
293.925	-69.625
294	-69.4375
294.075	-69.7187
294.15	-69.5625
294.225	-69.5625
294.3	-69.625
294.375	-69.5625
294.45	-69.7187
294.525	-69.5312
294.6	-69.5937
294.675	-69.6563
294.75	-69.625
294.825	-69.6563
294.9	-69.5312
294.975	-69.625
295.05	-69.75
295.125	-69.5625
295.2	-69.6875
295.275	-69.5937
295.35	-69.8125
295.425	-69.6875
295.5	-69.5937
295.575	-69.75
295.65	-69.7187
295.725	-69.625
295.8	-69.5312
295.875	-69.7187
295.95	-69.6875
296.025	-69.625
296.1	-69.5937
296.175	-69.6875
296.25	-69.8437
296.325	-69.625
296.4	-69.5625
296.475	-69.8125
296.55	-69.8437
296.625	-69.5937
296.7	-69.625
296.775	-69.7813
296.85	-69.75
296.925	-69.7187
297	-69.6875
297.075	-69.7813
297.15	-69.6875
297.225	-69.7187
297.3	-69.7813
297.375	-69.8437
297.45	-69.8437
297.525	-69.6563
297.6	-69.7187
297.675	-69.9062
297.75	-69.875
297.825	-69.7813
297.9	-69.6875
297.975	-69.875
298.05	-69.8437
298.125	-69.6875
298.2	-69.6563
298.275	-69.8437
298.35	-69.8437
298.425	-69.7187
298.5	-69.7187
298.575	-69.9062
298.65	-69.8125
298.725	-69.75
298.8	-69.7187
298.875	-69.9062
298.95	-69.8437
299.025	-69.7187
299.1	-69.7813
299.175	-69.9062
299.25	-69.8437
299.325	-69.7187
299.4	-69.8437
299.475	-69.9375
299.55	-69.7813
299.625	-69.6875
299.7	-69.8125
299.775	-69.8437
299.85	-69.75
299.925	-69.8125
300	-69.9062
300.075	-69.875
300.15	-69.8437
300.225	-69.7813
300.3	-69.75
300.375	-69.8437
300.45	-69.8437
300.525	-69.7813
300.6	-69.9062
300.675	-69.875
300.75	-69.8125
300.825	-69.8125
300.9	-69.9062
300.975	-69.8125
301.05	-69.875
301.125	-69.875
301.2	-69.7813
301.275	-69.875
301.35	-69.8437
301.425	-69.7187
301.5	-69.9375
301.575	-69.8125
301.65	-69.8437
301.725	-69.9375
301.8	-69.8125
301.875	-69.9062
301.95	-69.8437
302.025	-69.875
302.1	-69.9062
302.175	-69.9062
302.25	-69.8125
302.325	-70
302.4	-69.875
302.475	-69.9375
302.55	-70
302.625	-69.9062
302.7	-69.9375
302.775	-69.8125
302.85	-69.9375
302.925	-69.9688
303	-69.8125
303.075	-69.9688
303.15	-69.875
303.225	-70
303.3	-69.8437
303.375	-69.8125
303.45	-70
303.525	-69.9375
303.6	-70
303.675	-69.8125
303.75	-70.0312
303.825	-70.0312
303.9	-69.8125
303.975	-69.875
304.05	-69.9375
304.125	-69.9688
304.2	-69.8437
304.275	-69.9062
304.35	-69.9688
304.425	-69.875
304.5	-69.9375
304.575	-69.9062
304.65	-69.9375
304.725	-70
304.8	-69.9062
304.875	-69.8437
304.95	-69.9062
305.025	-69.9688
305.1	-69.875
305.175	-69.9375
305.25	-70
305.325	-69.9688
305.4	-69.8125
305.475	-70
305.55	-70.0625
305.625	-70
305.7	-69.8125
305.775	-69.9062
305.85	-70
305.925	-70.0938
306	-69.875
306.075	-69.8437
306.15	-70
306.225	-70.0312
306.3	-69.875
306.375	-69.8437
306.45	-70
306.525	-69.9688
306.6	-69.8437
306.675	-69.8437
306.75	-70
306.825	-69.9375
306.9	-69.8125
306.975	-69.7813
307.05	-69.9688
307.125	-69.9375
307.2	-69.7813
307.275	-69.8125
307.35	-69.9375
307.425	-69.8437
307.5	-69.8437
307.575	-69.9062
307.65	-69.9062
307.725	-69.7813
307.8	-69.7813
307.875	-69.9375
307.95	-69.9062
308.025	-69.8125
308.1	-69.8125
308.175	-69.9375
308.25	-69.9062
308.325	-69.7187
308.4	-69.875
308.475	-69.9375
308.55	-69.8437
308.625	-69.8437
308.7	-69.9062
308.775	-69.8125
308.85	-69.875
308.925	-69.875
309	-69.8125
309.075	-69.875
309.15	-69.8125
309.225	-69.6875
309.3	-69.8437
309.375	-69.8437
309.45	-69.7813
309.525	-69.8437
309.6	-69.8437
309.675	-69.75
309.75	-69.9375
309.825	-69.9062
309.9	-69.8125
309.975	-69.9062
310.05	-69.9062
310.125	-69.8437
310.2	-70
310.275	-69.875
310.35	-69.875
310.425	-69.9688
310.5	-69.8437
310.575	-69.8437
310.65	-69.9062
310.725	-69.7813
310.8	-69.875
310.875	-69.9062
310.95	-69.8125
311.025	-70
311.1	-69.9062
311.175	-69.7813
311.25	-69.875
311.325	-69.9062
311.4	-70.0312
311.475	-69.875
311.55	-69.8437
311.625	-70
311.7	-69.9062
311.775	-69.875
311.85	-69.875
311.925	-70
312	-70.0312
312.075	-69.9062
312.15	-69.9688
312.225	-69.9375
312.3	-69.9375
312.375	-69.8437
312.45	-69.8125
312.525	-69.9688
312.6	-69.9062
312.675	-69.875
312.75	-69.75
312.825	-69.9375
312.9	-69.9375
312.975	-69.6875
313.05	-69.8437
313.125	-69.9688
313.2	-69.8125
313.275	-69.7813
313.35	-69.8437
313.425	-69.8437
313.5	-69.875
313.575	-69.6875
313.65	-69.7813
313.725	-69.875
313.8	-69.875
313.875	-69.75
313.95	-69.7813
314.025	-69.7813
314.1	-69.8437
314.175	-69.7813
314.25	-69.9062
314.325	-69.8437
314.4	-69.75
314.475	-69.7187
314.55	-69.9062
314.625	-69.9375
314.7	-69.75
314.775	-69.7187
314.85	-69.9062
314.925	-69.9062
