4200
0	-68.9062
0.075	-68.9688
0.15	-68.9375
0.225	-68.9062
0.3	-68.9062
0.375	-69
0.45	-68.9688
0.525	-68.9062
0.6	-68.9688
0.675	-68.9375
0.75	-68.875
0.825	-68.9375
0.9	-68.9688
0.975	-68.9062
1.05	-68.9375
1.125	-69
1.2	-68.875
1.275	-69.0313
1.35	-68.9062
1.425	-68.9375
1.5	-68.9688
1.575	-68.875
1.65	-69
1.725	-68.9375
1.8	-68.8438
1.875	-68.9062
1.95	-68.9375
2.025	-69
2.1	-68.9688
2.175	-68.9062
2.25	-68.9688
2.325	-69
2.4	-68.9062
2.475	-68.9375
2.55	-68.9062
2.625	-69
2.7	-69.0313
2.775	-68.9062
2.85	-68.9375
2.925	-69
3	-69.0625
3.075	-68.9062
3.15	-68.9062
3.225	-69.0937
3.3	-68.9375
3.375	-68.9375
3.45	-68.9688
3.525	-69.0937
3.6	-68.9688
3.675	-68.8438
3.75	-68.9688
3.825	-69
3.9	-69
3.975	-68.9062
4.05	-68.9688
4.125	-69.0937
4.2	-68.9375
4.275	-68.9688
4.35	-69
4.425	-69
4.5	-69
4.575	-69
4.65	-68.9688
4.725	-69.0313
4.8	-69
4.875	-69
4.95	-69.0313
5.025	-69.0937
5.1	-68.9688
5.175	-68.9688
5.25	-69.0937
5.325	-69.125
5.4	-69.0625
5.475	-68.9375
5.55	-69
5.625	-69.125
5.7	-69
5.775	-68.9375
5.85	-68.9688
5.925	-69.125
6	-69.0625
6.075	-68.875
6.15	-69
6.225	-69.1563
6.3	-68.9375
6.375	-68.9688
6.45	-69.0937
6.525	-69.0313
6.6	-68.9688
6.675	-69.0625
6.75	-69.125
6.825	-69
6.9	-68.9688
6.975	-69.0937
7.05	-69.0937
7.125	-69
7.2	-68.9688
7.275	-69.125
7.35	-69.0625
7.425	-69
7.5	-69.0625
7.575	-69
7.65	-69
7.725	-69.125
7.8	-69.0937
7.875	-69
7.95	-69.0625
8.025	-69.125
8.1	-69
8.175	-69.1563
8.25	-69.0937
8.325	-69.0625
8.4	-69.125
8.475	-69.0625
8.55	-69
8.625	-69
8.7	-69.0937
8.775	-69
8.85	-69.0937
8.925	-69.125
9	-69
9.075	-69.125
9.15	-69.0625
9.225	-68.9688
9.3	-69.1563
9.375	-69.0625
9.45	-69.0937
9.525	-69.125
9.6	-69.125
9.675	-69.125
9.75	-69.1563
9.825	-69.0937
9.9	-69.2187
9.975	-69.1563
10.05	-69
10.125	-69.125
10.2	-69.2187
10.275	-69.0937
10.35	-69.1563
10.425	-69.1563
10.5	-69.0625
10.575	-69.2187
10.65	-69.125
10.725	-69.1563
10.8	-69.25
10.875	-69.125
10.95	-69.0937
11.025	-69.1875
11.1	-69.125
11.175	-69.2187
11.25	-69.0313
11.325	-69.2187
11.4	-69.2187
11.475	-69.125
11.55	-69.1563
11.625	-69.125
11.7	-69.2813
11.775	-69.125
11.85	-69.0937
11.925	-69.1563
12	-69.25
12.075	-69.125
12.15	-69
12.225	-69.125
12.3	-69.125
12.375	-69.25
12.45	-69
12.525	-69.1563
12.6	-69.1875
12.675	-69.0937
12.75	-69.125
12.825	-69.1563
12.9	-69.1875
12.975	-69.125
13.05	-69.1563
13.125	-69.1563
13.2	-69.125
13.275	-69.0313
13.35	-69
13.425	-69.1875
13.5	-69.3125
13.575	-69.125
13.65	-69
13.725	-69.125
13.8	-69.25
13.875	-69.1563
13.95	-69.0625
14.025	-69.1875
14.1	-69.2813
14.175	-69.125
14.25	-69.125
14.325	-69.2187
14.4	-69.3125
14.475	-69.2187
14.55	-69.0937
14.625	-69.2187
14.7	-69.25
14.775	-69.0937
14.85	-69.0625
14.925	-69.2187
15	-68.875
15.075	-68.3438
15.15	-68
15.225	-68.125
15.3	-68.1562
15.375	-67.9687
15.45	-67.875
15.525	-67.9687
15.6	-67.9687
15.675	-67.7812
15.75	-67.625
15.825	-67.75
15.9	-67.6875
15.975	-67.5625
16.05	-67.5938
16.125	-67.6562
16.2	-67.5313
16.275	-67.4063
16.35	-67.5938
16.425	-67.5
16.5	-67.375
16.575	-67.3437
16.65	-67.375
16.725	-67.3125
16.8	-67.25
16.875	-67.3125
16.95	-67.1875
17.025	-67.1875
17.1	-67.2188
17.175	-67.0625
17.25	-67.125
17.325	-67.0625
17.4	-67.0312
17.475	-67.0938
17.55	-67
17.625	-66.9375
17.7	-67
17.775	-66.9375
17.85	-66.9063
17.925	-66.9375
18	-66.875
18.075	-66.8125
18.15	-66.8437
18.225	-66.75
18.3	-66.9063
18.375	-66.7813
18.45	-66.625
18.525	-66.7813
18.6	-66.625
18.675	-66.6875
18.75	-66.625
18.825	-66.5312
18.9	-66.6562
18.975	-66.5938
19.05	-66.5
19.125	-66.5938
19.2	-66.4375
19.275	-66.5
19.35	-66.5
19.425	-66.3437
19.5	-66.4688
19.575	-66.4688
19.65	-66.4063
19.725	-66.3437
19.8	-66.2813
19.875	-66.4375
19.95	-66.3125
20.025	-66.1875
20.1	-66.2813
20.175	-66.25
20.25	-66.25
20.325	-66.0938
20.4	-66.2813
20.475	-66.25
20.55	-66.125
20.625	-66.1563
20.7	-66.125
20.775	-66.3125
20.85	-66
20.925	-66.0625
21	-66.1563
21.075	-66.125
21.15	-66.0625
21.225	-66.0625
21.3	-66.0625
21.375	-66.0312
21.45	-66
21.525	-65.9688
21.6	-66
21.675	-65.9375
21.75	-65.7813
21.825	-65.875
21.9	-66.0312
21.975	-66
22.05	-65.8125
22.125	-65.7187
22.2	-65.9375
22.275	-66
22.35	-65.8438
22.425	-65.6563
22.5	-65.7813
22.575	-65.9062
22.65	-65.8125
22.725	-65.6563
22.8	-65.6563
22.875	-65.75
22.95	-65.6875
23.025	-65.5937
23.1	-65.625
23.175	-65.7813
23.25	-65.6563
23.325	-65.625
23.4	-65.5625
23.475	-65.625
23.55	-65.5
23.625	-65.4688
23.7	-65.5625
23.775	-65.5937
23.85	-65.4375
23.925	-65.4062
24	-65.5312
24.075	-65.4688
24.15	-65.2812
24.225	-65.4375
24.3	-65.5
24.375	-65.4062
24.45	-65.3125
24.525	-65.4688
24.6	-65.4062
24.675	-65.3125
24.75	-65.3438
24.825	-65.3125
24.9	-65.2187
24.975	-65.25
25.05	-65.2187
25.125	-65.1875
25.2	-65.2187
25.275	-65.25
25.35	-65.1875
25.425	-65.1875
25.5	-65.125
25.575	-65.0937
25.65	-65.1875
25.725	-65.1563
25.8	-65.0937
25.875	-65.1875
25.95	-65.125
26.025	-65.0313
26.1	-65.0937
26.175	-65.0313
26.25	-64.9687
26.325	-65.0937
26.4	-65
26.475	-64.9375
26.55	-65.0937
26.625	-64.9687
26.7	-64.8438
26.775	-64.9687
26.85	-64.9687
26.925	-64.875
27	-64.9375
27.075	-64.9062
27.15	-64.9062
27.225	-64.8438
27.3	-64.75
27.375	-64.9062
27.45	-64.8438
27.525	-64.7188
27.6	-64.8125
27.675	-64.7812
27.75	-64.8125
27.825	-64.75
27.9	-64.5625
27.975	-64.7812
28.05	-64.75
28.125	-64.75
28.2	-64.5937
28.275	-64.6563
28.35	-64.7188
28.425	-64.5937
28.5	-64.5937
28.575	-64.5625
28.65	-64.7188
28.725	-64.5
28.8	-64.5
28.875	-64.5937
28.95	-64.5937
29.025	-64.5313
29.1	-64.4063
29.175	-64.625
29.25	-64.5
29.325	-64.375
29.4	-64.4687
29.475	-64.5
29.55	-64.4687
29.625	-64.375
29.7	-64.4063
29.775	-64.5
29.85	-64.4375
29.925	-64.3125
30	-64.375
30.075	-64.5
30.15	-64.5
30.225	-64.3125
30.3	-64.3125
30.375	-64.4063
30.45	-64.4375
30.525	-64.25
30.6	-64.25
30.675	-64.4063
30.75	-64.4063
30.825	-64.1875
30.9	-64.25
30.975	-64.3438
31.05	-64.4063
31.125	-64.1875
31.2	-64.1562
31.275	-64.3125
31.35	-64.25
31.425	-64.1562
31.5	-64.125
31.575	-64.2812
31.65	-64.25
31.725	-64.125
31.8	-64.125
31.875	-64.2188
31.95	-64.1562
32.025	-64
32.1	-64.1562
32.175	-64.25
32.25	-64.1562
32.325	-64
32.4	-64.1875
32.475	-64.2188
32.55	-64.0938
32.625	-64.125
32.7	-64.1562
32.775	-64.125
32.85	-64.0313
32.925	-64.0938
33	-64
33.075	-64
33.15	-64.0625
33.225	-64
33.3	-64
33.375	-64
33.45	-64
33.525	-63.9687
33.6	-64.0313
33.675	-63.9687
33.75	-63.8437
33.825	-64
33.9	-64
33.975	-63.9063
34.05	-63.9375
34.125	-63.9687
34.2	-63.9063
34.275	-63.9687
34.35	-63.9687
34.425	-63.9063
34.5	-63.875
34.575	-63.9063
34.65	-63.7812
34.725	-63.8437
34.8	-63.9063
34.875	-63.75
34.95	-63.7812
35.025	-63.9375
35.1	-63.8437
35.175	-63.7812
35.25	-63.9063
35.325	-63.7812
35.4	-63.75
35.475	-63.75
35.55	-63.7188
35.625	-63.8437
35.7	-63.7188
35.775	-63.625
35.85	-63.8125
35.925	-63.7188
36	-63.7812
36.075	-63.6875
36.15	-63.625
36.225	-63.8125
36.3	-63.5625
36.375	-63.6562
36.45	-63.7188
36.525	-63.7188
36.6	-63.625
36.675	-63.5625
36.75	-63.8125
36.825	-63.625
36.9	-63.7188
36.975	-63.5938
37.05	-63.6562
37.125	-63.6875
37.2	-63.5
37.275	-63.625
37.35	-63.625
37.425	-63.7812
37.5	-63.5312
37.575	-63.5312
37.65	-63.6562
37.725	-63.625
37.8	-63.5
37.875	-63.5938
37.95	-63.6562
38.025	-63.5625
38.1	-63.4687
38.175	-63.4375
38.25	-63.625
38.325	-63.625
38.4	-63.5312
38.475	-63.5312
38.55	-63.5
38.625	-63.4375
38.7	-63.5
38.775	-63.5312
38.85	-63.5938
38.925	-63.4375
39	-63.3125
39.075	-63.4687
39.15	-63.5625
39.225	-63.4687
39.3	-63.4063
39.375	-63.5312
39.45	-63.5312
39.525	-63.4063
39.6	-63.3125
39.675	-63.375
39.75	-63.4687
39.825	-63.375
39.9	-63.3437
39.975	-63.4375
40.05	-63.5
40.125	-63.3437
40.2	-63.2813
40.275	-63.4687
40.35	-63.4375
40.425	-63.3125
40.5	-63.2813
40.575	-63.4375
40.65	-63.375
40.725	-63.25
40.8	-63.375
40.875	-63.375
40.95	-63.3437
41.025	-63.3437
41.1	-63.2813
41.175	-63.2188
41.25	-63.3437
41.325	-63.3437
41.4	-63.2188
41.475	-63.1875
41.55	-63.25
41.625	-63.25
41.7	-63.1875
41.775	-63.2813
41.85	-63.2188
41.925	-63.1875
42	-63.1875
42.075	-63.2813
42.15	-63.2188
42.225	-63.1875
42.3	-63.25
42.375	-63.125
42.45	-63.1875
42.525	-63.2188
42.6	-63.0938
42.675	-63.2188
42.75	-63.2813
42.825	-63.125
42.9	-63.1562
42.975	-63.1562
43.05	-63
43.125	-63.1875
43.2	-63.1562
43.275	-63.0312
43.35	-63.125
43.425	-63.125
43.5	-63.0938
43.575	-63.1875
43.65	-63.0625
43.725	-63.0625
43.8	-63.1562
43.875	-63.0312
43.95	-63.0938
44.025	-63.125
44.1	-63.125
44.175	-63.125
44.25	-63
44.325	-63.125
44.4	-63.0938
44.475	-62.9688
44.55	-63.0312
44.625	-63.0312
44.7	-63.125
44.775	-63.0312
44.85	-62.9688
44.925	-63.0938
45	-63
45.075	-62.9063
45.15	-62.9375
45.225	-63.0312
45.3	-63.125
45.375	-62.9375
45.45	-63
45.525	-63
45.6	-63
45.675	-62.8125
45.75	-62.9688
45.825	-63
45.9	-62.9688
45.975	-62.9375
46.05	-62.875
46.125	-62.9688
46.2	-62.9688
46.275	-62.8125
46.35	-62.8437
46.425	-62.9375
46.5	-62.875
46.575	-62.9063
46.65	-62.9375
46.725	-63
46.8	-62.9063
46.875	-62.6875
46.95	-62.8437
47.025	-63.0312
47.1	-63.0625
47.175	-62.8437
47.25	-62.8437
47.325	-62.9063
47.4	-62.875
47.475	-62.8125
47.55	-62.875
47.625	-62.8437
47.7	-62.875
47.775	-62.9063
47.85	-62.8437
47.925	-62.8437
48	-62.7813
48.075	-62.8437
48.15	-62.9063
48.225	-62.9688
48.3	-62.7813
48.375	-62.7813
48.45	-62.9063
48.525	-62.9063
48.6	-62.7187
48.675	-62.6875
48.75	-62.9063
48.825	-62.9063
48.9	-62.7813
48.975	-62.6875
49.05	-62.9063
49.125	-62.875
49.2	-62.7813
49.275	-62.7187
49.35	-62.9063
49.425	-62.8437
49.5	-62.7813
49.575	-62.7813
49.65	-62.875
49.725	-62.7813
49.8	-62.6875
49.875	-62.8437
49.95	-62.7813
50.025	-62.8125
50.1	-62.875
50.175	-62.7813
50.25	-62.7187
50.325	-62.8125
50.4	-62.6875
50.475	-62.625
50.55	-62.7813
50.625	-62.6875
50.7	-62.75
50.775	-62.8125
50.85	-62.6875
50.925	-62.6875
51	-62.7187
51.075	-62.5938
51.15	-62.7187
51.225	-62.6875
51.3	-62.6563
51.375	-62.7813
51.45	-62.6563
51.525	-62.6875
51.6	-62.75
51.675	-62.6563
51.75	-62.7187
51.825	-62.6875
51.9	-62.6563
51.975	-62.6563
52.05	-62.6563
52.125	-62.5625
52.2	-62.75
52.275	-62.7187
52.35	-62.5
52.425	-62.6563
52.5	-62.6563
52.575	-62.625
52.65	-62.625
52.725	-62.4687
52.8	-62.7187
52.875	-62.6563
52.95	-62.5
53.025	-62.625
53.1	-62.625
53.175	-62.6875
53.25	-62.5312
53.325	-62.5625
53.4	-62.6563
53.475	-62.5938
53.55	-62.5938
53.625	-62.5
53.7	-62.625
53.775	-62.5625
53.85	-62.5312
53.925	-62.5312
54	-62.5312
54.075	-62.7187
54.15	-62.4375
54.225	-62.5938
54.3	-62.6875
54.375	-62.5
54.45	-62.5
54.525	-62.5938
54.6	-62.5938
54.675	-62.4687
54.75	-62.4062
54.825	-62.5
54.9	-62.6875
54.975	-62.5938
55.05	-62.5
55.125	-62.4687
55.2	-62.5312
55.275	-62.5625
55.35	-62.5
55.425	-62.5312
55.5	-62.6563
55.575	-62.4375
55.65	-62.4375
55.725	-62.5625
55.8	-62.5
55.875	-62.4062
55.95	-62.4375
56.025	-62.5625
56.1	-62.5312
56.175	-62.4375
56.25	-62.4375
56.325	-62.5
56.4	-62.5
56.475	-62.4687
56.55	-62.4687
56.625	-62.4062
56.7	-62.4687
56.775	-62.4687
56.85	-62.4062
56.925	-62.4062
57	-62.3125
57.075	-62.4062
57.15	-62.375
57.225	-62.4062
57.3	-62.375
57.375	-62.3125
57.45	-62.4062
57.525	-62.25
57.6	-62.3438
57.675	-62.375
57.75	-62.3125
57.825	-62.2813
57.9	-62.375
57.975	-62.3125
58.05	-62.25
58.125	-62.4062
58.2	-62.3438
58.275	-62.1875
58.35	-62.2813
58.425	-62.2813
58.5	-62.1875
58.575	-62.3438
58.65	-62.3438
58.725	-62.1875
58.8	-62.2813
58.875	-62.2813
58.95	-62.25
59.025	-62.2188
59.1	-62.3125
59.175	-62.2813
59.25	-62.125
59.325	-62.3125
59.4	-62.2188
59.475	-62.2188
59.55	-62.25
59.625	-62.1875
59.7	-62.1875
59.775	-62.3125
59.85	-62.125
59.925	-62.1875
60	-62.1875
60.075	-62.1562
60.15	-62.25
60.225	-62.1562
60.3	-62.25
60.375	-62.2188
60.45	-62.1562
60.525	-62.1875
60.6	-62.125
60.675	-62.1875
60.75	-62.1875
60.825	-62.0937
60.9	-62.2188
60.975	-62.1875
61.05	-62.125
61.125	-62.0937
61.2	-62.0313
61.275	-62.1875
61.35	-62.0937
61.425	-61.9688
61.5	-62.0625
61.575	-62.0937
61.65	-62.0625
61.725	-62.0313
61.8	-62.0313
61.875	-62.125
61.95	-61.9688
62.025	-62.0313
62.1	-62.0313
62.175	-62.0625
62.25	-62.0625
62.325	-61.9062
62.4	-62.0625
62.475	-62.0937
62.55	-62.0313
62.625	-61.9375
62.7	-61.9375
62.775	-62.0313
62.85	-62
62.925	-61.9375
63	-61.9688
63.075	-62
63.15	-61.9688
63.225	-61.9688
63.3	-61.9375
63.375	-62
63.45	-61.9062
63.525	-61.9375
63.6	-62.0625
63.675	-62.0625
63.75	-61.9375
63.825	-61.8125
63.9	-62.0313
63.975	-62.0625
64.05	-61.9375
64.125	-61.8125
64.2	-62
64.275	-62.0625
64.35	-61.875
64.425	-61.8125
64.5	-62.0625
64.575	-62.0313
64.65	-61.7812
64.725	-61.9688
64.8	-62.0313
64.875	-62
64.95	-61.8125
65.025	-61.875
65.1	-61.9688
65.175	-61.9062
65.25	-61.7812
65.325	-61.8125
65.4	-62.0625
65.475	-61.9375
65.55	-61.8125
65.625	-61.9062
65.7	-61.9062
65.775	-61.9062
65.85	-61.8125
65.925	-61.9375
66	-61.875
66.075	-61.8125
66.15	-61.8437
66.225	-61.875
66.3	-61.875
66.375	-61.9688
66.45	-61.9062
66.525	-61.875
66.6	-61.8437
66.675	-61.9062
66.75	-61.8125
66.825	-61.7188
66.9	-61.9062
66.975	-61.9062
67.05	-61.8125
67.125	-61.8437
67.2	-61.9375
67.275	-61.8437
67.35	-61.75
67.425	-61.9688
67.5	-61.8437
67.575	-61.8437
67.65	-61.9062
67.725	-61.9062
67.8	-61.7812
67.875	-61.9062
67.95	-61.875
68.025	-61.8437
68.1	-61.875
68.175	-61.9062
68.25	-61.7812
68.325	-61.9688
68.4	-61.9062
68.475	-61.8125
68.55	-61.9062
68.625	-61.9062
68.7	-61.7812
68.775	-61.875
68.85	-61.9062
68.925	-61.875
69	-61.8437
69.075	-61.7812
69.15	-61.9375
69.225	-61.9062
69.3	-61.875
69.375	-61.9062
69.45	-61.8125
69.525	-61.9062
69.6	-61.7188
69.675	-61.875
69.75	-61.9062
69.825	-61.8125
69.9	-61.8437
69.975	-61.75
70.05	-61.9062
70.125	-61.8437
70.2	-61.6875
70.275	-61.875
70.35	-61.8437
70.425	-61.875
70.5	-61.6875
70.575	-61.9062
70.65	-61.9062
70.725	-61.7812
70.8	-61.7812
70.875	-61.8125
70.95	-61.9688
71.025	-61.875
71.1	-61.6875
71.175	-61.7812
71.25	-61.9062
71.325	-61.7812
71.4	-61.7812
71.475	-61.8125
71.55	-61.8437
71.625	-61.8125
71.7	-61.875
71.775	-61.9062
71.85	-61.9062
71.925	-61.75
72	-61.7812
72.075	-61.9062
72.15	-62.0313
72.225	-61.7812
72.3	-61.7188
72.375	-61.8437
72.45	-61.9062
72.525	-61.8437
72.6	-61.7812
72.675	-61.8437
72.75	-61.875
72.825	-61.8125
72.9	-61.875
72.975	-61.875
73.05	-62
73.125	-61.875
73.2	-61.75
73.275	-61.8125
73.35	-61.9062
73.425	-61.75
73.5	-61.75
73.575	-61.9062
73.65	-61.875
73.725	-61.7812
73.8	-61.875
73.875	-61.9062
73.95	-61.7812
74.025	-61.875
74.1	-61.9062
74.175	-61.8437
74.25	-61.7812
74.325	-61.8437
74.4	-61.8437
74.475	-61.7812
74.55	-61.7812
74.625	-61.8437
74.7	-61.875
74.775	-61.9062
74.85	-61.875
74.925	-61.875
75	-61.8437
75.075	-61.7812
75.15	-61.8437
75.225	-61.8437
75.3	-61.8437
75.375	-61.9062
75.45	-61.9375
75.525	-61.875
75.6	-61.9062
75.675	-61.9375
75.75	-61.8437
75.825	-61.875
75.9	-61.9062
75.975	-61.8125
76.05	-61.875
76.125	-61.875
76.2	-61.8125
76.275	-61.9062
76.35	-61.8437
76.425	-61.7812
76.5	-61.9688
76.575	-61.7812
76.65	-61.8125
76.725	-61.875
76.8	-61.7812
76.875	-61.7812
76.95	-61.8437
77.025	-61.75
77.1	-61.8125
77.175	-61.7812
77.25	-61.7812
77.325	-61.9062
77.4	-61.7188
77.475	-61.75
77.55	-61.7812
77.625	-61.7812
77.7	-61.8125
77.775	-61.8125
77.85	-61.75
77.925	-61.9062
78	-61.7812
78.075	-61.8125
78.15	-61.8125
78.225	-61.9062
78.3	-61.8437
78.375	-61.6563
78.45	-61.8437
78.525	-61.875
78.6	-61.7812
78.675	-61.7188
78.75	-61.7812
78.825	-61.9062
78.9	-61.625
78.975	-61.7188
79.05	-61.7812
79.125	-61.7812
79.2	-61.7812
79.275	-61.6875
79.35	-61.7812
79.425	-61.9688
79.5	-61.8125
79.575	-61.7188
79.65	-61.6875
79.725	-61.8125
79.8	-61.75
79.875	-61.75
79.95	-61.8125
80.025	-61.6875
80.1	-61.6875
80.175	-61.7812
80.25	-61.7812
80.325	-61.6875
80.4	-61.625
80.475	-61.6875
80.55	-61.8125
80.625	-61.8437
80.7	-61.625
80.775	-61.7812
80.85	-61.8125
80.925	-61.7812
81	-61.7188
81.075	-61.8125
81.15	-61.9062
81.225	-61.8125
81.3	-61.7188
81.375	-61.7812
81.45	-61.9375
81.525	-61.8437
81.6	-61.75
81.675	-61.8437
81.75	-61.9375
81.825	-61.8125
81.9	-61.75
81.975	-61.8125
82.05	-61.9062
82.125	-61.7812
82.2	-61.7812
82.275	-61.9062
82.35	-61.8437
82.425	-61.8437
82.5	-61.8437
82.575	-61.9375
82.65	-61.875
82.725	-61.8437
82.8	-61.875
82.875	-61.9688
82.95	-61.9062
83.025	-61.8125
83.1	-61.9375
83.175	-61.9062
83.25	-61.875
83.325	-61.9375
83.4	-61.8437
83.475	-61.8125
83.55	-62.0313
83.625	-61.9062
83.7	-61.8437
83.775	-61.9375
83.85	-61.9375
83.925	-61.8437
84	-61.875
84.075	-61.9375
84.15	-61.7812
84.225	-61.9062
84.3	-61.9062
84.375	-61.7812
84.45	-61.9062
84.525	-61.9688
84.6	-61.8125
84.675	-61.9375
84.75	-61.9375
84.825	-61.8125
84.9	-61.9688
84.975	-61.9062
85.05	-61.8125
85.125	-61.9375
85.2	-61.8437
85.275	-61.8437
85.35	-61.9062
85.425	-61.875
85.5	-61.9375
85.575	-61.9375
85.65	-61.8125
85.725	-62.0313
85.8	-61.875
85.875	-61.9062
85.95	-61.875
86.025	-61.8437
86.1	-62
86.175	-61.8125
86.25	-61.9062
86.325	-61.9375
86.4	-61.9688
86.475	-62
86.55	-61.7812
86.625	-62.0313
86.7	-61.9688
86.775	-61.8437
86.85	-61.9375
86.925	-61.9062
87	-62.0313
87.075	-61.9062
87.15	-61.7812
87.225	-62.0313
87.3	-61.9688
87.375	-61.9688
87.45	-61.9062
87.525	-61.9375
87.6	-62.0313
87.675	-61.875
87.75	-61.875
87.825	-62.0313
87.9	-62.0313
87.975	-62.0313
88.05	-61.875
88.125	-61.9375
88.2	-61.9688
88.275	-62
88.35	-61.9375
88.425	-62.0313
88.5	-61.9688
88.575	-61.9062
88.65	-62.0313
88.725	-62.0313
88.8	-61.9688
88.875	-61.875
88.95	-61.875
89.025	-62.0313
89.1	-62
89.175	-61.8437
89.25	-61.8437
89.325	-62.0313
89.4	-61.9688
89.475	-61.8125
89.55	-61.9688
89.625	-62.0625
89.7	-62.0313
89.775	-61.9375
89.85	-61.9375
89.925	-62.0625
90	-61.9375
90.075	-61.875
90.15	-61.9688
90.225	-62.0313
90.3	-61.9062
90.375	-61.9688
90.45	-62.0313
90.525	-61.9688
90.6	-61.9062
90.675	-61.9375
90.75	-62.0313
90.825	-62
90.9	-61.875
90.975	-61.9688
91.05	-62.0313
91.125	-61.9375
91.2	-62
91.275	-61.9375
91.35	-61.9062
91.425	-61.9375
91.5	-61.9375
91.575	-61.875
91.65	-61.9688
91.725	-62.0313
91.8	-62.0313
91.875	-62.0313
91.95	-61.9688
92.025	-62.0313
92.1	-61.9062
92.175	-62
92.25	-62.0625
92.325	-62.0313
92.4	-62
92.475	-62
92.55	-61.875
92.625	-62
92.7	-62
92.775	-61.875
92.85	-62.0313
92.925	-61.9375
93	-61.9688
93.075	-62.0625
93.15	-61.9688
93.225	-62.0313
93.3	-62.0313
93.375	-61.9375
93.45	-62.0313
93.525	-61.9688
93.6	-61.9062
93.675	-62
93.75	-61.9688
93.825	-61.875
93.9	-62.0313
93.975	-62
94.05	-61.9688
94.125	-62.0313
94.2	-61.9375
94.275	-62.0937
94.35	-62.0313
94.425	-61.875
94.5	-62.0937
94.575	-62
94.65	-62
94.725	-61.9375
94.8	-62
94.875	-62.125
94.95	-61.9688
95.025	-62.0625
95.1	-62
95.175	-62.0625
95.25	-61.9688
95.325	-62
95.4	-62
95.475	-62.0313
95.55	-62.0313
95.625	-61.875
95.7	-62.0625
95.775	-61.9688
95.85	-61.9375
95.925	-61.9688
96	-62
96.075	-62.0625
96.15	-61.9062
96.225	-61.9688
96.3	-61.9688
96.375	-62
96.45	-61.9688
96.525	-62.0313
96.6	-62.0625
96.675	-62.0625
96.75	-61.875
96.825	-61.875
96.9	-62.0313
96.975	-62.0625
97.05	-61.9062
97.125	-61.9375
97.2	-62.0313
97.275	-62.0313
97.35	-61.9688
97.425	-61.9688
97.5	-62.0313
97.575	-61.9688
97.65	-61.9375
97.725	-62.0313
97.8	-62.0937
97.875	-61.9375
97.95	-61.9375
98.025	-62.0625
98.1	-62.0313
98.175	-61.9375
98.25	-62.0313
98.325	-62.0625
98.4	-62.0313
98.475	-62
98.55	-62.0313
98.625	-62.0313
98.7	-62.0313
98.775	-62.0313
98.85	-62.0313
98.925	-62.0313
99	-62
99.075	-62
99.15	-62.0313
99.225	-61.9688
99.3	-61.9375
99.375	-61.9688
99.45	-62
99.525	-61.9062
99.6	-62.0313
99.675	-62.0313
99.75	-62
99.825	-61.9688
99.9	-62
99.975	-61.9375
100.05	-61.9062
100.125	-62.0937
100.2	-61.9688
100.275	-61.875
100.35	-62
100.425	-62
100.5	-61.875
100.575	-62.0313
100.65	-61.9062
100.725	-61.8437
100.8	-62
100.875	-61.9375
100.95	-61.9375
101.025	-62.0313
101.1	-61.9688
101.175	-61.9688
101.25	-62.0313
101.325	-61.9062
101.4	-61.9062
101.475	-62.0313
101.55	-61.9688
101.625	-61.875
101.7	-62.0313
101.775	-61.9375
101.85	-61.9688
101.925	-61.9375
102	-61.9375
102.075	-62
102.15	-62
102.225	-61.9062
102.3	-62
102.375	-62
102.45	-61.9688
102.525	-61.875
102.6	-61.8125
102.675	-62
102.75	-61.9062
102.825	-61.9688
102.9	-61.9688
102.975	-61.9062
103.05	-62.0313
103.125	-61.8437
103.2	-61.9062
103.275	-62.0313
103.35	-61.9688
103.425	-61.9062
103.5	-61.875
103.575	-62.0313
103.65	-62.0625
103.725	-61.8437
103.8	-62.0313
103.875	-62.0313
103.95	-61.9375
104.025	-61.9688
104.1	-61.9062
104.175	-62.0625
104.25	-62.0313
104.325	-61.8125
104.4	-62
104.475	-62.0313
104.55	-61.9375
104.625	-61.875
104.7	-62.0313
104.775	-62.0625
104.85	-61.9375
104.925	-61.7812
105	-61.9688
105.075	-62.0625
105.15	-61.9375
105.225	-61.875
105.3	-61.875
105.375	-62.0313
105.45	-61.9688
105.525	-61.875
105.6	-61.8437
105.675	-62
105.75	-62.0313
105.825	-61.9062
105.9	-61.9375
105.975	-61.9688
106.05	-61.9688
106.125	-61.9062
106.2	-61.9375
106.275	-61.9375
106.35	-61.9062
106.425	-62
106.5	-61.9062
106.575	-61.9688
106.65	-61.9688
106.725	-62
106.8	-62.0313
106.875	-61.9688
106.95	-62.0313
107.025	-62.0313
107.1	-62
107.175	-61.9688
107.25	-62
107.325	-61.9688
107.4	-61.9062
107.475	-61.9375
107.55	-62.0313
107.625	-62
107.7	-61.9375
107.775	-61.9688
107.85	-61.9688
107.925	-61.9062
108	-61.9688
108.075	-62.0625
108.15	-62.0313
108.225	-61.9375
108.3	-62.0625
108.375	-61.9688
108.45	-61.875
108.525	-62.0313
108.6	-62
108.675	-61.875
108.75	-62.0313
108.825	-62.0313
108.9	-61.8437
108.975	-62
109.05	-61.9688
109.125	-61.9062
109.2	-62
109.275	-61.9688
109.35	-61.9062
109.425	-62
109.5	-62.0313
109.575	-61.9062
109.65	-62.0313
109.725	-62
109.8	-61.875
109.875	-61.9375
109.95	-61.9688
110.025	-61.875
110.1	-62.0313
110.175	-61.9688
110.25	-62.0313
110.325	-62.0625
110.4	-61.8125
110.475	-62
110.55	-62
110.625	-61.9375
110.7	-62.0313
110.775	-61.9062
110.85	-62.0313
110.925	-62
111	-61.9062
111.075	-62.0313
111.15	-62.0313
111.225	-62.0313
111.3	-62.0313
111.375	-61.9062
111.45	-62.0625
111.525	-62.0313
111.6	-61.9062
111.675	-62.0625
111.75	-62.0313
111.825	-62.0937
111.9	-61.9375
111.975	-61.9375
112.05	-62.0625
112.125	-61.9375
112.2	-61.9688
112.275	-61.8437
112.35	-62.1562
112.425	-62.0313
112.5	-61.9375
112.575	-62
112.65	-62
112.725	-61.9688
112.8	-61.9375
112.875	-61.9062
112.95	-61.9375
113.025	-61.9375
113.1	-61.9375
113.175	-61.9375
113.25	-62
113.325	-61.9375
113.4	-61.9375
113.475	-62.0625
113.55	-62
113.625	-61.9062
113.7	-61.8437
113.775	-62.0313
113.85	-62.0313
113.925	-62
114	-61.9062
114.075	-61.9375
114.15	-62.0625
114.225	-62.0313
114.3	-61.9375
114.375	-61.9375
114.45	-62.0937
114.525	-62
114.6	-61.9688
114.675	-62
114.75	-62.1562
114.825	-62.0313
114.9	-62
114.975	-62.0313
115.05	-62.0313
115.125	-62.0625
115.2	-61.9688
115.275	-62.0313
115.35	-62.125
115.425	-62
115.5	-61.9375
115.575	-61.9688
115.65	-62.125
115.725	-62.0313
115.8	-61.9062
115.875	-62.0313
115.95	-62
116.025	-62
116.1	-62.0313
116.175	-62.0313
116.25	-62.0313
116.325	-61.9688
116.4	-62.0313
116.475	-62.0625
116.55	-62
116.625	-61.875
116.7	-62
116.775	-62.0313
116.85	-61.875
116.925	-62.0625
117	-62.0313
117.075	-62
117.15	-62.0625
117.225	-61.9375
117.3	-61.9375
117.375	-62.0625
117.45	-62.0313
117.525	-62.0937
117.6	-62.0937
117.675	-62
117.75	-62.0313
117.825	-62.0625
117.9	-61.9688
117.975	-62.0625
118.05	-62.0625
118.125	-62.0313
118.2	-62.0625
118.275	-62.0625
118.35	-61.9688
118.425	-62.0625
118.5	-62.0313
118.575	-62
118.65	-62.0313
118.725	-62.0313
118.8	-62.0313
118.875	-62
118.95	-61.9375
119.025	-62.0625
119.1	-62.0313
119.175	-61.9375
119.25	-62.0937
119.325	-62.0313
119.4	-62.0313
119.475	-62.0313
119.55	-62
119.625	-62.125
119.7	-62.0313
119.775	-62.0313
119.85	-62.0313
119.925	-62.0313
120	-62.0937
120.075	-61.9688
120.15	-62.0313
120.225	-62.125
120.3	-61.9375
120.375	-61.9062
120.45	-61.9375
120.525	-62.125
120.6	-62.0625
120.675	-61.9375
120.75	-62.0937
120.825	-62.0313
120.9	-62.0313
120.975	-61.9375
121.05	-62.0313
121.125	-62.125
121.2	-62.0625
121.275	-61.9375
121.35	-61.9375
121.425	-62.1562
121.5	-62
121.575	-61.9375
121.65	-62
121.725	-62.0625
121.8	-62.0313
121.875	-62.0313
121.95	-62.0625
122.025	-62.0313
122.1	-61.9062
122.175	-62.0313
122.25	-62.0625
122.325	-62.125
122.4	-61.9688
122.475	-62.0313
122.55	-62.1562
122.625	-62.125
122.7	-62
122.775	-61.9062
122.85	-62.0937
122.925	-62.0625
123	-61.9375
123.075	-61.9375
123.15	-62.125
123.225	-62.0625
123.3	-61.875
123.375	-61.9688
123.45	-62.0937
123.525	-62.0313
123.6	-61.9688
123.675	-62.0625
123.75	-62
123.825	-62.0313
123.9	-62.0313
123.975	-62.0313
124.05	-62.0313
124.125	-61.9375
124.2	-62.0313
124.275	-62.0937
124.35	-62.0313
124.425	-61.9688
124.5	-62.0313
124.575	-62.0313
124.65	-61.9688
124.725	-61.9062
124.8	-62.0313
124.875	-61.9688
124.95	-61.9375
125.025	-61.9375
125.1	-62.0625
125.175	-61.9375
125.25	-61.9062
125.325	-62.0313
125.4	-62.0313
125.475	-62.0625
125.55	-62.0937
125.625	-62
125.7	-62.0313
125.775	-62.0313
125.85	-61.9062
125.925	-61.9688
126	-62.0313
126.075	-61.9375
126.15	-61.9688
126.225	-62.0625
126.3	-62
126.375	-62.0313
126.45	-62.0313
126.525	-62.0313
126.6	-62.0625
126.675	-62.0313
126.75	-61.9688
126.825	-62.0937
126.9	-62.0625
126.975	-61.9688
127.05	-62.0313
127.125	-62
127.2	-62.0937
127.275	-62.0625
127.35	-61.9062
127.425	-62.125
127.5	-62.0937
127.575	-62.0625
127.65	-62.0313
127.725	-62.0313
127.8	-62.2188
127.875	-62.0313
127.95	-61.9375
128.025	-62.0937
128.1	-62.0313
128.175	-62.0313
128.25	-62.0313
128.325	-62.125
128.4	-62.1562
128.475	-61.9375
128.55	-62.0313
128.625	-62.0313
128.7	-62.1562
128.775	-62.0313
128.85	-61.9375
128.925	-62.1562
129	-62.0937
129.075	-62.0937
129.15	-62
129.225	-61.9688
129.3	-62.0625
129.375	-62.0313
129.45	-61.9062
129.525	-62.1562
129.6	-62.1562
129.675	-62.0313
129.75	-61.9688
129.825	-62.0625
129.9	-62.1875
129.975	-62.0625
130.05	-62
130.125	-62.0937
130.2	-62.0313
130.275	-62
130.35	-62.0313
130.425	-62.125
130.5	-62.125
130.575	-61.9062
130.65	-62.0313
130.725	-62.1562
130.8	-62.125
130.875	-61.9375
130.95	-61.9688
131.025	-62.0937
131.1	-62.0313
131.175	-61.9062
131.25	-62
131.325	-62.0313
131.4	-62.0625
131.475	-61.9062
131.55	-61.9375
131.625	-62.0937
131.7	-61.9688
131.775	-61.9062
131.85	-61.9375
131.925	-62.0313
132	-61.9062
132.075	-61.7812
132.15	-61.9062
132.225	-61.9688
132.3	-61.9688
132.375	-61.8125
132.45	-61.9688
132.525	-62.0313
132.6	-61.875
132.675	-61.8125
132.75	-61.9062
132.825	-61.9062
132.9	-61.8125
132.975	-61.9375
133.05	-62.0313
133.125	-61.8125
133.2	-61.9375
133.275	-61.9062
133.35	-61.8125
133.425	-61.9375
133.5	-61.9688
133.575	-61.875
133.65	-61.875
133.725	-61.875
133.8	-61.7812
133.875	-61.875
133.95	-61.8437
134.025	-61.7812
134.1	-61.9375
134.175	-61.875
134.25	-61.7812
134.325	-61.875
134.4	-61.8125
134.475	-61.7188
134.55	-61.9062
134.625	-61.8125
134.7	-61.8125
134.775	-61.9375
134.85	-61.8125
134.925	-61.9062
135	-61.9062
135.075	-61.7812
135.15	-61.875
135.225	-61.875
135.3	-61.75
135.375	-61.9062
135.45	-61.8125
135.525	-61.7812
135.6	-61.9375
135.675	-61.8437
135.75	-61.9062
135.825	-61.8437
135.9	-61.8437
135.975	-62.0313
136.05	-61.8125
136.125	-61.75
136.2	-61.9062
136.275	-61.9062
136.35	-61.8125
136.425	-61.75
136.5	-61.75
136.575	-61.9062
136.65	-61.7812
136.725	-61.75
136.8	-61.9062
136.875	-61.875
136.95	-61.875
137.025	-61.7188
137.1	-61.9062
137.175	-61.875
137.25	-61.875
137.325	-61.7812
137.4	-61.8125
137.475	-61.9062
137.55	-61.8125
137.625	-61.75
137.7	-61.9062
137.775	-61.875
137.85	-61.75
137.925	-61.8437
138	-61.9375
138.075	-61.8437
138.15	-61.75
138.225	-61.8125
138.3	-61.9688
138.375	-61.9062
138.45	-61.7812
138.525	-61.75
138.6	-61.9062
138.675	-61.9688
138.75	-61.875
138.825	-61.7812
138.9	-61.875
138.975	-61.8437
139.05	-61.8437
139.125	-61.8437
139.2	-61.9688
139.275	-61.8437
139.35	-61.6875
139.425	-61.8125
139.5	-61.9375
139.575	-61.8125
139.65	-61.75
139.725	-61.8125
139.8	-61.875
139.875	-61.75
139.95	-61.8125
140.025	-61.9062
140.1	-61.8437
140.175	-61.875
140.25	-61.9062
140.325	-61.8125
140.4	-61.75
140.475	-61.9062
140.55	-61.7812
140.625	-61.75
140.7	-61.7812
140.775	-61.9375
140.85	-61.8437
140.925	-61.8125
141	-61.875
141.075	-61.9062
141.15	-61.8125
141.225	-61.9062
141.3	-62
141.375	-61.8437
141.45	-61.7812
141.525	-61.9062
141.6	-61.875
141.675	-61.7812
141.75	-61.7812
141.825	-61.9062
141.9	-61.875
141.975	-61.7812
142.05	-61.9062
142.125	-61.875
142.2	-61.7812
142.275	-61.8437
142.35	-61.875
142.425	-61.7812
142.5	-61.8437
142.575	-61.9688
142.65	-61.8125
142.725	-61.8125
142.8	-61.9688
142.875	-61.8125
142.95	-61.8437
143.025	-61.9062
143.1	-61.75
143.175	-61.875
143.25	-61.9375
143.325	-61.7812
143.4	-61.875
143.475	-61.9062
143.55	-61.9062
143.625	-61.9062
143.7	-61.7812
143.775	-61.9062
143.85	-61.9062
143.925	-61.75
144	-61.875
144.075	-61.9062
144.15	-61.9062
144.225	-61.9062
144.3	-61.8125
144.375	-61.9375
144.45	-61.9062
144.525	-61.7812
144.6	-61.8125
144.675	-61.9062
144.75	-61.9062
144.825	-61.9062
144.9	-61.75
144.975	-61.9688
145.05	-61.9062
145.125	-61.9062
145.2	-61.875
145.275	-61.7812
145.35	-62.0313
145.425	-61.75
145.5	-61.8125
145.575	-61.9062
145.65	-61.9688
145.725	-61.9062
145.8	-61.7188
145.875	-61.9688
145.95	-61.9688
146.025	-61.7812
146.1	-61.8125
146.175	-62.0313
146.25	-61.9375
146.325	-61.7812
146.4	-61.7812
146.475	-61.9688
146.55	-62
146.625	-61.875
146.7	-61.875
146.775	-61.9062
146.85	-61.8437
146.925	-61.9062
147	-61.9062
147.075	-61.9375
147.15	-61.9062
147.225	-61.8437
147.3	-61.9375
147.375	-62
147.45	-61.9062
147.525	-61.8125
147.6	-61.9688
147.675	-62.0625
147.75	-61.9375
147.825	-61.8125
147.9	-61.9688
147.975	-62
148.05	-61.9062
148.125	-61.875
148.2	-62.0313
148.275	-62
148.35	-61.875
148.425	-61.9062
148.5	-61.9688
148.575	-61.9375
148.65	-61.9375
148.725	-61.9375
148.8	-61.9375
148.875	-61.9062
148.95	-61.875
149.025	-61.9688
149.1	-61.8437
149.175	-61.9062
149.25	-61.9688
149.325	-61.875
149.4	-61.8437
149.475	-61.9062
149.55	-61.9688
149.625	-61.9062
149.7	-61.9062
149.775	-61.9375
149.85	-62
149.925	-61.9062
150	-61.9375
150.075	-62.0313
150.15	-61.9688
150.225	-61.875
150.3	-62.0313
150.375	-62.0313
150.45	-61.9062
150.525	-62
150.6	-62
150.675	-61.9062
150.75	-62.0313
150.825	-62.0313
150.9	-61.9375
150.975	-61.9375
151.05	-61.9375
151.125	-61.875
151.2	-61.9375
151.275	-61.9375
151.35	-61.9375
151.425	-62.0625
151.5	-61.9375
151.575	-62
151.65	-62.0313
151.725	-61.9688
151.8	-62.0313
151.875	-61.9688
151.95	-61.9688
152.025	-62.0313
152.1	-61.9062
152.175	-61.9375
152.25	-62.0937
152.325	-61.9688
152.4	-61.9688
152.475	-62
152.55	-61.9688
152.625	-62.0625
152.7	-61.9688
152.775	-61.9688
152.85	-62.1562
152.925	-62.0625
153	-61.9688
153.075	-61.9688
153.15	-62
153.225	-62.125
153.3	-61.9062
153.375	-61.9688
153.45	-62.0625
153.525	-61.9375
153.6	-62
153.675	-61.875
153.75	-62.125
153.825	-62.0625
153.9	-62.0625
153.975	-61.9062
154.05	-62.0625
154.125	-62.0313
154.2	-61.8437
154.275	-62.0313
154.35	-62
154.425	-61.9375
154.5	-61.875
154.575	-62
154.65	-62
154.725	-62.0313
154.8	-62.0313
154.875	-62.0313
154.95	-62.0937
155.025	-61.9688
155.1	-61.9062
155.175	-61.9375
155.25	-62.0937
155.325	-62.125
155.4	-62.0313
155.475	-61.9688
155.55	-62.0625
155.625	-62
155.7	-61.9375
155.775	-62
155.85	-62.0313
155.925	-61.875
156	-62.0313
156.075	-62.0313
156.15	-61.9688
156.225	-61.9688
156.3	-62.0313
156.375	-62.0937
156.45	-62.0313
156.525	-61.9375
156.6	-62
156.675	-62.0313
156.75	-62.0313
156.825	-62
156.9	-62.0313
156.975	-62.0937
157.05	-61.9688
157.125	-62
157.2	-62.0625
157.275	-62.0313
157.35	-62.0313
157.425	-62.0625
157.5	-62.0937
157.575	-62.0313
157.65	-62.0625
157.725	-62.0313
157.8	-62.0937
157.875	-62
157.95	-62.0937
158.025	-62
158.1	-61.9062
158.175	-62.0937
158.25	-62.0625
158.325	-61.9062
158.4	-62.0313
158.475	-62
158.55	-61.9375
158.625	-61.9375
158.7	-62.0313
158.775	-61.9062
158.85	-62.0313
158.925	-61.9688
159	-61.875
159.075	-61.8125
159.15	-61.9375
159.225	-61.9375
159.3	-61.9062
159.375	-61.9375
159.45	-61.8125
159.525	-61.8437
159.6	-61.9375
159.675	-61.8125
159.75	-61.9375
159.825	-61.875
159.9	-61.9375
159.975	-61.9375
160.05	-61.875
160.125	-61.9688
160.2	-61.9062
160.275	-61.8125
160.35	-61.9688
160.425	-61.9062
160.5	-61.9062
160.575	-61.875
160.65	-61.7812
160.725	-61.875
160.8	-61.9062
160.875	-61.75
160.95	-61.9062
161.025	-62.0313
161.1	-61.9375
161.175	-61.875
161.25	-61.7812
161.325	-61.9375
161.4	-61.8437
161.475	-61.7188
161.55	-61.8125
161.625	-61.8125
161.7	-61.875
161.775	-61.75
161.85	-61.8125
161.925	-61.9062
162	-61.7812
162.075	-61.7188
162.15	-61.6563
162.225	-61.9688
162.3	-61.7812
162.375	-61.625
162.45	-61.75
162.525	-61.8437
162.6	-61.75
162.675	-61.7188
162.75	-61.75
162.825	-61.7812
162.9	-61.7812
162.975	-61.7188
163.05	-61.7812
163.125	-61.8125
163.2	-61.75
163.275	-61.7188
163.35	-61.8125
163.425	-61.9375
163.5	-61.8125
163.575	-61.625
163.65	-61.6875
163.725	-61.8437
163.8	-61.7812
163.875	-61.6875
163.95	-61.7812
164.025	-61.9062
164.1	-61.9062
164.175	-61.7812
164.25	-61.7188
164.325	-61.8437
164.4	-61.7812
164.475	-61.7812
164.55	-61.8437
164.625	-61.8125
164.7	-61.8437
164.775	-61.7812
164.85	-61.7812
164.925	-61.75
165	-61.7188
165.075	-61.8125
165.15	-61.9062
165.225	-61.75
165.3	-61.8125
165.375	-61.8125
165.45	-61.7812
165.525	-61.6875
165.6	-61.7812
165.675	-61.8125
165.75	-61.7812
165.825	-61.9062
165.9	-61.7812
165.975	-61.7188
166.05	-61.75
166.125	-61.8125
166.2	-61.7188
166.275	-61.7188
166.35	-61.8437
166.425	-61.8437
166.5	-61.75
166.575	-61.7188
166.65	-61.8437
166.725	-61.7188
166.8	-61.7812
166.875	-61.875
166.95	-61.875
167.025	-61.75
167.1	-61.8437
167.175	-61.7812
167.25	-61.7188
167.325	-61.8437
167.4	-61.8437
167.475	-61.6875
167.55	-61.7812
167.625	-61.7812
167.7	-61.75
167.775	-61.8437
167.85	-61.7812
167.925	-61.6563
168	-61.8125
168.075	-61.8125
168.15	-61.75
168.225	-61.7812
168.3	-61.7812
168.375	-61.8437
168.45	-61.7812
168.525	-61.6875
168.6	-61.7812
168.675	-61.7812
168.75	-61.5937
168.825	-61.7812
168.9	-61.7812
168.975	-61.625
169.05	-61.6875
169.125	-61.625
169.2	-61.6563
169.275	-61.6563
169.35	-61.5312
169.425	-61.6563
169.5	-61.5937
169.575	-61.5
169.65	-61.5625
169.725	-61.5312
169.8	-61.7812
169.875	-61.5625
169.95	-61.375
170.025	-61.5312
170.1	-61.5625
170.175	-61.5937
170.25	-61.4063
170.325	-61.5312
170.4	-61.5937
170.475	-61.5312
170.55	-61.4375
170.625	-61.4375
170.7	-61.5937
170.775	-61.4688
170.85	-61.4375
170.925	-61.4063
171	-61.4688
171.075	-61.4688
171.15	-61.4375
171.225	-61.4375
171.3	-61.5
171.375	-61.4688
171.45	-61.375
171.525	-61.4688
171.6	-61.4375
171.675	-61.3125
171.75	-61.2812
171.825	-61.4688
171.9	-61.4688
171.975	-61.3125
172.05	-61.2812
172.125	-61.3438
172.2	-61.5
172.275	-61.375
172.35	-61.3125
172.425	-61.3438
172.5	-61.4688
172.575	-61.375
172.65	-61.3438
172.725	-61.3438
172.8	-61.4063
172.875	-61.4063
172.95	-61.3125
173.025	-61.375
173.1	-61.4063
173.175	-61.4063
173.25	-61.3125
173.325	-61.2812
173.4	-61.4375
173.475	-61.375
173.55	-61.2812
173.625	-61.2812
173.7	-61.4063
173.775	-61.2812
173.85	-61.25
173.925	-61.4063
174	-61.4063
174.075	-61.3438
174.15	-61.2812
174.225	-61.375
174.3	-61.3125
174.375	-61.2812
174.45	-61.25
174.525	-61.375
174.6	-61.3125
174.675	-61.25
174.75	-61.4063
174.825	-61.375
174.9	-61.3438
174.975	-61.3438
175.05	-61.3438
175.125	-61.25
175.2	-61.3438
175.275	-61.375
175.35	-61.2187
175.425	-61.3438
175.5	-61.2812
175.575	-61.25
175.65	-61.3125
175.725	-61.375
175.8	-61.2187
175.875	-61.3125
175.95	-61.25
176.025	-61.2187
176.1	-61.2812
176.175	-61.3125
176.25	-61.25
176.325	-61.3438
176.4	-61.25
176.475	-61.25
176.55	-61.25
176.625	-61.1875
176.7	-61.2812
176.775	-61.3438
176.85	-61.1875
176.925	-61.2812
177	-61.2812
177.075	-61.25
177.15	-61.2812
177.225	-61.1875
177.3	-61.2812
177.375	-61.3438
177.45	-61.1875
177.525	-61.2812
177.6	-61.2812
177.675	-61.3125
177.75	-61.3125
177.825	-61.125
177.9	-61.3125
177.975	-61.3438
178.05	-61.1563
178.125	-61.1563
178.2	-61.1563
178.275	-61.4063
178.35	-61.25
178.425	-61.1875
178.5	-61.3125
178.575	-61.2187
178.65	-61.3125
178.725	-61.1563
178.8	-61.2187
178.875	-61.2812
178.95	-61.125
179.025	-61.2187
179.1	-61.125
179.175	-61.3125
179.25	-61.1875
179.325	-61.0938
179.4	-61.25
179.475	-61.3438
179.55	-61.1563
179.625	-61.0938
179.7	-61.25
179.775	-61.2812
179.85	-61.1563
179.925	-61.0625
180	-61.125
180.075	-61.2187
180.15	-61.2187
180.225	-61.2187
180.3	-61.25
180.375	-61.1875
180.45	-61.0625
180.525	-61.125
180.6	-61.2812
180.675	-61.2187
180.75	-61
180.825	-61.125
180.9	-61.2812
180.975	-61.1563
181.05	-61
181.125	-61.125
181.2	-61.25
181.275	-61.1563
181.35	-61.0625
181.425	-61.125
181.5	-61.1875
181.575	-61.1563
181.65	-61.0938
181.725	-61.1563
181.8	-61.1563
181.875	-61.125
181.95	-61.1563
182.025	-61.125
182.1	-61.125
182.175	-61.0938
182.25	-61.125
182.325	-61.1875
182.4	-61.125
182.475	-61.1875
182.55	-61.1563
182.625	-61.0625
182.7	-61.0938
182.775	-61.2187
182.85	-61.0938
182.925	-61.0625
183	-61.1563
183.075	-61.1875
183.15	-61.0625
183.225	-61.125
183.3	-61.2187
183.375	-61.125
183.45	-61.0312
183.525	-61.2187
183.6	-61.125
183.675	-61.125
183.75	-61.1563
183.825	-61.125
183.9	-61.0312
183.975	-61.2187
184.05	-61.125
184.125	-61.0625
184.2	-61.1875
184.275	-61.1563
184.35	-61.125
184.425	-61.2187
184.5	-61.0625
184.575	-61
184.65	-61.1875
184.725	-61.0938
184.8	-61.1563
184.875	-61.0938
184.95	-61.0938
185.025	-61.2187
185.1	-61.1875
185.175	-61.0938
185.25	-61.2187
185.325	-61.1563
185.4	-61
185.475	-61.1563
185.55	-61.125
185.625	-61.0938
185.7	-61.1875
185.775	-61.1563
185.85	-61.2187
185.925	-61.2187
186	-61
186.075	-61.25
186.15	-61.25
186.225	-61.1563
186.3	-61.1563
186.375	-61.0938
186.45	-61.2812
186.525	-61.1875
186.6	-61.0625
186.675	-61.1875
186.75	-61.2187
186.825	-61.2187
186.9	-61
186.975	-61.1875
187.05	-61.2187
187.125	-61.1563
187.2	-61.125
187.275	-61.1563
187.35	-61.25
187.425	-61.125
187.5	-61.1563
187.575	-61.2187
187.65	-61.1875
187.725	-61.2187
187.8	-61.0938
187.875	-61.125
187.95	-61.1563
188.025	-61.1875
188.1	-61.1563
188.175	-61.2187
188.25	-61.2187
188.325	-61.125
188.4	-61.125
188.475	-61.25
188.55	-61.3438
188.625	-61.1563
188.7	-61.125
188.775	-61.25
188.85	-61.3438
188.925	-61.2187
189	-61.1563
189.075	-61.1875
189.15	-61.25
189.225	-61.25
189.3	-61.25
189.375	-61.1875
189.45	-61.25
189.525	-61.2812
189.6	-61.1875
189.675	-61.2812
189.75	-61.3438
189.825	-61.2187
189.9	-61.1563
189.975	-61.25
190.05	-61.3125
190.125	-61.2187
190.2	-61.1875
190.275	-61.2812
190.35	-61.2812
190.425	-61.125
190.5	-61.1875
190.575	-61.3438
190.65	-61.2812
190.725	-61.1563
190.8	-61.2812
190.875	-61.3438
190.95	-61.2187
191.025	-61.125
191.1	-61.25
191.175	-61.375
191.25	-61.1875
191.325	-61.125
191.4	-61.2812
191.475	-61.2187
191.55	-61.1875
191.625	-61.3125
191.7	-61.3125
191.775	-61.2187
191.85	-61.25
191.925	-61.2187
192	-61.1563
192.075	-61.3125
192.15	-61.3125
192.225	-61.2187
192.3	-61.3438
192.375	-61.25
192.45	-61.2187
192.525	-61.4063
192.6	-61.2812
192.675	-61.2187
192.75	-61.2812
192.825	-61.3438
192.9	-61.25
192.975	-61.3125
193.05	-61.3438
193.125	-61.3125
193.2	-61.4063
193.275	-61.3125
193.35	-61.2812
193.425	-61.4063
193.5	-61.25
193.575	-61.25
193.65	-61.4063
193.725	-61.25
193.8	-61.375
193.875	-61.3438
193.95	-61.3125
194.025	-61.4688
194.1	-61.25
194.175	-61.3125
194.25	-61.375
194.325	-61.2812
194.4	-61.4063
194.475	-61.25
194.55	-61.4063
194.625	-61.4063
194.7	-61.25
194.775	-61.3125
194.85	-61.2812
194.925	-61.375
195	-61.2812
195.075	-61.2812
195.15	-61.4375
195.225	-61.4063
195.3	-61.4063
195.375	-61.2812
195.45	-61.4375
195.525	-61.4375
195.6	-61.25
195.675	-61.4063
195.75	-61.3438
195.825	-61.4688
195.9	-61.2812
195.975	-61.2187
196.05	-61.4375
196.125	-61.4375
196.2	-61.2812
196.275	-61.25
196.35	-61.4688
196.425	-61.5
196.5	-61.3125
196.575	-61.3125
196.65	-61.4063
196.725	-61.4063
196.8	-61.375
196.875	-61.375
196.95	-61.4375
197.025	-61.375
197.1	-61.2187
197.175	-61.375
197.25	-61.5312
197.325	-61.4063
197.4	-61.2812
197.475	-61.4063
197.55	-61.5
197.625	-61.4375
197.7	-61.3125
197.775	-61.4375
197.85	-61.5
197.925	-61.375
198	-61.25
198.075	-61.4063
198.15	-61.5312
198.225	-61.4063
198.3	-61.375
198.375	-61.4688
198.45	-61.5
198.525	-61.375
198.6	-61.4375
198.675	-61.4375
198.75	-61.4375
198.825	-61.4375
198.9	-61.4375
198.975	-61.4375
199.05	-61.375
199.125	-61.4688
199.2	-61.375
199.275	-61.375
199.35	-61.4688
199.425	-61.4063
199.5	-61.2812
199.575	-61.375
199.65	-61.4375
199.725	-61.375
199.8	-61.3438
199.875	-61.4375
199.95	-61.4688
200.025	-61.3125
200.1	-61.375
200.175	-61.4063
200.25	-61.3438
200.325	-61.3438
200.4	-61.5
200.475	-61.375
200.55	-61.2812
200.625	-61.4063
200.7	-61.375
200.775	-61.2812
200.85	-61.5
200.925	-61.4375
201	-61.4688
201.075	-61.4688
201.15	-61.4375
201.225	-61.3438
201.3	-61.4688
201.375	-61.4063
201.45	-61.2812
201.525	-61.4375
201.6	-61.5312
201.675	-61.375
201.75	-61.4375
201.825	-61.4375
201.9	-61.4063
201.975	-61.4688
202.05	-61.3438
202.125	-61.4063
202.2	-61.5
202.275	-61.3438
202.35	-61.375
202.425	-61.375
202.5	-61.4063
202.575	-61.5312
202.65	-61.375
202.725	-61.5
202.8	-61.5312
202.875	-61.3438
202.95	-61.4375
203.025	-61.4375
203.1	-61.5
203.175	-61.4063
203.25	-61.4375
203.325	-61.5312
203.4	-61.4063
203.475	-61.4375
203.55	-61.3438
203.625	-61.5312
203.7	-61.5625
203.775	-61.4063
203.85	-61.4063
203.925	-61.4375
204	-61.625
204.075	-61.375
204.15	-61.4375
204.225	-61.5
204.3	-61.4688
204.375	-61.4063
204.45	-61.4375
204.525	-61.5937
204.6	-61.5312
204.675	-61.375
204.75	-61.4688
204.825	-61.5312
204.9	-61.5
204.975	-61.4063
205.05	-61.4063
205.125	-61.5937
205.2	-61.5312
205.275	-61.4375
205.35	-61.4688
205.425	-61.5312
205.5	-61.5312
205.575	-61.4688
205.65	-61.5
205.725	-61.5937
205.8	-61.4688
205.875	-61.5
205.95	-61.5625
206.025	-61.5937
206.1	-61.4375
206.175	-61.4063
206.25	-61.5312
206.325	-61.5625
206.4	-61.4688
206.475	-61.5312
206.55	-61.625
206.625	-61.5625
206.7	-61.4375
206.775	-61.4688
206.85	-61.5312
206.925	-61.5312
207	-61.4688
207.075	-61.5312
207.15	-61.5312
207.225	-61.5
207.3	-61.5937
207.375	-61.5
207.45	-61.5312
207.525	-61.5625
207.6	-61.6563
207.675	-61.5625
207.75	-61.5312
207.825	-61.5937
207.9	-61.6563
207.975	-61.5
208.05	-61.5937
208.125	-61.625
208.2	-61.5312
208.275	-61.5312
208.35	-61.5625
208.425	-61.5312
208.5	-61.5
208.575	-61.5625
208.65	-61.5625
208.725	-61.5312
208.8	-61.625
208.875	-61.5
208.95	-61.5312
209.025	-61.625
209.1	-61.5625
209.175	-61.5937
209.25	-61.5625
209.325	-61.5312
209.4	-61.5625
209.475	-61.625
209.55	-61.5312
209.625	-61.5937
209.7	-61.6875
209.775	-61.5625
209.85	-61.625
209.925	-61.625
210	-61.5937
210.075	-61.7188
210.15	-61.5625
210.225	-61.5937
210.3	-61.6563
210.375	-61.5625
210.45	-61.5625
210.525	-61.625
210.6	-61.5312
210.675	-61.6563
210.75	-61.5312
210.825	-61.6563
210.9	-61.7188
210.975	-61.5937
211.05	-61.5625
211.125	-61.5937
211.2	-61.5937
211.275	-61.7812
211.35	-61.5312
211.425	-61.5937
211.5	-61.7812
211.575	-61.6563
211.65	-61.625
211.725	-61.5937
211.8	-61.7188
211.875	-61.6875
211.95	-61.5312
212.025	-61.625
212.1	-61.6563
212.175	-61.625
212.25	-61.6563
212.325	-61.5937
212.4	-61.8437
212.475	-61.7188
212.55	-61.625
212.625	-61.7188
212.7	-61.7812
212.775	-61.6563
212.85	-61.6875
212.925	-61.7812
213	-61.75
213.075	-61.5937
213.15	-61.5937
213.225	-61.7812
213.3	-61.8437
213.375	-61.7188
213.45	-61.5625
213.525	-61.6563
213.6	-61.8125
213.675	-61.8125
213.75	-61.7188
213.825	-61.75
213.9	-61.75
213.975	-61.6875
214.05	-61.7188
214.125	-61.7188
214.2	-61.7812
214.275	-61.7812
214.35	-61.7812
214.425	-61.8437
214.5	-61.7812
214.575	-61.75
214.65	-61.7812
214.725	-61.7812
214.8	-61.75
214.875	-61.7812
214.95	-61.8125
215.025	-61.7812
215.1	-62.125
215.175	-62.5625
215.25	-62.7813
215.325	-62.875
215.4	-62.9063
215.475	-63.0312
215.55	-62.9688
215.625	-63.0312
215.7	-63.125
215.775	-63.1562
215.85	-63.1875
215.925	-63.2188
216	-63.375
216.075	-63.3437
216.15	-63.2813
216.225	-63.4687
216.3	-63.4375
216.375	-63.4375
216.45	-63.4687
216.525	-63.625
216.6	-63.5312
216.675	-63.5312
216.75	-63.625
216.825	-63.625
216.9	-63.6875
216.975	-63.7812
217.05	-63.7188
217.125	-63.75
217.2	-63.875
217.275	-63.9063
217.35	-63.9063
217.425	-64
217.5	-63.9375
217.575	-64
217.65	-64
217.725	-64
217.8	-64.0313
217.875	-64.125
217.95	-64.0625
218.025	-64.2188
218.1	-64.125
218.175	-64.1562
218.25	-64.3125
218.325	-64.25
218.4	-64.25
218.475	-64.3438
218.55	-64.25
218.625	-64.4063
218.7	-64.375
218.775	-64.375
218.85	-64.4687
218.925	-64.375
219	-64.4375
219.075	-64.5313
219.15	-64.4687
219.225	-64.5937
219.3	-64.5313
219.375	-64.6563
219.45	-64.625
219.525	-64.5
219.6	-64.6563
219.675	-64.75
219.75	-64.6563
219.825	-64.6875
219.9	-64.5937
219.975	-64.8125
220.05	-64.75
220.125	-64.75
220.2	-64.7812
220.275	-64.9062
220.35	-64.9375
220.425	-64.7812
220.5	-65
220.575	-65
220.65	-64.9375
220.725	-64.9062
220.8	-64.9687
220.875	-65.0625
220.95	-65
221.025	-65
221.1	-65.1563
221.175	-65.2187
221.25	-65.0937
221.325	-65.125
221.4	-65.2187
221.475	-65.25
221.55	-65.1563
221.625	-65.125
221.7	-65.2812
221.775	-65.4062
221.85	-65.2812
221.925	-65.25
222	-65.3125
222.075	-65.4375
222.15	-65.4062
222.225	-65.4375
222.3	-65.4062
222.375	-65.5
222.45	-65.5
222.525	-65.4688
222.6	-65.4375
222.675	-65.5312
222.75	-65.5
222.825	-65.5
222.9	-65.5625
222.975	-65.6563
223.05	-65.6563
223.125	-65.5312
223.2	-65.625
223.275	-65.6875
223.35	-65.7187
223.425	-65.625
223.5	-65.7813
223.575	-65.7813
223.65	-65.75
223.725	-65.7187
223.8	-65.875
223.875	-65.9062
223.95	-65.7813
224.025	-65.9062
224.1	-66
224.175	-65.9375
224.25	-65.9062
224.325	-65.9688
224.4	-65.9688
224.475	-65.9375
224.55	-65.9375
224.625	-66
224.7	-66
224.775	-65.9375
224.85	-66.1563
224.925	-66
225	-66.0938
225.075	-66.1563
225.15	-66.0625
225.225	-66.0938
225.3	-66.2187
225.375	-66.125
225.45	-66.0938
225.525	-66.25
225.6	-66.1875
225.675	-66.125
225.75	-66.2813
225.825	-66.3125
225.9	-66.2813
225.975	-66.3437
226.05	-66.25
226.125	-66.375
226.2	-66.4063
226.275	-66.25
226.35	-66.4375
226.425	-66.4063
226.5	-66.4063
226.575	-66.4688
226.65	-66.4375
226.725	-66.375
226.8	-66.4688
226.875	-66.4375
226.95	-66.5
227.025	-66.5625
227.1	-66.5312
227.175	-66.6562
227.25	-66.625
227.325	-66.5938
227.4	-66.5938
227.475	-66.5
227.55	-66.8125
227.625	-66.7187
227.7	-66.625
227.775	-66.7187
227.85	-66.7187
227.925	-66.75
228	-66.625
228.075	-66.7813
228.15	-66.9063
228.225	-66.6875
228.3	-66.75
228.375	-66.7813
228.45	-66.9687
228.525	-66.875
228.6	-66.7813
228.675	-66.9687
228.75	-66.9375
228.825	-66.9687
228.9	-66.7813
228.975	-66.9687
229.05	-66.9687
229.125	-66.8125
229.2	-66.9063
229.275	-66.9375
229.35	-67
229.425	-67
229.5	-66.9687
229.575	-67.0312
229.65	-67.0625
229.725	-67.0625
229.8	-67
229.875	-67
229.95	-67.0625
230.025	-67.0312
230.1	-67.0625
230.175	-67.1562
230.25	-67.1875
230.325	-67.0625
230.4	-67.0938
230.475	-67.1875
230.55	-67.2188
230.625	-67.125
230.7	-67.1562
230.775	-67.3125
230.85	-67.4063
230.925	-67.1875
231	-67.1875
231.075	-67.375
231.15	-67.3437
231.225	-67.1875
231.3	-67.3125
231.375	-67.4687
231.45	-67.375
231.525	-67.25
231.6	-67.4063
231.675	-67.4687
231.75	-67.3437
231.825	-67.375
231.9	-67.4063
231.975	-67.4687
232.05	-67.3437
232.125	-67.4687
232.2	-67.5
232.275	-67.5
232.35	-67.4375
232.425	-67.5313
232.5	-67.5
232.575	-67.5313
232.65	-67.5313
232.725	-67.5938
232.8	-67.5313
232.875	-67.5625
232.95	-67.625
233.025	-67.6562
233.1	-67.5625
233.175	-67.6562
233.25	-67.5625
233.325	-67.5313
233.4	-67.6562
233.475	-67.75
233.55	-67.6562
233.625	-67.6562
233.7	-67.75
233.775	-67.7188
233.85	-67.625
233.925	-67.75
234	-67.7188
234.075	-67.625
234.15	-67.8438
234.225	-67.7812
234.3	-67.8125
234.375	-67.7812
234.45	-67.7812
234.525	-67.8438
234.6	-67.8125
234.675	-67.75
234.75	-67.8125
234.825	-67.8438
234.9	-67.7812
234.975	-67.8125
235.05	-67.8438
235.125	-67.75
235.2	-67.8438
235.275	-67.7812
235.35	-67.9375
235.425	-67.9375
235.5	-67.8438
235.575	-67.9375
235.65	-67.9687
235.725	-68
235.8	-67.9687
235.875	-67.8438
235.95	-68.0313
236.025	-68
236.1	-68
236.175	-67.9375
236.25	-67.9375
236.325	-68.1875
236.4	-68
236.475	-68
236.55	-68.0313
236.625	-68
236.7	-68
236.775	-67.9375
236.85	-68.1562
236.925	-68.125
237	-68.125
237.075	-67.9375
237.15	-68.1875
237.225	-68.2188
237.3	-68.1875
237.375	-68
237.45	-68.125
237.525	-68.2812
237.6	-68
237.675	-68.1562
237.75	-68.3125
237.825	-68.25
237.9	-68.125
237.975	-68.2188
238.05	-68.25
238.125	-68.25
238.2	-68.1562
238.275	-68.0937
238.35	-68.3438
238.425	-68.375
238.5	-68.2812
238.575	-68.2188
238.65	-68.2812
238.725	-68.375
238.8	-68.3438
238.875	-68.2812
238.95	-68.375
239.025	-68.4062
239.1	-68.25
239.175	-68.3125
239.25	-68.5
239.325	-68.4375
239.4	-68.4062
239.475	-68.4062
239.55	-68.5
239.625	-68.4062
239.7	-68.375
239.775	-68.4375
239.85	-68.5
239.925	-68.5
240	-68.4687
240.075	-68.5
240.15	-68.5313
240.225	-68.625
240.3	-68.5
240.375	-68.4687
240.45	-68.5
240.525	-68.6563
240.6	-68.4687
240.675	-68.5
240.75	-68.6563
240.825	-68.625
240.9	-68.5
240.975	-68.5625
241.05	-68.7187
241.125	-68.625
241.2	-68.5313
241.275	-68.6563
241.35	-68.6563
241.425	-68.5
241.5	-68.6563
241.575	-68.6875
241.65	-68.5937
241.725	-68.7187
241.8	-68.6875
241.875	-68.5937
241.95	-68.6563
242.025	-68.7812
242.1	-68.7187
242.175	-68.5937
242.25	-68.6875
242.325	-68.6875
242.4	-68.625
242.475	-68.7812
242.55	-68.7187
242.625	-68.6563
242.7	-68.7812
242.775	-68.7812
242.85	-68.7187
242.925	-68.7812
243	-68.7812
243.075	-68.7187
243.15	-68.75
243.225	-68.7812
243.3	-68.75
243.375	-68.9062
243.45	-68.75
243.525	-68.8125
243.6	-68.9375
243.675	-68.75
243.75	-68.8438
243.825	-68.8438
243.9	-68.9062
243.975	-68.9062
244.05	-68.7187
244.125	-69
244.2	-68.9062
244.275	-68.9062
244.35	-68.9062
244.425	-68.875
244.5	-69
244.575	-68.875
244.65	-68.875
244.725	-68.9375
244.8	-68.9375
244.875	-68.9062
244.95	-68.8125
245.025	-69.0625
245.1	-68.9688
245.175	-69
245.25	-68.875
245.325	-69
245.4	-69
245.475	-68.9375
245.55	-68.875
245.625	-68.9688
245.7	-69.0313
245.775	-68.9375
245.85	-69.0313
245.925	-69.0625
246	-69
246.075	-69.0625
246.15	-68.9688
246.225	-69.0313
246.3	-69.0937
246.375	-69
246.45	-69
246.525	-69.0937
246.6	-69.125
246.675	-68.9688
246.75	-68.9688
246.825	-69.1563
246.9	-69.125
246.975	-69.0313
247.05	-68.9688
247.125	-69.0937
247.2	-69.1563
247.275	-69.125
247.35	-69.0937
247.425	-69.125
247.5	-69.0937
247.575	-69.0937
247.65	-69.1563
247.725	-69.1875
247.8	-69.0937
247.875	-69.0625
247.95	-69.125
248.025	-69.125
248.1	-69.1563
248.175	-69.125
248.25	-69.2187
248.325	-69.1875
248.4	-69.1875
248.475	-69.2187
248.55	-69.1563
248.625	-69.1875
248.7	-69.25
248.775	-69.1563
248.85	-69.1563
248.925	-69.25
249	-69.2813
249.075	-69.125
249.15	-69.25
249.225	-69.2813
249.3	-69.2187
249.375	-69.125
249.45	-69.3125
249.525	-69.2813
249.6	-69.2187
249.675	-69.25
249.75	-69.2813
249.825	-69.25
249.9	-69.3125
249.975	-69.4062
250.05	-69.3125
250.125	-69.375
250.2	-69.3438
250.275	-69.3125
250.35	-69.2813
250.425	-69.4062
250.5	-69.2813
250.575	-69.3125
250.65	-69.375
250.725	-69.3125
250.8	-69.375
250.875	-69.375
250.95	-69.25
251.025	-69.375
251.1	-69.375
251.175	-69.375
251.25	-69.4688
251.325	-69.3438
251.4	-69.4062
251.475	-69.5
251.55	-69.4062
251.625	-69.4375
251.7	-69.4375
251.775	-69.3125
251.85	-69.4688
251.925	-69.375
252	-69.4688
252.075	-69.5312
252.15	-69.375
252.225	-69.4688
252.3	-69.5
252.375	-69.4375
252.45	-69.5
252.525	-69.4062
252.6	-69.5312
252.675	-69.5312
252.75	-69.4062
252.825	-69.5
252.9	-69.5312
252.975	-69.5
253.05	-69.5
253.125	-69.4062
253.2	-69.5625
253.275	-69.5312
253.35	-69.5
253.425	-69.5
253.5	-69.4688
253.575	-69.6563
253.65	-69.375
253.725	-69.5
253.8	-69.5312
253.875	-69.5625
253.95	-69.4375
254.025	-69.375
254.1	-69.625
254.175	-69.5312
254.25	-69.5312
254.325	-69.5
254.4	-69.5312
254.475	-69.5625
254.55	-69.5625
254.625	-69.5312
254.7	-69.5312
254.775	-69.6563
254.85	-69.5312
254.925	-69.5312
255	-69.6875
255.075	-69.5312
255.15	-69.375
255.225	-69.5312
255.3	-69.7187
255.375	-69.5937
255.45	-69.4375
255.525	-69.4062
255.6	-69.5625
255.675	-69.5312
255.75	-69.4688
255.825	-69.5
255.9	-69.5625
255.975	-69.5937
256.05	-69.5625
256.125	-69.5312
256.2	-69.625
256.275	-69.625
256.35	-69.5
256.425	-69.5312
256.5	-69.5937
256.575	-69.5625
256.65	-69.4375
256.725	-69.5312
256.8	-69.625
256.875	-69.5937
256.95	-69.5
257.025	-69.5625
257.1	-69.625
257.175	-69.5312
257.25	-69.5625
257.325	-69.6563
257.4	-69.5625
257.475	-69.5
257.55	-69.625
257.625	-69.5625
257.7	-69.5625
257.775	-69.6563
257.85	-69.5625
257.925	-69.5937
258	-69.6563
258.075	-69.5625
258.15	-69.5312
258.225	-69.7187
258.3	-69.6563
258.375	-69.5937
258.45	-69.625
258.525	-69.75
258.6	-69.6563
258.675	-69.5937
258.75	-69.75
258.825	-69.6563
258.9	-69.5625
258.975	-69.6875
259.05	-69.7187
259.125	-69.5937
259.2	-69.6875
259.275	-69.625
259.35	-69.5312
259.425	-69.7187
259.5	-69.625
259.575	-69.5937
259.65	-69.75
259.725	-69.6875
259.8	-69.6875
259.875	-69.7813
259.95	-69.5937
260.025	-69.6875
260.1	-69.625
260.175	-69.625
260.25	-69.7187
260.325	-69.5937
260.4	-69.6875
260.475	-69.7187
260.55	-69.6875
260.625	-69.6875
260.7	-69.6563
260.775	-69.8125
260.85	-69.7187
260.925	-69.625
261	-69.6875
261.075	-69.75
261.15	-69.7813
261.225	-69.7187
261.3	-69.625
261.375	-69.8125
261.45	-69.6875
261.525	-69.6875
261.6	-69.625
261.675	-69.8125
261.75	-69.7813
261.825	-69.6875
261.9	-69.75
261.975	-69.7813
262.05	-69.8437
262.125	-69.6875
262.2	-69.7813
262.275	-69.7187
262.35	-69.7813
262.425	-69.75
262.5	-69.7187
262.575	-69.9375
262.65	-69.8125
262.725	-69.6563
262.8	-69.7813
262.875	-69.875
262.95	-69.8437
263.025	-69.625
263.1	-69.7813
263.175	-69.9062
263.25	-69.8125
263.325	-69.7813
263.4	-69.8125
263.475	-69.8437
263.55	-69.75
263.625	-69.8125
263.7	-69.9688
263.775	-69.875
263.85	-69.8437
263.925	-69.75
264	-69.8437
264.075	-69.875
264.15	-69.8125
264.225	-69.7187
264.3	-69.875
264.375	-69.9375
264.45	-69.7813
264.525	-69.8125
264.6	-69.9375
264.675	-69.9062
264.75	-69.7187
264.825	-69.8125
264.9	-69.875
264.975	-69.8437
265.05	-69.8125
265.125	-69.9062
265.2	-69.9688
265.275	-69.9062
265.35	-69.875
265.425	-69.9375
265.5	-69.9062
265.575	-69.8437
265.65	-69.9688
265.725	-69.875
265.8	-69.875
265.875	-69.9062
265.95	-69.9688
266.025	-69.9062
266.1	-69.875
266.175	-70.0312
266.25	-69.875
266.325	-69.8437
266.4	-69.875
266.475	-70
266.55	-69.875
266.625	-69.7813
266.7	-69.9375
266.775	-69.875
266.85	-69.875
266.925	-69.9688
267	-69.8437
267.075	-69.9375
267.15	-69.9688
267.225	-69.9688
267.3	-69.875
267.375	-69.9375
267.45	-69.9062
267.525	-69.9375
267.6	-70
267.675	-69.9375
267.75	-69.9688
267.825	-69.9688
267.9	-69.8125
267.975	-69.9062
268.05	-69.875
268.125	-69.8437
268.2	-70
268.275	-69.875
268.35	-69.9375
268.425	-70
268.5	-69.875
268.575	-69.9062
268.65	-70.0312
268.725	-69.9375
268.8	-70.0312
268.875	-70
268.95	-70.0312
269.025	-70.0625
269.1	-69.875
269.175	-70
269.25	-69.9688
269.325	-70.0625
269.4	-69.9375
269.475	-69.9062
269.55	-70.0938
269.625	-69.9375
269.7	-69.9375
269.775	-69.9375
269.85	-70
269.925	-70.0625
270	-69.9688
270.075	-70
270.15	-69.9688
270.225	-70.0312
270.3	-69.9062
270.375	-69.9688
270.45	-70.0938
270.525	-69.9375
270.6	-69.9375
270.675	-69.9375
270.75	-70.125
270.825	-70.0938
270.9	-69.9062
270.975	-70
271.05	-70.0938
271.125	-69.9375
271.2	-69.9375
271.275	-70.0312
271.35	-70.0938
271.425	-69.9688
271.5	-69.875
271.575	-70.0625
271.65	-70.1562
271.725	-70.0938
271.8	-69.9688
271.875	-70.0312
271.95	-70.0625
272.025	-70
272.1	-70
272.175	-70.1562
272.25	-70.1562
272.325	-69.9688
272.4	-69.9688
272.475	-70.0625
272.55	-70.0938
272.625	-69.9688
272.7	-69.9375
272.775	-70.125
272.85	-70.1562
272.925	-70.0312
273	-70.0625
273.075	-70.0625
273.15	-70.0312
273.225	-69.9375
273.3	-70.0625
273.375	-70.1562
273.45	-70.0938
273.525	-70.0938
273.6	-70.0625
273.675	-70.0312
273.75	-70.0938
273.825	-70.1562
273.9	-70.0625
273.975	-70.0312
274.05	-70.0625
274.125	-70.0938
274.2	-70.0938
274.275	-70
274.35	-70.125
274.425	-70.0625
274.5	-70.0312
274.575	-70.125
274.65	-70.125
274.725	-70
274.8	-70.1562
274.875	-70.125
274.95	-70
275.025	-70.125
275.1	-70.125
275.175	-70.0312
275.25	-70.1562
275.325	-70.0938
275.4	-70.0625
275.475	-70.2187
275.55	-70.125
275.625	-70.0625
275.7	-70.1875
275.775	-70.0625
275.85	-70.0938
275.925	-70.2187
276	-70
276.075	-70.0312
276.15	-70.125
276.225	-70.125
276.3	-70.1562
276.375	-70.125
276.45	-70.0625
276.525	-70.125
276.6	-70.125
276.675	-70.0625
276.75	-70.1562
276.825	-70.0312
276.9	-70.0938
276.975	-70.0938
277.05	-70.0312
277.125	-70.2187
277.2	-70.125
277.275	-70.0312
277.35	-70.1562
277.425	-70.125
277.5	-70.125
277.575	-70.0938
277.65	-70.0625
277.725	-70.25
277.8	-70.125
277.875	-70.0938
277.95	-70.1875
278.025	-70.1875
278.1	-70.2813
278.175	-70.0938
278.25	-70.2187
278.325	-70.2187
278.4	-70.125
278.475	-70.1562
278.55	-70.0938
278.625	-70.3125
278.7	-70.125
278.775	-70.0938
278.85	-70.1562
278.925	-70.25
279	-70.2187
279.075	-70.0312
279.15	-70.1875
279.225	-70.25
279.3	-70.1562
279.375	-70.1562
279.45	-70.2187
279.525	-70.2187
279.6	-70.1875
279.675	-70.125
279.75	-70.2187
279.825	-70.1562
279.9	-70.0625
279.975	-70.0312
280.05	-70.1875
280.125	-70.3437
280.2	-70.1562
280.275	-70.0625
280.35	-70.125
280.425	-70.25
280.5	-70.2187
280.575	-70.0938
280.65	-70.1562
280.725	-70.2813
280.8	-70.1875
280.875	-70.125
280.95	-70.2187
281.025	-70.25
281.1	-70.2187
281.175	-70.125
281.25	-70.1875
281.325	-70.25
281.4	-70.1875
281.475	-70.125
281.55	-70.2187
281.625	-70.2813
281.7	-70.1875
281.775	-70.125
281.85	-70.3125
281.925	-70.1875
282	-70.0938
282.075	-70.1562
282.15	-70.25
282.225	-70.1875
282.3	-70.125
282.375	-70.25
282.45	-70.1875
282.525	-70.1562
282.6	-70.2187
282.675	-70.2187
282.75	-70.1875
282.825	-70.25
282.9	-70.2813
282.975	-70.1562
283.05	-70.1875
283.125	-70.25
283.2	-70.125
283.275	-70.125
283.35	-70.2813
283.425	-70.2187
283.5	-70.1562
283.575	-70.25
283.65	-70.25
283.725	-70.1562
283.8	-70.1875
283.875	-70.2813
283.95	-70.0625
284.025	-70.2187
284.1	-70.25
284.175	-70.1562
284.25	-70.2813
284.325	-70.2813
284.4	-70.1875
284.475	-70.2813
284.55	-70.25
284.625	-70.1562
284.7	-70.25
284.775	-70.1875
284.85	-70.125
284.925	-70.25
285	-70.1875
285.075	-70.2187
285.15	-70.1875
285.225	-70.1875
285.3	-70.3125
285.375	-70.2187
285.45	-70.25
285.525	-70.2187
285.6	-70.2187
285.675	-70.25
285.75	-70.1562
285.825	-70.1875
285.9	-70.2813
285.975	-70.125
286.05	-70.1875
286.125	-70.25
286.2	-70.3125
286.275	-70.2187
286.35	-70.0312
286.425	-70.2187
286.5	-70.1562
286.575	-70.1562
286.65	-70.0625
286.725	-70.0312
286.8	-70.1875
286.875	-70.0625
286.95	-70.0625
287.025	-70.1875
287.1	-70.1875
287.175	-70.125
287.25	-69.9688
287.325	-70.125
287.4	-70.0625
287.475	-70.125
287.55	-70.0312
287.625	-70.0625
287.7	-70.1562
287.775	-70.0312
287.85	-69.9688
287.925	-70.1875
288	-70.2187
288.075	-70.0625
288.15	-69.9688
288.225	-70.0312
288.3	-70.125
288.375	-70
288.45	-69.9688
288.525	-70.0625
288.6	-70.0625
288.675	-70.0312
288.75	-70.0625
288.825	-70.125
288.9	-70.125
288.975	-69.9375
289.05	-70
289.125	-70.125
289.2	-70.0625
289.275	-70.0312
289.35	-70.0625
289.425	-70.0938
289.5	-70.0312
289.575	-70
289.65	-70
289.725	-70.0938
289.8	-70
289.875	-70.0938
289.95	-70.0625
290.025	-70.0625
290.1	-70.0938
290.175	-70.0625
290.25	-70.0938
290.325	-70.0312
290.4	-70.0625
290.475	-70.0625
290.55	-70.0938
290.625	-70.0625
290.7	-70.0938
290.775	-70.0625
290.85	-69.9062
290.925	-70.0938
291	-70.0625
291.075	-70.0625
291.15	-70
291.225	-70.1562
291.3	-70.0938
291.375	-69.9688
291.45	-70.0938
291.525	-70.125
291.6	-70.0312
291.675	-70.0625
291.75	-70.125
291.825	-70.0312
291.9	-70.0938
291.975	-70.0625
292.05	-70.0312
292.125	-70.0312
292.2	-70.125
292.275	-70.0938
292.35	-70.0938
292.425	-70.1562
292.5	-70
292.575	-69.9688
292.65	-70.0938
292.725	-70.0625
292.8	-70
292.875	-70.125
292.95	-70.0312
293.025	-70.125
293.1	-70.0938
293.175	-70.0312
293.25	-70.125
293.325	-70.0312
293.4	-70
293.475	-70.125
293.55	-70.0625
293.625	-70.0938
293.7	-70.0625
293.775	-69.9688
293.85	-70.0625
293.925	-69.9688
294	-70.125
294.075	-70.1875
294.15	-70.0625
294.225	-70.125
294.3	-70
294.375	-70.2187
294.45	-70.0312
294.525	-69.9375
294.6	-70.0625
294.675	-70.0312
294.75	-70.125
294.825	-69.9375
294.9	-70.0938
294.975	-70.1875
295.05	-70
295.125	-70.0312
295.2	-70.0938
295.275	-70.1875
295.35	-70
295.425	-70.0312
295.5	-70.0625
295.575	-70.1562
295.65	-70
295.725	-69.9688
295.8	-70.125
295.875	-70.0625
295.95	-69.9375
296.025	-69.9688
296.1	-70
296.175	-70.0938
296.25	-70
296.325	-70
296.4	-70.0312
296.475	-70.0312
296.55	-69.9062
296.625	-69.9688
296.7	-70.125
296.775	-70.0312
296.85	-69.9062
296.925	-69.9062
297	-69.9688
297.075	-70.0938
297.15	-70
297.225	-69.9375
297.3	-70.0938
297.375	-70.0312
297.45	-69.9688
297.525	-69.9688
297.6	-70.0312
297.675	-70
297.75	-69.9688
297.825	-70.0625
297.9	-70.125
297.975	-70.0625
298.05	-70.0312
298.125	-70.0625
298.2	-70.0625
298.275	-70
298.35	-70
298.425	-69.9375
298.5	-69.9688
298.575	-70.0625
298.65	-70.0312
298.725	-69.9688
298.8	-70.0625
298.875	-70.0312
298.95	-69.9375
299.025	-69.9688
299.1	-70.0625
299.175	-70.0312
299.25	-69.9062
299.325	-70.0625
299.4	-70.0625
299.475	-69.9688
299.55	-70.0312
299.625	-70.0625
299.7	-70
299.775	-70
299.85	-70.0312
299.925	-69.9688
300	-70
300.075	-70.0625
300.15	-70.0312
300.225	-69.875
300.3	-70
300.375	-69.9688
300.45	-69.9688
300.525	-70.0938
300.6	-70.0938
300.675	-69.9688
300.75	-70.0938
300.825	-70.0625
300.9	-69.9062
300.975	-70.0938
301.05	-70.0625
301.125	-70.0312
301.2	-70.0938
301.275	-70.0938
301.35	-69.9375
301.425	-70.0625
301.5	-70
301.575	-70
301.65	-70.0938
301.725	-69.9375
301.8	-70.0625
301.875	-70.0625
301.95	-69.9688
302.025	-70.0625
302.1	-69.9688
302.175	-70
302.25	-70.0938
302.325	-69.9688
302.4	-70.0312
302.475	-70.0312
302.55	-70.125
302.625	-70
302.7	-69.9062
302.775	-70.125
302.85	-70.0625
302.925	-69.9688
303	-69.9688
303.075	-69.9375
303.15	-70.125
303.225	-69.9062
303.3	-70
303.375	-70.0625
303.45	-70.0938
303.525	-70.0625
303.6	-69.9062
303.675	-70.0938
303.75	-70
303.825	-70.0312
303.9	-69.9062
303.975	-70.0938
304.05	-70.0938
304.125	-69.9062
304.2	-69.9688
304.275	-70.0625
304.35	-69.9688
304.425	-69.9688
304.5	-70.0312
304.575	-70.0625
304.65	-70
304.725	-69.875
304.8	-70.0312
304.875	-70.0625
304.95	-70
305.025	-69.9062
305.1	-69.9688
305.175	-70.0938
305.25	-70
305.325	-69.875
305.4	-69.8125
305.475	-70.0312
305.55	-70
305.625	-69.9062
305.7	-69.8125
305.775	-69.875
305.85	-69.9688
305.925	-69.8125
306	-69.7813
306.075	-69.9375
306.15	-69.9688
306.225	-69.8125
306.3	-69.8125
306.375	-69.9688
306.45	-69.875
306.525	-69.8125
306.6	-69.9062
306.675	-70.0312
306.75	-69.9375
306.825	-69.8437
306.9	-69.9062
306.975	-69.9375
307.05	-69.8437
307.125	-69.75
307.2	-69.9062
307.275	-69.9375
307.35	-69.7813
307.425	-69.8125
307.5	-69.875
307.575	-69.7813
307.65	-69.75
307.725	-69.8437
307.8	-69.8125
307.875	-69.7813
307.95	-69.8125
308.025	-69.8125
308.1	-69.75
308.175	-69.9062
308.25	-69.7813
308.325	-69.6875
308.4	-69.8125
308.475	-69.8437
308.55	-69.6875
308.625	-69.8125
308.7	-69.7813
308.775	-69.7187
308.85	-69.8125
308.925	-69.8125
309	-69.75
309.075	-69.7813
309.15	-69.7813
309.225	-69.7187
309.3	-69.75
309.375	-69.8125
309.45	-69.7813
309.525	-69.9062
309.6	-69.7813
309.675	-69.7187
309.75	-69.8125
309.825	-69.8437
309.9	-69.6875
309.975	-69.8437
310.05	-69.7813
310.125	-69.6875
310.2	-69.7813
310.275	-69.75
310.35	-69.8437
310.425	-69.8437
310.5	-69.625
310.575	-69.7813
310.65	-69.7813
310.725	-69.6875
310.8	-69.7187
310.875	-69.6563
310.95	-69.8125
311.025	-69.8125
311.1	-69.5937
311.175	-69.7813
311.25	-69.75
311.325	-69.8437
311.4	-69.6563
311.475	-69.6875
311.55	-69.7813
311.625	-69.7187
311.7	-69.75
311.775	-69.6875
311.85	-69.75
311.925	-69.7813
312	-69.6563
312.075	-69.7813
312.15	-69.6875
312.225	-69.8125
312.3	-69.5312
312.375	-69.75
312.45	-69.7813
312.525	-69.7187
312.6	-69.7813
312.675	-69.7813
312.75	-69.8125
312.825	-69.8125
312.9	-69.6563
312.975	-69.5937
313.05	-69.7187
313.125	-69.7187
313.2	-69.6875
313.275	-69.7813
313.35	-69.8437
313.425	-69.6875
313.5	-69.5
313.575	-69.75
313.65	-69.9062
313.725	-69.7813
313.8	-69.5937
313.875	-69.625
313.95	-69.8125
314.025	-69.8437
314.1	-69.625
314.175	-69.6875
314.25	-69.9062
314.325	-69.7813
314.4	-69.6563
314.475	-69.75
314.55	-69.875
314.625	-69.7813
314.7	-69.6563
314.775	-69.7813
314.85	-69.9062
314.925	-69.75
