4200 2
0	-70.2187
0.075	-70.0938
0.15	-70.125
0.225	-70.1875
0.3	-70.1562
0.375	-70.1562
0.45	-70.2187
0.525	-70.1875
0.6	-70.125
0.675	-70.125
0.75	-70.1562
0.825	-70.1562
0.9	-70.1875
0.975	-70.0938
1.05	-70.0625
1.125	-70.1562
1.2	-70.0625
1.275	-70.0938
1.35	-70.0625
1.425	-70
1.5	-70.0312
1.575	-70.0625
1.65	-70
1.725	-69.9688
1.8	-70.0312
1.875	-69.8437
1.95	-70
2.025	-69.9688
2.1	-69.875
2.175	-69.9375
2.25	-69.9375
2.325	-69.9062
2.4	-69.9375
2.475	-69.875
2.55	-69.9688
2.625	-69.9375
2.7	-69.75
2.775	-70
2.85	-69.9688
2.925	-69.875
3	-69.875
3.075	-69.7813
3.15	-70
3.225	-69.875
3.3	-69.9062
3.375	-69.8125
3.45	-69.9688
3.525	-70.0312
3.6	-69.8437
3.675	-69.9062
3.75	-69.9688
3.825	-69.875
3.9	-69.875
3.975	-69.7813
4.05	-69.9375
4.125	-69.9375
4.2	-69.75
4.275	-69.9062
4.35	-69.875
4.425	-70
4.5	-69.8125
4.575	-69.875
4.65	-69.9688
4.725	-69.8125
4.8	-69.8437
4.875	-69.8125
4.95	-69.9062
5.025	-69.9375
5.1	-69.9062
5.175	-69.9062
5.25	-69.8437
5.325	-69.9062
5.4	-69.7813
5.475	-69.9375
5.55	-70
5.625	-69.9688
5.7	-69.7813
5.775	-69.7813
5.85	-69.9375
5.925	-69.9062
6	-69.8125
6.075	-69.9062
6.15	-69.9062
6.225	-69.875
6.3	-69.9062
6.375	-69.9375
6.45	-69.9062
6.525	-69.875
6.6	-69.9062
6.675	-69.9688
6.75	-70
6.825	-69.9062
6.9	-69.875
6.975	-69.9688
7.05	-69.9062
7.125	-69.875
7.2	-69.9062
7.275	-69.875
7.35	-69.8437
7.425	-69.875
7.5	-69.875
7.575	-69.8437
7.65	-69.9062
7.725	-69.9375
7.8	-69.875
7.875	-69.7813
7.95	-69.9062
8.025	-69.9688
8.1	-69.8125
8.175	-69.9375
8.25	-69.9688
8.325	-69.9375
8.4	-69.9062
8.475	-70
8.55	-69.9062
8.625	-69.8125
8.7	-69.9375
8.775	-69.9375
8.85	-69.875
8.925	-69.875
9	-69.9062
9.075	-69.9062
9.15	-69.9375
9.225	-69.9062
9.3	-69.9062
9.375	-69.9688
9.45	-69.9375
9.525	-69.8437
9.6	-69.9375
9.675	-69.9375
9.75	-69.9062
9.825	-69.9688
9.9	-69.9688
9.975	-69.8437
10.05	-69.9375
10.125	-69.9688
10.2	-69.8437
10.275	-69.875
10.35	-69.9062
10.425	-69.9688
10.5	-69.9375
10.575	-69.9062
10.65	-69.8125
10.725	-70.0312
10.8	-69.9062
10.875	-69.7813
10.95	-69.9062
11.025	-69.9062
11.1	-69.9062
11.175	-69.9375
11.25	-69.8437
11.325	-69.9375
11.4	-69.9062
11.475	-69.8125
11.55	-69.9688
11.625	-69.9688
11.7	-69.9375
11.775	-69.9062
11.85	-69.8125
11.925	-70.0312
12	-69.875
12.075	-69.8437
12.15	-69.8125
12.225	-69.9375
12.3	-69.9688
12.375	-69.75
12.45	-69.9688
12.525	-69.9688
12.6	-69.9688
12.675	-69.8437
12.75	-69.875
12.825	-70.0312
12.9	-69.875
12.975	-69.9062
13.05	-69.9062
13.125	-69.9062
13.2	-69.9375
13.275	-69.8437
13.35	-69.8125
13.425	-70
13.5	-69.9688
13.575	-69.9062
13.65	-69.8125
13.725	-69.9062
13.8	-69.9062
13.875	-69.875
13.95	-70
14.025	-69.9375
14.1	-69.8437
14.175	-69.75
14.25	-69.875
14.325	-70
14.4	-69.8437
14.475	-69.7187
14.55	-69.9062
14.625	-70.0312
14.7	-69.8125
14.775	-69.7813
14.85	-69.875
14.925	-69.9688
15	-69.875
15.075	-69.8125
15.15	-69.9688
15.225	-70.0625
15.3	-69.875
15.375	-69.8125
15.45	-70.0312
15.525	-69.9688
15.6	-69.9375
15.675	-69.8437
15.75	-70.0312
15.825	-70.0312
15.9	-69.875
15.975	-69.9375
16.05	-70.0625
16.125	-69.9688
16.2	-69.8437
16.275	-70
16.35	-70
16.425	-70
16.5	-69.9375
16.575	-70.0625
16.65	-69.9688
16.725	-69.9688
16.8	-70
16.875	-70.0312
16.95	-69.9375
17.025	-70.0625
17.1	-69.9688
17.175	-69.875
17.25	-69.9688
17.325	-70
17.4	-69.9688
17.475	-70.0625
17.55	-70.0312
17.625	-69.9375
17.7	-70
17.775	-70.0625
17.85	-69.9688
17.925	-70.0625
18	-70.0625
18.075	-70
18.15	-70.0625
18.225	-70.0312
18.3	-69.9375
18.375	-70.0938
18.45	-70.0625
18.525	-69.9375
18.6	-70.0625
18.675	-70.0312
18.75	-70
18.825	-70.0625
18.9	-70
18.975	-70.0938
19.05	-70
19.125	-70.0312
19.2	-70.1562
19.275	-70.0625
19.35	-70.0312
19.425	-70.125
19.5	-70.125
19.575	-70.125
19.65	-70.0625
19.725	-70
19.8	-70.1875
19.875	-70.0625
19.95	-70.0312
20.025	-70.0938
20.1	-70.1562
20.175	-70.125
20.25	-69.9688
20.325	-70.0938
20.4	-70.125
20.475	-70.0312
20.55	-70.0938
20.625	-70
20.7	-70.25
20.775	-70.125
20.85	-70.0312
20.925	-70.1562
21	-70.125
21.075	-70.2187
21.15	-70
21.225	-70.125
21.3	-70.25
21.375	-70.0938
21.45	-70.0938
21.525	-70.0625
21.6	-70.1562
21.675	-70.1562
21.75	-70.0938
21.825	-70.1562
21.9	-70.0625
21.975	-70.0312
22.05	-70.0312
22.125	-70.125
22.2	-70.2187
22.275	-70.1562
22.35	-70.0625
22.425	-70.125
22.5	-70.125
22.575	-70.1875
22.65	-70.125
22.725	-70.125
22.8	-70.1875
22.875	-70.1562
22.95	-70.1562
23.025	-70.1875
23.1	-70.25
23.175	-70.25
23.25	-70.0938
23.325	-70.1562
23.4	-70.2187
23.475	-70.125
23.55	-70.125
23.625	-70.2187
23.7	-70.3125
23.775	-70.1562
23.85	-70.0938
23.925	-70.125
24	-70.25
24.075	-70.1875
24.15	-70.0938
24.225	-70.1875
24.3	-70.2187
24.375	-70.1562
24.45	-70.1875
24.525	-70.3125
24.6	-70.2813
24.675	-70.125
24.75	-70.25
24.825	-70.3125
24.9	-70.1875
24.975	-70.2187
25.05	-70.25
25.125	-70.25
25.2	-70.1875
25.275	-70.25
25.35	-70.25
25.425	-70.2813
25.5	-70.3437
25.575	-70.2187
25.65	-70.1562
25.725	-70.3125
25.8	-70.2187
25.875	-70.1875
25.95	-70.3125
26.025	-70.2813
26.1	-70.25
26.175	-70.25
26.25	-70.3437
26.325	-70.1875
26.4	-70.3437
26.475	-70.3125
26.55	-70.1875
26.625	-70.375
26.7	-70.375
26.775	-70.25
26.85	-70.3437
26.925	-70.2187
27	-70.2813
27.075	-70.3437
27.15	-70.25
27.225	-70.375
27.3	-70.375
27.375	-70.3125
27.45	-70.375
27.525	-70.3125
27.6	-70.3125
27.675	-70.375
27.75	-70.25
27.825	-70.3437
27.9	-70.2813
27.975	-70.3437
28.05	-70.3437
28.125	-70.2187
28.2	-70.3437
28.275	-70.3437
28.35	-70.2187
28.425	-70.25
28.5	-70.2187
28.575	-70.2813
28.65	-70.2813
28.725	-70.0312
28.8	-70.125
28.875	-70.25
28.95	-70
29.025	-70.0312
29.1	-69.9375
29.175	-70.125
29.25	-70
29.325	-69.9375
29.4	-70
29.475	-70.0938
29.55	-70.0312
29.625	-69.8125
29.7	-70
29.775	-70.0312
29.85	-69.8125
29.925	-69.875
30	-69.9688
30.075	-69.9375
30.15	-69.9062
30.225	-69.875
30.3	-69.9375
30.375	-69.9688
30.45	-69.8125
30.525	-69.8437
30.6	-70.0312
30.675	-70.0312
30.75	-69.9062
30.825	-69.7813
30.9	-69.7813
30.975	-70.0312
31.05	-69.9062
31.125	-69.875
31.2	-69.875
31.275	-69.8125
31.35	-69.8125
31.425	-69.8125
31.5	-69.9062
31.575	-69.8125
31.65	-69.75
31.725	-69.8437
31.8	-69.8437
31.875	-69.75
31.95	-69.8437
32.025	-69.8125
32.1	-69.7813
32.175	-69.7813
32.25	-69.8125
32.325	-69.7813
32.4	-69.7813
32.475	-69.7813
32.55	-69.7813
32.625	-69.75
32.7	-69.7813
32.775	-69.7813
32.85	-69.7813
32.925	-69.7813
33	-69.7187
33.075	-69.8125
33.15	-69.7813
33.225	-69.6563
33.3	-69.7813
33.375	-69.8437
33.45	-69.7813
33.525	-69.7187
33.6	-69.75
33.675	-69.875
33.75	-69.7187
33.825	-69.75
33.9	-69.7813
33.975	-69.7187
34.05	-69.8125
34.125	-69.875
34.2	-69.8437
34.275	-69.7813
34.35	-69.8125
34.425	-69.7813
34.5	-69.7813
34.575	-69.8437
34.65	-69.7187
34.725	-69.7813
34.8	-69.7813
34.875	-69.7813
34.95	-69.7187
35.025	-69.8125
35.1	-69.6875
35.175	-69.6875
35.25	-69.8125
35.325	-69.7813
35.4	-69.7813
35.475	-69.8125
35.55	-69.6875
35.625	-69.8125
35.7	-69.75
35.775	-69.75
35.85	-69.7813
35.925	-69.6563
36	-69.8125
36.075	-69.6875
36.15	-69.8437
36.225	-69.7187
36.3	-69.6875
36.375	-69.8437
36.45	-69.75
36.525	-69.7813
36.6	-69.7187
36.675	-69.625
36.75	-69.9062
36.825	-69.75
36.9	-69.7187
36.975	-69.8437
37.05	-69.7813
37.125	-69.8125
37.2	-69.6563
37.275	-69.7813
37.35	-69.9062
37.425	-69.6875
37.5	-69.75
37.575	-69.7813
37.65	-69.8437
37.725	-69.75
37.8	-69.625
37.875	-69.8125
37.95	-69.7187
38.025	-69.8125
38.1	-69.7187
38.175	-69.7813
38.25	-69.9062
38.325	-69.75
38.4	-69.6563
38.475	-69.7813
38.55	-69.875
38.625	-69.7813
38.7	-69.75
38.775	-69.7813
38.85	-69.75
38.925	-69.6563
39	-69.625
39.075	-69.9375
39.15	-69.9062
39.225	-69.75
39.3	-69.6563
39.375	-69.8437
39.45	-69.875
39.525	-69.7187
39.6	-69.625
39.675	-69.8437
39.75	-69.8437
39.825	-69.75
39.9	-69.5937
39.975	-69.75
40.05	-69.8437
40.125	-69.625
40.2	-69.6875
40.275	-69.7813
40.35	-69.7813
40.425	-69.6875
40.5	-69.6563
40.575	-69.7813
40.65	-69.8125
40.725	-69.6563
40.8	-69.7187
40.875	-69.7813
40.95	-69.7813
41.025	-69.6563
41.1	-69.625
41.175	-69.8125
41.25	-69.75
41.325	-69.6563
41.4	-69.7187
41.475	-69.7813
41.55	-69.6875
41.625	-69.5625
41.7	-69.7813
41.775	-69.7813
41.85	-69.5625
41.925	-69.6875
42	-69.7813
42.075	-69.6563
42.15	-69.6563
42.225	-69.75
42.3	-69.6875
42.375	-69.6563
42.45	-69.6875
42.525	-69.625
42.6	-69.625
42.675	-69.7187
42.75	-69.5625
42.825	-69.625
42.9	-69.6563
42.975	-69.5312
43.05	-69.625
43.125	-69.7813
43.2	-69.625
43.275	-69.6875
43.35	-69.625
43.425	-69.5625
43.5	-69.6875
43.575	-69.5937
43.65	-69.5937
43.725	-69.6875
43.8	-69.5625
43.875	-69.625
43.95	-69.7187
44.025	-69.625
44.1	-69.7187
44.175	-69.625
44.25	-69.5937
44.325	-69.75
44.4	-69.6563
44.475	-69.625
44.55	-69.7187
44.625	-69.625
44.7	-69.6875
44.775	-69.5625
44.85	-69.7813
44.925	-69.7813
45	-69.5312
45.075	-69.625
45.15	-69.5937
45.225	-69.7187
45.3	-69.6875
45.375	-69.5312
45.45	-69.75
45.525	-69.7187
45.6	-69.625
45.675	-69.6563
45.75	-69.625
45.825	-69.75
45.9	-69.5937
45.975	-69.6875
46.05	-69.7187
46.125	-69.7813
46.2	-69.6563
46.275	-69.5625
46.35	-69.8437
46.425	-69.7813
46.5	-69.5625
46.575	-69.6875
46.65	-69.8125
46.725	-69.7813
46.8	-69.6875
46.875	-69.7813
46.95	-69.7813
47.025	-69.7813
47.1	-69.625
47.175	-69.5937
47.25	-69.8437
47.325	-69.8125
47.4	-69.7187
47.475	-69.7187
47.55	-69.7813
47.625	-69.7187
47.7	-69.6563
47.775	-69.7813
47.85	-69.8437
47.925	-69.6875
48	-69.625
48.075	-69.7187
48.15	-69.8437
48.225	-69.7813
48.3	-69.6563
48.375	-69.7813
48.45	-69.875
48.525	-69.7813
48.6	-69.625
48.675	-69.7187
48.75	-69.875
48.825	-69.7813
48.9	-69.5625
48.975	-69.7813
49.05	-69.875
49.125	-69.7813
49.2	-69.6563
49.275	-69.7813
49.35	-69.75
49.425	-69.7187
49.5	-69.7187
49.575	-69.8125
49.65	-69.8125
49.725	-69.7813
49.8	-69.8125
49.875	-69.875
49.95	-69.8125
50.025	-69.7813
50.1	-69.7813
50.175	-69.7813
50.25	-69.8125
50.325	-69.8437
50.4	-69.7813
50.475	-69.7813
50.55	-69.9062
50.625	-69.8437
50.7	-69.7187
50.775	-69.7813
50.85	-69.8437
50.925	-69.7813
51	-69.8437
51.075	-69.8437
51.15	-69.7813
51.225	-69.75
51.3	-69.875
51.375	-69.8125
51.45	-69.7813
51.525	-69.875
51.6	-69.8437
51.675	-69.75
51.75	-69.9062
51.825	-69.8125
51.9	-69.875
51.975	-69.8437
52.05	-69.75
52.125	-69.9062
52.2	-69.8437
52.275	-69.8437
52.35	-69.875
52.425	-69.8437
52.5	-69.8437
52.575	-69.8437
52.65	-69.7813
52.725	-69.9375
52.8	-69.9688
52.875	-69.75
52.95	-69.9375
53.025	-69.9062
53.1	-70
53.175	-69.875
53.25	-69.7187
53.325	-69.9688
53.4	-69.8437
53.475	-69.875
53.55	-69.9062
53.625	-69.8437
53.7	-70.0312
53.775	-69.8125
53.85	-69.875
53.925	-69.9688
54	-69.9062
54.075	-69.9062
54.15	-69.7813
54.225	-70
54.3	-69.9062
54.375	-69.8437
54.45	-69.9375
54.525	-69.9062
54.6	-69.9688
54.675	-69.8125
54.75	-69.8437
54.825	-70.0312
54.9	-69.9375
54.975	-69.8437
55.05	-69.9375
55.125	-70.0312
55.2	-70.0312
55.275	-69.8125
55.35	-69.8437
55.425	-70.0312
55.5	-69.9688
55.575	-69.9062
55.65	-69.9375
55.725	-70.0312
55.8	-69.9688
55.875	-69.9062
55.95	-70
56.025	-70.125
56.1	-70
56.175	-69.8437
56.25	-69.9688
56.325	-70.0312
56.4	-70
56.475	-69.9062
56.55	-70.0312
56.625	-70.0312
56.7	-69.9062
56.775	-69.8125
56.85	-70
56.925	-70.0938
57	-69.9375
57.075	-69.8125
57.15	-70.0312
57.225	-70.0312
57.3	-69.9062
57.375	-69.9375
57.45	-70.0938
57.525	-70.0938
57.6	-69.9688
57.675	-70.0312
57.75	-70.0625
57.825	-70
57.9	-69.9375
57.975	-70.0625
58.05	-70
58.125	-70
58.2	-70.0625
58.275	-70
58.35	-70
58.425	-70.0625
58.5	-70.0312
58.575	-69.9375
58.65	-70.125
58.725	-70.0938
58.8	-69.9688
58.875	-70.0625
58.95	-70.0938
59.025	-70
59.1	-70.0938
59.175	-70.0312
59.25	-69.9688
59.325	-70.0938
59.4	-70.0625
59.475	-70
59.55	-70.0312
59.625	-70.0625
59.7	-70.0312
59.775	-70
59.85	-70.125
59.925	-70
60	-70.0625
60.075	-70.0938
60.15	-70
60.225	-70.0625
60.3	-70.0938
60.375	-70
60.45	-70.0938
60.525	-70.0938
60.6	-70.0938
60.675	-70.1875
60.75	-70.125
60.825	-70.125
60.9	-70.1562
60.975	-70.0312
61.05	-70.0312
61.125	-70.0625
61.2	-70.0312
61.275	-70.1875
61.35	-70.0625
61.425	-70.125
61.5	-70.1875
61.575	-70.0938
61.65	-70.125
61.725	-70.0312
61.8	-70.2187
61.875	-70.1562
61.95	-70.0312
62.025	-70.1562
62.1	-70.1562
62.175	-70.2187
62.25	-70.125
62.325	-70
62.4	-70.3437
62.475	-70.125
62.55	-70.1875
62.625	-70.1562
62.7	-70.25
62.775	-70.125
62.85	-69.9375
62.925	-70.1875
63	-70.0938
63.075	-70.125
63.15	-70.125
63.225	-70.125
63.3	-70.25
63.375	-70.2813
63.45	-70.0938
63.525	-70.0938
63.6	-70.25
63.675	-70.25
63.75	-70.1562
63.825	-70.1562
63.9	-70.1875
63.975	-70.125
64.05	-70.125
64.125	-70.25
64.2	-70.2813
64.275	-70.125
64.35	-70.0625
64.425	-70.2187
64.5	-70.3125
64.575	-70.2187
64.65	-70.125
64.725	-70.375
64.8	-70.3125
64.875	-70.1875
64.95	-70.0938
65.025	-70.25
65.1	-70.2813
65.175	-70.0625
65.25	-70.1875
65.325	-70.3125
65.4	-70.25
65.475	-70.125
65.55	-70.2187
65.625	-70.25
65.7	-70.1875
65.775	-70.1875
65.85	-70.2187
65.925	-70.2813
66	-70.1875
66.075	-70.2813
66.15	-70.2813
66.225	-70.2187
66.3	-70.1875
66.375	-70.25
66.45	-70.25
66.525	-70.2187
66.6	-70.25
66.675	-70.2813
66.75	-70.1875
66.825	-70.1875
66.9	-70.3437
66.975	-70.25
67.05	-70.2187
67.125	-70.3125
67.2	-70.25
67.275	-70.2187
67.35	-70.3125
67.425	-70.3125
67.5	-70.25
67.575	-70.3125
67.65	-70.2813
67.725	-70.1875
67.8	-70.3125
67.875	-70.3125
67.95	-70.25
68.025	-70.4063
68.1	-70.25
68.175	-70.2187
68.25	-70.375
68.325	-70.2813
68.4	-70.2813
68.475	-70.4063
68.55	-70.2813
68.625	-70.2813
68.7	-70.3437
68.775	-70.3125
68.85	-70.2187
68.925	-70.3437
69	-70.25
69.075	-70.3125
69.15	-70.3437
69.225	-70.25
69.3	-70.375
69.375	-70.4063
69.45	-70.1875
69.525	-70.3437
69.6	-70.2187
69.675	-70.3437
69.75	-70.375
69.825	-70.1562
69.9	-70.25
69.975	-70.4063
70.05	-70.25
70.125	-70.3437
70.2	-70.2813
70.275	-70.4375
70.35	-70.3437
70.425	-70.2187
70.5	-70.3125
70.575	-70.3125
70.65	-70.375
70.725	-70.25
70.8	-70.4063
70.875	-70.4375
70.95	-70.375
71.025	-70.25
71.1	-70.3437
71.175	-70.4688
71.25	-70.2813
71.325	-70.3437
71.4	-70.375
71.475	-70.375
71.55	-70.3125
71.625	-70.3437
71.7	-70.2813
71.775	-70.375
71.85	-70.4063
71.925	-70.3125
72	-70.4063
72.075	-70.4688
72.15	-70.3437
72.225	-70.25
72.3	-70.4375
72.375	-70.4688
72.45	-70.375
72.525	-70.25
72.6	-70.375
72.675	-70.5312
72.75	-70.4375
72.825	-70.25
72.9	-70.4063
72.975	-70.5
73.05	-70.4375
73.125	-70.3437
73.2	-70.3125
73.275	-70.4688
73.35	-70.4063
73.425	-70.2813
73.5	-70.3125
73.575	-70.4688
73.65	-70.375
73.725	-70.375
73.8	-70.4063
73.875	-70.5625
73.95	-70.4063
74.025	-70.2813
74.1	-70.375
74.175	-70.5
74.25	-70.4375
74.325	-70.3125
74.4	-70.4375
74.475	-70.4375
74.55	-70.3125
74.625	-70.375
74.7	-70.5
74.775	-70.375
74.85	-70.4688
74.925	-70.4688
75	-70.375
75.075	-70.375
75.15	-70.4688
75.225	-70.4063
75.3	-70.4688
75.375	-70.4688
75.45	-70.375
75.525	-70.375
75.6	-70.4688
75.675	-70.4688
75.75	-70.3437
75.825	-70.5
75.9	-70.5
75.975	-70.4063
76.05	-70.3437
76.125	-70.4375
76.2	-70.4063
76.275	-70.3437
76.35	-70.4063
76.425	-70.375
76.5	-70.3437
76.575	-70.4375
76.65	-70.4688
76.725	-70.375
76.8	-70.5
76.875	-70.4375
76.95	-70.3437
77.025	-70.5
77.1	-70.375
77.175	-70.4375
77.25	-70.5
77.325	-70.4063
77.4	-70.4375
77.475	-70.375
77.55	-70.5
77.625	-70.4688
77.7	-70.3125
77.775	-70.5625
77.85	-70.4688
77.925	-70.4688
78	-70.4375
78.075	-70.375
78.15	-70.5
78.225	-70.4375
78.3	-70.4375
78.375	-70.4688
78.45	-70.4688
78.525	-70.5312
78.6	-70.4063
78.675	-70.4688
78.75	-70.5625
78.825	-70.4063
78.9	-70.4375
78.975	-70.4688
79.05	-70.4688
79.125	-70.4688
79.2	-70.3437
79.275	-70.5
79.35	-70.5
79.425	-70.5
79.5	-70.4375
79.575	-70.4375
79.65	-70.5312
79.725	-70.375
79.8	-70.4375
79.875	-70.5
79.95	-70.5
80.025	-70.4375
80.1	-70.5
80.175	-70.5
80.25	-70.5
80.325	-70.4375
80.4	-70.5
80.475	-70.5625
80.55	-70.5625
80.625	-70.375
80.7	-70.4688
80.775	-70.5938
80.85	-70.5625
80.925	-70.4375
81	-70.375
81.075	-70.6562
81.15	-70.6562
81.225	-70.4375
81.3	-70.4375
81.375	-70.5312
81.45	-70.625
81.525	-70.4688
81.6	-70.375
81.675	-70.4375
81.75	-70.5938
81.825	-70.5
81.9	-70.4063
81.975	-70.5
82.05	-70.5
82.125	-70.4688
82.2	-70.4688
82.275	-70.5
82.35	-70.5625
82.425	-70.5625
82.5	-70.5
82.575	-70.5938
82.65	-70.625
82.725	-70.5312
82.8	-70.4375
82.875	-70.625
82.95	-70.5938
83.025	-70.4688
83.1	-70.5938
83.175	-70.625
83.25	-70.5
83.325	-70.4063
83.4	-70.5312
83.475	-70.5312
83.55	-70.4688
83.625	-70.4688
83.7	-70.5625
83.775	-70.5
83.85	-70.4688
83.925	-70.5625
84	-70.5625
84.075	-70.5
84.15	-70.5938
84.225	-70.5312
84.3	-70.4375
84.375	-70.5625
84.45	-70.5625
84.525	-70.5
84.6	-70.5312
84.675	-70.5625
84.75	-70.5
84.825	-70.5625
84.9	-70.5
84.975	-70.5
85.05	-70.5
85.125	-70.5
85.2	-70.5625
85.275	-70.5312
85.35	-70.5
85.425	-70.6875
85.5	-70.4688
85.575	-70.5
85.65	-70.5938
85.725	-70.4375
85.8	-70.5938
85.875	-70.4688
85.95	-70.5
86.025	-70.5938
86.1	-70.5312
86.175	-70.5312
86.25	-70.625
86.325	-70.5625
86.4	-70.5625
86.475	-70.5312
86.55	-70.4375
86.625	-70.7188
86.7	-70.5625
86.775	-70.4688
86.85	-70.6562
86.925	-70.5625
87	-70.625
87.075	-70.5
87.15	-70.5938
87.225	-70.6562
87.3	-70.5
87.375	-70.5625
87.45	-70.5938
87.525	-70.625
87.6	-70.5312
87.675	-70.5
87.75	-70.625
87.825	-70.5938
87.9	-70.5625
87.975	-70.4375
88.05	-70.5938
88.125	-70.625
88.2	-70.5
88.275	-70.5312
88.35	-70.7188
88.425	-70.6875
88.5	-70.4688
88.575	-70.5
88.65	-70.6875
88.725	-70.7188
88.8	-70.5312
88.875	-70.5
88.95	-70.5625
89.025	-70.5938
89.1	-70.5
89.175	-70.5938
89.25	-70.6875
89.325	-70.5938
89.4	-70.5
89.475	-70.5
89.55	-70.6562
89.625	-70.6875
89.7	-70.4688
89.775	-70.625
89.85	-70.6875
89.925	-70.5625
90	-70.4375
90.075	-70.625
90.15	-70.7188
90.225	-70.5
90.3	-70.5625
90.375	-70.5938
90.45	-70.6562
90.525	-70.5938
90.6	-70.5312
90.675	-70.5938
90.75	-70.625
90.825	-70.4375
90.9	-70.5625
90.975	-70.5625
91.05	-70.5625
91.125	-70.5625
91.2	-70.6562
91.275	-70.5625
91.35	-70.5312
91.425	-70.625
91.5	-70.5938
91.575	-70.5
91.65	-70.5625
91.725	-70.5938
91.8	-70.5
91.875	-70.5938
91.95	-70.625
92.025	-70.5938
92.1	-70.5312
92.175	-70.6562
92.25	-70.5625
92.325	-70.5312
92.4	-70.625
92.475	-70.6562
92.55	-70.5312
92.625	-70.5625
92.7	-70.6875
92.775	-70.625
92.85	-70.5
92.925	-70.625
93	-70.5625
93.075	-70.6562
93.15	-70.625
93.225	-70.5938
93.3	-70.6562
93.375	-70.6875
93.45	-70.5
93.525	-70.7188
93.6	-70.5
93.675	-70.5312
93.75	-70.6875
93.825	-70.625
93.9	-70.625
93.975	-70.6562
94.05	-70.5
94.125	-70.6562
94.2	-70.625
94.275	-70.5625
94.35	-70.6562
94.425	-70.6562
94.5	-70.6562
94.575	-70.6875
94.65	-70.5625
94.725	-70.6562
94.8	-70.7188
94.875	-70.5938
94.95	-70.5938
95.025	-70.625
95.1	-70.7188
95.175	-70.5938
95.25	-70.4688
95.325	-70.625
95.4	-70.6562
95.475	-70.625
95.55	-70.5938
95.625	-70.625
95.7	-70.7813
95.775	-70.625
95.85	-70.6562
95.925	-70.7813
96	-70.6562
96.075	-70.7188
96.15	-70.5625
96.225	-70.7188
96.3	-70.7813
96.375	-70.625
96.45	-70.6875
96.525	-70.7188
96.6	-70.6875
96.675	-70.5938
96.75	-70.625
96.825	-70.7188
96.9	-70.6875
96.975	-70.6875
97.05	-70.7188
97.125	-70.75
97.2	-70.625
97.275	-70.5312
97.35	-70.6875
97.425	-70.7813
97.5	-70.7813
97.575	-70.625
97.65	-70.5938
97.725	-70.75
97.8	-70.7813
97.875	-70.5938
97.95	-70.5938
98.025	-70.7188
98.1	-70.7813
98.175	-70.6562
98.25	-70.6562
98.325	-70.6875
98.4	-70.7188
98.475	-70.75
98.55	-70.6562
98.625	-70.7188
98.7	-70.75
98.775	-70.7188
98.85	-70.5938
98.925	-70.6562
99	-70.6875
99.075	-70.6562
99.15	-70.625
99.225	-70.6562
99.3	-70.7813
99.375	-70.6562
99.45	-70.625
99.525	-70.7813
99.6	-70.6875
99.675	-70.625
99.75	-70.625
99.825	-70.75
99.9	-70.6875
99.975	-70.625
100.05	-70.75
100.125	-70.6562
100.2	-70.6562
100.275	-70.7188
100.35	-70.625
100.425	-70.6562
100.5	-70.7813
100.575	-70.6875
100.65	-70.5625
100.725	-70.7813
100.8	-70.75
100.875	-70.5625
100.95	-70.6875
101.025	-70.75
101.1	-70.6875
101.175	-70.8125
101.25	-70.6562
101.325	-70.625
101.4	-70.6875
101.475	-70.6875
101.55	-70.6875
101.625	-70.7813
101.7	-70.5625
101.775	-70.7188
101.85	-70.7813
101.925	-70.5938
102	-70.7813
102.075	-70.7188
102.15	-70.625
102.225	-70.7188
102.3	-70.6875
102.375	-70.6875
102.45	-70.7813
102.525	-70.7188
102.6	-70.6562
102.675	-70.8125
102.75	-70.6562
102.825	-70.7188
102.9	-70.75
102.975	-70.7188
103.05	-70.6562
103.125	-70.625
103.2	-70.7188
103.275	-70.7813
103.35	-70.6562
103.425	-70.625
103.5	-70.75
103.575	-70.625
103.65	-70.7188
103.725	-70.5625
103.8	-70.7813
103.875	-70.8125
103.95	-70.625
104.025	-70.6562
104.1	-70.625
104.175	-70.7813
104.25	-70.5
104.325	-70.6875
104.4	-70.75
104.475	-70.8437
104.55	-70.625
104.625	-70.6562
104.7	-70.8437
104.775	-70.6875
104.85	-70.6562
104.925	-70.6875
105	-70.7813
105.075	-70.6562
105.15	-70.5625
105.225	-70.7188
105.3	-70.75
105.375	-70.75
105.45	-70.5625
105.525	-70.625
105.6	-70.7813
105.675	-70.6875
105.75	-70.625
105.825	-70.6562
105.9	-70.6875
105.975	-70.7188
106.05	-70.6875
106.125	-70.6875
106.2	-70.7188
106.275	-70.7188
106.35	-70.625
106.425	-70.7813
106.5	-70.75
106.575	-70.6875
106.65	-70.6562
106.725	-70.7188
106.8	-70.6875
106.875	-70.7188
106.95	-70.7188
107.025	-70.75
107.1	-70.7188
107.175	-70.7188
107.25	-70.6562
107.325	-70.6875
107.4	-70.75
107.475	-70.6875
107.55	-70.7188
107.625	-70.6875
107.7	-70.625
107.775	-70.75
107.85	-70.7813
107.925	-70.625
108	-70.7188
108.075	-70.8125
108.15	-70.625
108.225	-70.7188
108.3	-70.8125
108.375	-70.6562
108.45	-70.6562
108.525	-70.8437
108.6	-70.7813
108.675	-70.5
108.75	-70.75
108.825	-70.8437
108.9	-70.6875
108.975	-70.75
109.05	-70.7813
109.125	-70.75
109.2	-70.6875
109.275	-70.7813
109.35	-70.6875
109.425	-70.7188
109.5	-70.7813
109.575	-70.6562
109.65	-70.7188
109.725	-70.75
109.8	-70.75
109.875	-70.7188
109.95	-70.8437
110.025	-70.8125
110.1	-70.7188
110.175	-70.875
110.25	-70.7813
110.325	-70.75
110.4	-70.7813
110.475	-70.6875
110.55	-70.75
110.625	-70.75
110.7	-70.6875
110.775	-70.9063
110.85	-70.7813
110.925	-70.7813
111	-70.7813
111.075	-70.6875
111.15	-70.875
111.225	-70.75
111.3	-70.7188
111.375	-70.8437
111.45	-70.6875
111.525	-70.6875
111.6	-70.75
111.675	-70.7188
111.75	-70.7813
111.825	-70.5625
111.9	-70.75
111.975	-70.8125
112.05	-70.7813
112.125	-70.6875
112.2	-70.5938
112.275	-70.7813
112.35	-70.75
112.425	-70.6562
112.5	-70.6875
112.575	-70.7813
112.65	-70.8125
112.725	-70.625
112.8	-70.7813
112.875	-70.7813
112.95	-70.8437
113.025	-70.75
113.1	-70.6562
113.175	-70.8437
113.25	-70.8437
113.325	-70.625
113.4	-70.6562
113.475	-70.8125
113.55	-70.8437
113.625	-70.7813
113.7	-70.8125
113.775	-70.75
113.85	-70.7188
113.925	-70.6562
114	-70.8125
114.075	-70.9375
114.15	-70.7813
114.225	-70.625
114.3	-70.7813
114.375	-70.875
114.45	-70.75
114.525	-70.6562
114.6	-70.7813
114.675	-70.9063
114.75	-70.7813
114.825	-70.7188
114.9	-70.6562
114.975	-70.9063
115.05	-70.7813
115.125	-70.6875
115.2	-70.6875
115.275	-70.7813
115.35	-70.75
115.425	-70.625
115.5	-70.625
115.575	-70.7813
115.65	-70.7188
115.725	-70.5625
115.8	-70.6875
115.875	-70.75
115.95	-70.6562
116.025	-70.5625
116.1	-70.75
116.175	-70.6562
116.25	-70.4688
116.325	-70.625
116.4	-70.7188
116.475	-70.625
116.55	-70.6562
116.625	-70.625
116.7	-70.5312
116.775	-70.5625
116.85	-70.625
116.925	-70.5938
117	-70.5625
117.075	-70.5938
117.15	-70.5938
117.225	-70.4375
117.3	-70.5625
117.375	-70.625
117.45	-70.5
117.525	-70.6562
117.6	-70.5938
117.675	-70.5312
117.75	-70.5
117.825	-70.625
117.9	-70.5312
117.975	-70.5312
118.05	-70.6562
118.125	-70.5625
118.2	-70.5625
118.275	-70.5938
118.35	-70.5
118.425	-70.5
118.5	-70.5625
118.575	-70.5
118.65	-70.625
118.725	-70.625
118.8	-70.4688
118.875	-70.6562
118.95	-70.5625
119.025	-70.5938
119.1	-70.5938
119.175	-70.5312
119.25	-70.5938
119.325	-70.5938
119.4	-70.4375
119.475	-70.5938
119.55	-70.625
119.625	-70.5625
119.7	-70.5938
119.775	-70.375
119.85	-70.6562
119.925	-70.5625
120	-70.4063
120.075	-70.5938
120.15	-70.5312
120.225	-70.6562
120.3	-70.4688
120.375	-70.4375
120.45	-70.7813
120.525	-70.5938
120.6	-70.5625
120.675	-70.5938
120.75	-70.5312
120.825	-70.6562
120.9	-70.4375
120.975	-70.5
121.05	-70.5625
121.125	-70.5625
121.2	-70.5
121.275	-70.5312
121.35	-70.7188
121.425	-70.5625
121.5	-70.4375
121.575	-70.625
121.65	-70.6562
121.725	-70.5312
121.8	-70.5625
121.875	-70.6562
121.95	-70.625
122.025	-70.5
122.1	-70.4375
122.175	-70.625
122.25	-70.7813
122.325	-70.6875
122.4	-70.5
122.475	-70.5312
122.55	-70.6562
122.625	-70.625
122.7	-70.5625
122.775	-70.5
122.85	-70.625
122.925	-70.5938
123	-70.5938
123.075	-70.5938
123.15	-70.625
123.225	-70.625
123.3	-70.5938
123.375	-70.5938
123.45	-70.625
123.525	-70.625
123.6	-70.5625
123.675	-70.5625
123.75	-70.625
123.825	-70.625
123.9	-70.5625
123.975	-70.5312
124.05	-70.6562
124.125	-70.5938
124.2	-70.5
124.275	-70.6562
124.35	-70.7188
124.425	-70.5938
124.5	-70.5
124.575	-70.6562
124.65	-70.625
124.725	-70.6562
124.8	-70.5938
124.875	-70.6562
124.95	-70.6875
125.025	-70.5938
125.1	-70.5938
125.175	-70.75
125.25	-70.6562
125.325	-70.5938
125.4	-70.6562
125.475	-70.6562
125.55	-70.5625
125.625	-70.6562
125.7	-70.6875
125.775	-70.6562
125.85	-70.5312
125.925	-70.6875
126	-70.7188
126.075	-70.5938
126.15	-70.6875
126.225	-70.6562
126.3	-70.5625
126.375	-70.7813
126.45	-70.6875
126.525	-70.6562
126.6	-70.6562
126.675	-70.625
126.75	-70.625
126.825	-70.7813
126.9	-70.6562
126.975	-70.625
127.05	-70.7188
127.125	-70.6875
127.2	-70.7188
127.275	-70.7188
127.35	-70.625
127.425	-70.7813
127.5	-70.625
127.575	-70.6562
127.65	-70.6875
127.725	-70.6875
127.8	-70.7813
127.875	-70.6562
127.95	-70.7188
128.025	-70.7188
128.1	-70.5938
128.175	-70.5938
128.25	-70.6875
128.325	-70.6875
128.4	-70.8125
128.475	-70.6875
128.55	-70.7188
128.625	-70.7813
128.7	-70.6875
128.775	-70.625
128.85	-70.625
128.925	-70.7813
129	-70.625
129.075	-70.6875
129.15	-70.6875
129.225	-70.8437
129.3	-70.6875
129.375	-70.625
129.45	-70.7188
129.525	-70.7188
129.6	-70.6875
129.675	-70.5625
129.75	-70.6562
129.825	-70.8437
129.9	-70.6562
129.975	-70.625
130.05	-70.7813
130.125	-70.8437
130.2	-70.7188
130.275	-70.5625
130.35	-70.625
130.425	-70.75
130.5	-70.75
130.575	-70.6875
130.65	-70.7813
130.725	-70.7188
130.8	-70.5938
130.875	-70.7188
130.95	-70.7813
131.025	-70.7813
131.1	-70.5938
131.175	-70.5625
131.25	-70.7813
131.325	-70.8437
131.4	-70.7813
131.475	-70.6562
131.55	-70.75
131.625	-70.7813
131.7	-70.6875
131.775	-70.6562
131.85	-70.7188
131.925	-70.8125
132	-70.6875
132.075	-70.625
132.15	-70.6875
132.225	-70.8437
132.3	-70.6875
132.375	-70.7188
132.45	-70.8125
132.525	-70.7188
132.6	-70.5938
132.675	-70.75
132.75	-70.8125
132.825	-70.75
132.9	-70.6562
132.975	-70.7813
133.05	-70.6875
133.125	-70.625
133.2	-70.7813
133.275	-70.8125
133.35	-70.6875
133.425	-70.7188
133.5	-70.75
133.575	-70.6875
133.65	-70.7188
133.725	-70.7813
133.8	-70.6875
133.875	-70.7813
133.95	-70.8437
134.025	-70.7188
134.1	-70.7813
134.175	-70.7813
134.25	-70.7188
134.325	-70.6562
134.4	-70.75
134.475	-70.7813
134.55	-70.7188
134.625	-70.6562
134.7	-70.7813
134.775	-70.7188
134.85	-70.625
134.925	-70.7188
135	-70.7188
135.075	-70.7188
135.15	-70.75
135.225	-70.75
135.3	-70.7188
135.375	-70.7813
135.45	-70.6875
135.525	-70.6875
135.6	-70.9063
135.675	-70.7188
135.75	-70.8125
135.825	-70.75
135.9	-70.75
135.975	-70.8437
136.05	-70.6562
136.125	-70.8125
136.2	-70.8125
136.275	-70.625
136.35	-70.7813
136.425	-70.6875
136.5	-70.8437
136.575	-70.7188
136.65	-70.6875
136.725	-70.7813
136.8	-70.8125
136.875	-70.9063
136.95	-70.7188
137.025	-70.7813
137.1	-70.875
137.175	-70.7188
137.25	-70.7813
137.325	-70.6875
137.4	-70.875
137.475	-70.7813
137.55	-70.5938
137.625	-70.8125
137.7	-70.7813
137.775	-70.75
137.85	-70.625
137.925	-70.7813
138	-70.875
138.075	-70.6562
138.15	-70.6562
138.225	-70.8437
138.3	-70.75
138.375	-70.5938
138.45	-70.6562
138.525	-70.8437
138.6	-70.8125
138.675	-70.7188
138.75	-70.5938
138.825	-70.7813
138.9	-70.8125
138.975	-70.75
139.05	-70.7188
139.125	-70.8125
139.2	-70.75
139.275	-70.75
139.35	-70.7813
139.425	-70.8125
139.5	-70.7813
139.575	-70.6562
139.65	-70.6875
139.725	-70.8125
139.8	-70.7813
139.875	-70.625
139.95	-70.7188
140.025	-70.8437
140.1	-70.7813
140.175	-70.6875
140.25	-70.7813
140.325	-70.7813
140.4	-70.6875
140.475	-70.75
140.55	-70.75
140.625	-70.7813
140.7	-70.7188
140.775	-70.8125
140.85	-70.75
140.925	-70.75
141	-70.8125
141.075	-70.7813
141.15	-70.7188
141.225	-70.7813
141.3	-70.7813
141.375	-70.7188
141.45	-70.7188
141.525	-70.8125
141.6	-70.8437
141.675	-70.7813
141.75	-70.7813
141.825	-70.875
141.9	-70.8437
141.975	-70.6875
142.05	-70.75
142.125	-70.8125
142.2	-70.7188
142.275	-70.7188
142.35	-70.7813
142.425	-70.7188
142.5	-70.75
142.575	-70.8437
142.65	-70.7813
142.725	-70.7188
142.8	-70.7813
142.875	-70.8125
142.95	-70.75
143.025	-70.8125
143.1	-70.7813
143.175	-70.75
143.25	-70.8125
143.325	-70.7188
143.4	-70.7813
143.475	-70.875
143.55	-70.7813
143.625	-70.7813
143.7	-70.75
143.775	-70.7813
143.85	-70.8125
143.925	-70.75
144	-70.75
144.075	-70.9063
144.15	-70.6875
144.225	-70.75
144.3	-70.8125
144.375	-70.7813
144.45	-70.8437
144.525	-70.6562
144.6	-70.8437
144.675	-70.875
144.75	-70.6562
144.825	-70.7813
144.9	-70.8125
144.975	-70.7813
145.05	-70.7813
145.125	-70.6875
145.2	-70.875
145.275	-70.9063
145.35	-70.7813
145.425	-70.75
145.5	-70.7813
145.575	-70.9063
145.65	-70.8125
145.725	-70.75
145.8	-70.875
145.875	-70.8125
145.95	-70.8437
146.025	-70.6875
146.1	-70.875
146.175	-70.8437
146.25	-70.75
146.325	-70.7188
146.4	-70.7813
146.475	-70.9063
146.55	-70.7188
146.625	-70.6562
146.7	-70.8125
146.775	-70.9063
146.85	-70.8125
146.925	-70.8125
147	-70.7813
147.075	-70.7188
147.15	-70.7188
147.225	-70.7813
147.3	-70.875
147.375	-70.875
147.45	-70.7188
147.525	-70.7188
147.6	-70.8437
147.675	-70.9375
147.75	-70.75
147.825	-70.75
147.9	-70.8125
147.975	-70.8125
148.05	-70.6875
148.125	-70.6875
148.2	-70.875
148.275	-70.875
148.35	-70.6875
148.425	-70.6875
148.5	-70.875
148.575	-70.7813
148.65	-70.625
148.725	-70.8125
148.8	-70.9063
148.875	-70.7813
148.95	-70.75
149.025	-70.9063
149.1	-70.8437
149.175	-70.6875
149.25	-70.7813
149.325	-70.8437
149.4	-70.75
149.475	-70.6875
149.55	-70.7188
149.625	-70.9063
149.7	-70.8125
149.775	-70.7188
149.85	-70.8125
149.925	-70.8125
150	-70.7188
150.075	-70.75
150.15	-70.8125
150.225	-70.7813
150.3	-70.75
150.375	-70.8437
150.45	-70.7813
150.525	-70.6875
150.6	-70.8125
150.675	-70.7813
150.75	-70.7188
150.825	-70.8437
150.9	-70.8437
150.975	-70.7813
151.05	-70.7188
151.125	-70.875
151.2	-70.875
151.275	-70.7813
151.35	-70.875
151.425	-70.7813
151.5	-70.75
151.575	-70.8437
151.65	-70.8125
151.725	-70.7188
151.8	-70.8125
151.875	-70.75
151.95	-70.7813
152.025	-70.8437
152.1	-70.7188
152.175	-70.8125
152.25	-70.9063
152.325	-70.6875
152.4	-70.8125
152.475	-70.8437
152.55	-70.7813
152.625	-70.8437
152.7	-70.7188
152.775	-70.9063
152.85	-70.8437
152.925	-70.6875
153	-70.7813
153.075	-70.7813
153.15	-70.8125
153.225	-70.8125
153.3	-70.6562
153.375	-70.8125
153.45	-70.8437
153.525	-70.7188
153.6	-70.7813
153.675	-70.7813
153.75	-70.9063
153.825	-70.7188
153.9	-70.625
153.975	-70.9063
154.05	-70.8125
154.125	-70.7813
154.2	-70.7188
154.275	-70.8437
154.35	-70.875
154.425	-70.6562
154.5	-70.8125
154.575	-70.8437
154.65	-70.8125
154.725	-70.6875
154.8	-70.6875
154.875	-70.9063
154.95	-70.8125
155.025	-70.625
155.1	-70.6562
155.175	-70.875
155.25	-70.9063
155.325	-70.7188
155.4	-70.6875
155.475	-70.9063
155.55	-70.8437
155.625	-70.7813
155.7	-70.8437
155.775	-70.9063
155.85	-70.8125
155.925	-70.6875
156	-70.7813
156.075	-70.875
156.15	-70.8437
156.225	-70.6562
156.3	-70.7813
156.375	-70.9063
156.45	-70.8437
156.525	-70.6875
156.6	-70.6875
156.675	-70.9063
156.75	-70.7813
156.825	-70.6875
156.9	-70.7813
156.975	-70.9375
157.05	-70.7813
157.125	-70.7188
157.2	-70.8125
157.275	-70.9063
157.35	-70.7188
157.425	-70.7188
157.5	-70.875
157.575	-70.9375
157.65	-70.75
157.725	-70.7188
157.8	-70.875
157.875	-70.7813
157.95	-70.6875
158.025	-70.9063
158.1	-70.9063
158.175	-70.7813
158.25	-70.7813
158.325	-70.8125
158.4	-70.7813
158.475	-70.7813
158.55	-70.9063
158.625	-70.8437
158.7	-70.75
158.775	-70.8437
158.85	-70.75
158.925	-70.7813
159	-70.6875
159.075	-70.9063
159.15	-70.7813
159.225	-70.7813
159.3	-70.8437
159.375	-70.75
159.45	-70.7188
159.525	-70.8125
159.6	-70.7813
159.675	-70.7188
159.75	-70.7813
159.825	-70.7813
159.9	-70.6875
159.975	-70.75
160.05	-70.7813
160.125	-70.7188
160.2	-70.8437
160.275	-70.6875
160.35	-70.6875
160.425	-70.8437
160.5	-70.75
160.575	-70.8125
160.65	-70.8437
160.725	-70.7813
160.8	-70.8437
160.875	-70.7188
160.95	-70.7813
161.025	-70.8437
161.1	-70.6875
161.175	-70.75
161.25	-70.8437
161.325	-70.7813
161.4	-70.8125
161.475	-70.7188
161.55	-70.8437
161.625	-70.9063
161.7	-70.6562
161.775	-70.8125
161.85	-70.8437
161.925	-70.75
162	-70.7813
162.075	-70.6562
162.15	-70.875
162.225	-70.8125
162.3	-70.7188
162.375	-70.7813
162.45	-70.8125
162.525	-70.9063
162.6	-70.625
162.675	-70.7813
162.75	-70.8125
162.825	-70.7813
162.9	-70.7188
162.975	-70.6875
163.05	-70.875
163.125	-70.7813
163.2	-70.5938
163.275	-70.75
163.35	-70.8437
163.425	-70.7813
163.5	-70.6562
163.575	-70.8437
163.65	-70.9063
163.725	-70.8437
163.8	-70.7813
163.875	-70.7813
163.95	-70.7813
164.025	-70.7188
164.1	-70.6875
164.175	-70.8437
164.25	-70.9063
164.325	-70.75
164.4	-70.7188
164.475	-70.875
164.55	-70.9063
164.625	-70.8437
164.7	-70.5625
164.775	-70.875
164.85	-70.9375
164.925	-70.8125
165	-70.6875
165.075	-70.9063
165.15	-70.9063
165.225	-70.6875
165.3	-70.75
165.375	-70.875
165.45	-70.8125
165.525	-70.7188
165.6	-70.8437
165.675	-70.7813
165.75	-70.7813
165.825	-70.7813
165.9	-70.7813
165.975	-70.8125
166.05	-70.7813
166.125	-70.7813
166.2	-70.7813
166.275	-70.75
166.35	-70.8125
166.425	-70.7813
166.5	-70.75
166.575	-70.6875
166.65	-70.75
166.725	-70.7813
166.8	-70.6562
166.875	-70.8437
166.95	-70.8125
167.025	-70.75
167.1	-70.7188
167.175	-70.8437
167.25	-70.7813
167.325	-70.7188
167.4	-70.8125
167.475	-70.75
167.55	-70.6875
167.625	-70.75
167.7	-70.7813
167.775	-70.7188
167.85	-70.8125
167.925	-70.7813
168	-70.7188
168.075	-70.7813
168.15	-70.8125
168.225	-70.7188
168.3	-70.7813
168.375	-70.7813
168.45	-70.6562
168.525	-70.8437
168.6	-70.7813
168.675	-70.6875
168.75	-70.75
168.825	-70.7813
168.9	-70.6875
168.975	-70.75
169.05	-70.7188
169.125	-70.75
169.2	-70.8437
169.275	-70.625
169.35	-70.6875
169.425	-70.7813
169.5	-70.7188
169.575	-70.7813
169.65	-70.6875
169.725	-70.7813
169.8	-70.75
169.875	-70.6562
169.95	-70.7813
170.025	-70.7188
170.1	-70.7813
170.175	-70.6875
170.25	-70.625
170.325	-70.875
170.4	-70.75
170.475	-70.6875
170.55	-70.7188
170.625	-70.7813
170.7	-70.7813
170.775	-70.5625
170.85	-70.8125
170.925	-70.75
171	-70.7813
171.075	-70.5625
171.15	-70.75
171.225	-70.875
171.3	-70.7188
171.375	-70.6562
171.45	-70.625
171.525	-70.7188
171.6	-70.7813
171.675	-70.6562
171.75	-70.6562
171.825	-70.6875
171.9	-70.7813
171.975	-70.7188
172.05	-70.75
172.125	-70.7813
172.2	-70.6562
172.275	-70.5938
172.35	-70.6875
172.425	-70.8125
172.5	-70.75
172.575	-70.625
172.65	-70.6562
172.725	-70.7813
172.8	-70.7188
172.875	-70.6562
172.95	-70.7188
173.025	-70.7813
173.1	-70.6875
173.175	-70.7813
173.25	-70.75
173.325	-70.75
173.4	-70.7188
173.475	-70.7188
173.55	-70.7188
173.625	-70.7188
173.7	-70.75
173.775	-70.7813
173.85	-70.7813
173.925	-70.7188
174	-70.7813
174.075	-70.6875
174.15	-70.7188
174.225	-70.7813
174.3	-70.7813
174.375	-70.7813
174.45	-70.7188
174.525	-70.6875
174.6	-70.7813
174.675	-70.6875
174.75	-70.7188
174.825	-70.7813
174.9	-70.7188
174.975	-70.7188
175.05	-70.75
175.125	-70.75
175.2	-70.75
175.275	-70.7188
175.35	-70.8437
175.425	-70.625
175.5	-70.625
175.575	-70.75
175.65	-70.7813
175.725	-70.7188
175.8	-70.7813
175.875	-70.6562
175.95	-70.6562
176.025	-70.8125
176.1	-70.6875
176.175	-70.6562
176.25	-70.8125
176.325	-70.75
176.4	-70.6875
176.475	-70.75
176.55	-70.6875
176.625	-70.7188
176.7	-70.7813
176.775	-70.6562
176.85	-70.7813
176.925	-70.7188
177	-70.6875
177.075	-70.7813
177.15	-70.6562
177.225	-70.6562
177.3	-70.7813
177.375	-70.75
177.45	-70.625
177.525	-70.7188
177.6	-70.7188
177.675	-70.7188
177.75	-70.6875
177.825	-70.6875
177.9	-70.7813
177.975	-70.75
178.05	-70.6562
178.125	-70.7813
178.2	-70.6562
178.275	-70.7813
178.35	-70.625
178.425	-70.625
178.5	-70.9063
178.575	-70.75
178.65	-70.7188
178.725	-70.6875
178.8	-70.7813
178.875	-70.7813
178.95	-70.5938
179.025	-70.7813
179.1	-70.75
179.175	-70.6875
179.25	-70.7188
179.325	-70.6875
179.4	-70.7813
179.475	-70.625
179.55	-70.6562
179.625	-70.625
179.7	-70.7813
179.775	-70.7813
179.85	-70.6562
179.925	-70.6562
180	-70.8437
180.075	-70.625
180.15	-70.5938
180.225	-70.6875
180.3	-70.875
180.375	-70.75
180.45	-70.7188
180.525	-70.6562
180.6	-70.6875
180.675	-70.625
180.75	-70.6875
180.825	-70.8125
180.9	-70.7813
180.975	-70.7188
181.05	-70.625
181.125	-70.8125
181.2	-70.8125
181.275	-70.625
181.35	-70.6562
181.425	-70.8125
181.5	-70.7813
181.575	-70.5938
181.65	-70.7188
181.725	-70.8437
181.8	-70.8437
181.875	-70.6875
181.95	-70.6875
182.025	-70.8125
182.1	-70.7188
182.175	-70.625
182.25	-70.75
182.325	-70.7813
182.4	-70.7188
182.475	-70.6875
182.55	-70.6875
182.625	-70.7813
182.7	-70.6562
182.775	-70.7188
182.85	-70.7188
182.925	-70.6875
183	-70.5625
183.075	-70.6562
183.15	-70.6875
183.225	-70.625
183.3	-70.6562
183.375	-70.7188
183.45	-70.5625
183.525	-70.5625
183.6	-70.625
183.675	-70.625
183.75	-70.5938
183.825	-70.7188
183.9	-70.5625
183.975	-70.5625
184.05	-70.625
184.125	-70.5625
184.2	-70.5
184.275	-70.7188
184.35	-70.625
184.425	-70.5938
184.5	-70.6875
184.575	-70.5625
184.65	-70.5
184.725	-70.625
184.8	-70.5625
184.875	-70.625
184.95	-70.5938
185.025	-70.5
185.1	-70.5938
185.175	-70.5625
185.25	-70.4688
185.325	-70.6562
185.4	-70.5938
185.475	-70.5
185.55	-70.5625
185.625	-70.5312
185.7	-70.5
185.775	-70.6562
185.85	-70.5
185.925	-70.5625
186	-70.5938
186.075	-70.5
186.15	-70.5
186.225	-70.5
186.3	-70.4688
186.375	-70.6875
186.45	-70.4688
186.525	-70.5
186.6	-70.625
186.675	-70.5
186.75	-70.5938
186.825	-70.375
186.9	-70.5938
186.975	-70.625
187.05	-70.5
187.125	-70.5312
187.2	-70.4688
187.275	-70.6562
187.35	-70.4688
187.425	-70.5
187.5	-70.625
187.575	-70.5938
187.65	-70.625
187.725	-70.4688
187.8	-70.5938
187.875	-70.6562
187.95	-70.4688
188.025	-70.5
188.1	-70.5625
188.175	-70.5938
188.25	-70.5625
188.325	-70.5
188.4	-70.5
188.475	-70.5312
188.55	-70.5
188.625	-70.5625
188.7	-70.5938
188.775	-70.5625
188.85	-70.4375
188.925	-70.5312
189	-70.6562
189.075	-70.625
189.15	-70.5
189.225	-70.4688
189.3	-70.5938
189.375	-70.5938
189.45	-70.5
189.525	-70.4375
189.6	-70.5
189.675	-70.6875
189.75	-70.5312
189.825	-70.4688
189.9	-70.5625
189.975	-70.7188
190.05	-70.5312
190.125	-70.5
190.2	-70.5
190.275	-70.625
190.35	-70.5
190.425	-70.5
190.5	-70.6562
190.575	-70.625
190.65	-70.4375
190.725	-70.4375
190.8	-70.5625
190.875	-70.5625
190.95	-70.4063
191.025	-70.5
191.1	-70.625
191.175	-70.5
191.25	-70.5
191.325	-70.5625
191.4	-70.5312
191.475	-70.4688
191.55	-70.5
191.625	-70.5
191.7	-70.4688
191.775	-70.5
191.85	-70.4688
191.925	-70.4688
192	-70.5312
192.075	-70.5
192.15	-70.5312
192.225	-70.4688
192.3	-70.4688
192.375	-70.5625
192.45	-70.5
192.525	-70.5
192.6	-70.625
192.675	-70.5
192.75	-70.4688
192.825	-70.5938
192.9	-70.4688
192.975	-70.5
193.05	-70.5625
193.125	-70.5
193.2	-70.5
193.275	-70.5625
193.35	-70.4688
193.425	-70.5938
193.5	-70.5625
193.575	-70.4688
193.65	-70.5
193.725	-70.5312
193.8	-70.5
193.875	-70.5938
193.95	-70.5625
194.025	-70.5938
194.1	-70.5938
194.175	-70.5
194.25	-70.5
194.325	-70.625
194.4	-70.4688
194.475	-70.5625
194.55	-70.625
194.625	-70.5312
194.7	-70.5312
194.775	-70.5
194.85	-70.625
194.925	-70.5
195	-70.4063
195.075	-70.5938
195.15	-70.5312
195.225	-70.5938
195.3	-70.4688
195.375	-70.5312
195.45	-70.625
195.525	-70.4688
195.6	-70.5312
195.675	-70.5938
195.75	-70.5
195.825	-70.5312
195.9	-70.4688
195.975	-70.5938
196.05	-70.6562
196.125	-70.4688
196.2	-70.5
196.275	-70.5
196.35	-70.625
196.425	-70.5312
196.5	-70.4063
196.575	-70.5938
196.65	-70.625
196.725	-70.5312
196.8	-70.5
196.875	-70.6562
196.95	-70.6875
197.025	-70.5312
197.1	-70.4688
197.175	-70.5625
197.25	-70.5938
197.325	-70.5938
197.4	-70.5625
197.475	-70.6562
197.55	-70.5938
197.625	-70.5
197.7	-70.5625
197.775	-70.75
197.85	-70.625
197.925	-70.4375
198	-70.5938
198.075	-70.6562
198.15	-70.5
198.225	-70.4688
198.3	-70.5938
198.375	-70.6562
198.45	-70.5
198.525	-70.4688
198.6	-70.625
198.675	-70.625
198.75	-70.5312
198.825	-70.5
198.9	-70.5312
198.975	-70.5625
199.05	-70.5312
199.125	-70.5625
199.2	-70.625
199.275	-70.5
199.35	-70.5625
199.425	-70.625
199.5	-70.5938
199.575	-70.625
199.65	-70.6562
199.725	-70.5625
199.8	-70.5312
199.875	-70.625
199.95	-70.5625
200.025	-70.5
200.1	-70.5938
200.175	-70.5938
200.25	-70.4688
200.325	-70.5
200.4	-70.6875
200.475	-70.625
200.55	-70.5312
200.625	-70.6562
200.7	-70.5938
200.775	-70.5312
200.85	-70.5938
200.925	-70.5625
201	-70.5625
201.075	-70.5938
201.15	-70.6562
201.225	-70.5312
201.3	-70.5625
201.375	-70.5625
201.45	-70.5938
201.525	-70.5938
201.6	-70.6562
201.675	-70.5625
201.75	-70.5625
201.825	-70.625
201.9	-70.5625
201.975	-70.625
202.05	-70.6875
202.125	-70.5312
202.2	-70.625
202.275	-70.5625
202.35	-70.625
202.425	-70.6562
202.5	-70.4688
202.575	-70.5938
202.65	-70.5
202.725	-70.5
202.8	-70.5625
202.875	-70.5312
202.95	-70.6562
203.025	-70.6562
203.1	-70.5625
203.175	-70.5938
203.25	-70.625
203.325	-70.6562
203.4	-70.5
203.475	-70.5
203.55	-70.6875
203.625	-70.5938
203.7	-70.5
203.775	-70.5
203.85	-70.6562
203.925	-70.7188
204	-70.5
204.075	-70.5625
204.15	-70.5
204.225	-70.625
204.3	-70.4375
204.375	-70.5625
204.45	-70.6562
204.525	-70.5625
204.6	-70.5938
204.675	-70.5312
204.75	-70.6875
204.825	-70.6562
204.9	-70.5
204.975	-70.5
205.05	-70.75
205.125	-70.6562
205.2	-70.5
205.275	-70.5
205.35	-70.6875
205.425	-70.7188
205.5	-70.5938
205.575	-70.5312
205.65	-70.5625
205.725	-70.5312
205.8	-70.5312
205.875	-70.625
205.95	-70.6875
206.025	-70.6562
206.1	-70.4688
206.175	-70.625
206.25	-70.7813
206.325	-70.6562
206.4	-70.5
206.475	-70.5625
206.55	-70.7813
206.625	-70.6562
206.7	-70.5
206.775	-70.5625
206.85	-70.7188
206.925	-70.6562
207	-70.5
207.075	-70.5938
207.15	-70.6875
207.225	-70.5938
207.3	-70.5
207.375	-70.625
207.45	-70.6562
207.525	-70.5312
207.6	-70.5312
207.675	-70.625
207.75	-70.625
207.825	-70.5312
207.9	-70.5938
207.975	-70.625
208.05	-70.5312
208.125	-70.5625
208.2	-70.625
208.275	-70.625
208.35	-70.5625
208.425	-70.6562
208.5	-70.6562
208.575	-70.5625
208.65	-70.6875
208.725	-70.5625
208.8	-70.5
208.875	-70.7188
208.95	-70.5938
209.025	-70.5
209.1	-70.625
209.175	-70.6562
209.25	-70.4688
209.325	-70.625
209.4	-70.6562
209.475	-70.5625
209.55	-70.6875
209.625	-70.6562
209.7	-70.5625
209.775	-70.6562
209.85	-70.6562
209.925	-70.5625
210	-70.7188
210.075	-70.625
210.15	-70.625
210.225	-70.7813
210.3	-70.625
210.375	-70.5625
210.45	-70.625
210.525	-70.625
210.6	-70.6562
210.675	-70.6562
210.75	-70.5
210.825	-70.6562
210.9	-70.625
210.975	-70.5312
211.05	-70.5312
211.125	-70.5312
211.2	-70.7188
211.275	-70.5938
211.35	-70.5
211.425	-70.7813
211.5	-70.6562
211.575	-70.4375
211.65	-70.5625
211.725	-70.6562
211.8	-70.6562
211.875	-70.625
211.95	-70.5312
212.025	-70.7188
212.1	-70.5938
212.175	-70.5938
212.25	-70.625
212.325	-70.6562
212.4	-70.7188
212.475	-70.5312
212.55	-70.6562
212.625	-70.6562
212.7	-70.625
212.775	-70.5625
212.85	-70.5312
212.925	-70.6875
213	-70.6562
213.075	-70.5625
213.15	-70.5938
213.225	-70.7188
213.3	-70.6562
213.375	-70.625
213.45	-70.5938
213.525	-70.5625
213.6	-70.5938
213.675	-70.5
213.75	-70.5938
213.825	-70.6875
213.9	-70.5938
213.975	-70.4688
214.05	-70.5625
214.125	-70.7188
214.2	-70.5625
214.275	-70.4688
214.35	-70.5312
214.425	-70.6875
214.5	-70.7188
214.575	-70.5
214.65	-70.5312
214.725	-70.6562
214.8	-70.625
214.875	-70.625
214.95	-70.5312
215.025	-70.6875
215.1	-70.625
215.175	-70.5312
215.25	-70.4688
215.325	-70.6562
215.4	-70.5625
215.475	-70.4375
215.55	-70.5
215.625	-70.6562
215.7	-70.5
215.775	-70.4063
215.85	-70.5
215.925	-70.5312
216	-70.4688
216.075	-70.5
216.15	-70.5
216.225	-70.4688
216.3	-70.4063
216.375	-70.5
216.45	-70.5938
216.525	-70.4375
216.6	-70.4688
216.675	-70.5
216.75	-70.4063
216.825	-70.375
216.9	-70.5312
216.975	-70.375
217.05	-70.25
217.125	-70.4375
217.2	-70.4688
217.275	-70.375
217.35	-70.4688
217.425	-70.4688
217.5	-70.375
217.575	-70.5
217.65	-70.5
217.725	-70.375
217.8	-70.5
217.875	-70.4688
217.95	-70.4063
218.025	-70.5
218.1	-70.4375
218.175	-70.375
218.25	-70.5
218.325	-70.375
218.4	-70.4375
218.475	-70.4688
218.55	-70.3125
218.625	-70.4375
218.7	-70.5
218.775	-70.4063
218.85	-70.4688
218.925	-70.3125
219	-70.4063
219.075	-70.4375
219.15	-70.3125
219.225	-70.4375
219.3	-70.4375
219.375	-70.4063
219.45	-70.5
219.525	-70.3437
219.6	-70.5312
219.675	-70.4688
219.75	-70.3125
219.825	-70.4688
219.9	-70.4688
219.975	-70.3437
220.05	-70.375
220.125	-70.3437
220.2	-70.4063
220.275	-70.4375
220.35	-70.2187
220.425	-70.375
220.5	-70.4063
220.575	-70.4063
220.65	-70.25
220.725	-70.25
220.8	-70.5
220.875	-70.2813
220.95	-70.3437
221.025	-70.3437
221.1	-70.4375
221.175	-70.4688
221.25	-70.2187
221.325	-70.4063
221.4	-70.375
221.475	-70.375
221.55	-70.25
221.625	-70.3125
221.7	-70.375
221.775	-70.375
221.85	-70.25
221.925	-70.375
222	-70.3437
222.075	-70.3125
222.15	-70.375
222.225	-70.4063
222.3	-70.4375
222.375	-70.25
222.45	-70.25
222.525	-70.4375
222.6	-70.5312
222.675	-70.375
222.75	-70.1875
222.825	-70.375
222.9	-70.4375
222.975	-70.25
223.05	-70.2187
223.125	-70.4375
223.2	-70.5
223.275	-70.2813
223.35	-70.2813
223.425	-70.4063
223.5	-70.4063
223.575	-70.2813
223.65	-70.1875
223.725	-70.375
223.8	-70.4063
223.875	-70.3125
223.95	-70.25
224.025	-70.4063
224.1	-70.4375
224.175	-70.25
224.25	-70.25
224.325	-70.4063
224.4	-70.375
224.475	-70.2187
224.55	-70.2813
224.625	-70.3125
224.7	-70.3437
224.775	-70.2813
224.85	-70.3437
224.925	-70.25
225	-70.2813
225.075	-70.25
225.15	-70.375
225.225	-70.2813
225.3	-70.2813
225.375	-70.4063
225.45	-70.2813
225.525	-70.1875
225.6	-70.3437
225.675	-70.3125
225.75	-70.2813
225.825	-70.25
225.9	-70.4063
225.975	-70.25
226.05	-70.3125
226.125	-70.3125
226.2	-70.1875
226.275	-70.3125
226.35	-70.2813
226.425	-70.125
226.5	-70.3125
226.575	-70.25
226.65	-70.2187
226.725	-70.3125
226.8	-70.25
226.875	-70.2813
226.95	-70.2813
227.025	-70.1875
227.1	-70.25
227.175	-70.2187
227.25	-70.2187
227.325	-70.25
227.4	-70.125
227.475	-70.3437
227.55	-70.3125
227.625	-70.125
227.7	-70.2813
227.775	-70.2187
227.85	-70.2813
227.925	-70.25
228	-70.1562
228.075	-70.375
228.15	-70.3437
228.225	-70.125
228.3	-70.3437
228.375	-70.3125
228.45	-70.3125
228.525	-70.2813
228.6	-70.2187
228.675	-70.3437
228.75	-70.2813
228.825	-70.1875
228.9	-70.25
228.975	-70.25
229.05	-70.3437
229.125	-70.125
229.2	-70.2813
229.275	-70.3125
229.35	-70.25
229.425	-70.1875
229.5	-70.1875
229.575	-70.3437
229.65	-70.1875
229.725	-70.2187
229.8	-70.1875
229.875	-70.2813
229.95	-70.25
230.025	-70.1875
230.1	-70.1562
230.175	-70.2187
230.25	-70.1875
230.325	-70.1875
230.4	-70.25
230.475	-70.3125
230.55	-70.1562
230.625	-70.2187
230.7	-70.2813
230.775	-70.375
230.85	-70.25
230.925	-70.1562
231	-70.25
231.075	-70.375
231.15	-70.25
231.225	-70.125
231.3	-70.2813
231.375	-70.3437
231.45	-70.2813
231.525	-70.1562
231.6	-70.2187
231.675	-70.3125
231.75	-70.3125
231.825	-70.25
231.9	-70.25
231.975	-70.3437
232.05	-70.2813
232.125	-70.1562
232.2	-70.25
232.275	-70.3437
232.35	-70.25
232.425	-70.2187
232.5	-70.3437
232.575	-70.3125
232.65	-70.2187
232.725	-70.125
232.8	-70.2813
232.875	-70.3437
232.95	-70.2187
233.025	-70.25
233.1	-70.375
233.175	-70.25
233.25	-70.125
233.325	-70.25
233.4	-70.2813
233.475	-70.2187
233.55	-70.3125
233.625	-70.2813
233.7	-70.25
233.775	-70.25
233.85	-70.2813
233.925	-70.2187
234	-70.2813
234.075	-70.3437
234.15	-70.2187
234.225	-70.2187
234.3	-70.25
234.375	-70.2187
234.45	-70.1562
234.525	-70.3125
234.6	-70.3125
234.675	-70.2187
234.75	-70.2813
234.825	-70.25
234.9	-70.2187
234.975	-70.3125
235.05	-70.2187
235.125	-70.1875
235.2	-70.2813
235.275	-70.25
235.35	-70.2187
235.425	-70.25
235.5	-70.125
235.575	-70.1875
235.65	-70.2813
235.725	-70.125
235.8	-70.1875
235.875	-70.1875
235.95	-70.2187
236.025	-70.2187
236.1	-70
236.175	-70.2187
236.25	-70.1562
236.325	-70.25
236.4	-70.2187
236.475	-70.1562
236.55	-70.25
236.625	-70.1875
236.7	-70.0938
236.775	-70.1875
236.85	-70.2187
236.925	-70.25
237	-70.0312
237.075	-70.1562
237.15	-70.25
237.225	-70.1562
237.3	-70.125
237.375	-70.0938
237.45	-70.25
237.525	-70.1875
237.6	-70
237.675	-70.125
237.75	-70.125
237.825	-70.1562
237.9	-70
237.975	-70.125
238.05	-70.1562
238.125	-70.0312
238.2	-70.125
238.275	-70.1562
238.35	-70.125
238.425	-70.1562
238.5	-70.1562
238.575	-70.1875
238.65	-70.1875
238.725	-70.0312
238.8	-69.9688
238.875	-70.1562
238.95	-70.1875
239.025	-70.125
239.1	-70.0625
239.175	-70
239.25	-70.125
239.325	-70.0625
239.4	-70.0625
239.475	-70.1562
239.55	-70.1562
239.625	-70.1562
239.7	-70.125
239.775	-70.0938
239.85	-70.1562
239.925	-70.125
240	-70.0625
240.075	-70.0625
240.15	-70.0938
240.225	-70.125
240.3	-70.0625
240.375	-70.0938
240.45	-70.1562
240.525	-70.125
240.6	-70.0312
240.675	-70
240.75	-70.125
240.825	-70.0625
240.9	-70.0625
240.975	-70.0938
241.05	-70.0938
241.125	-70
241.2	-70.0312
241.275	-70.125
241.35	-70.0625
241.425	-70
241.5	-70.0938
241.575	-70.1562
241.65	-70.0312
241.725	-70.0312
241.8	-70.0938
241.875	-70.0312
241.95	-70
242.025	-70.0312
242.1	-70.0938
242.175	-70.0312
242.25	-69.9375
242.325	-70.0625
242.4	-70.0938
242.475	-69.9688
242.55	-70.0625
242.625	-70
242.7	-70.0312
242.775	-70.0312
242.85	-70.0625
242.925	-69.9375
243	-70.0625
243.075	-70.0625
243.15	-69.9688
243.225	-70.0625
243.3	-70.0312
243.375	-70.0312
243.45	-70
243.525	-70
243.6	-70
243.675	-70.0312
243.75	-69.9375
243.825	-70.0938
243.9	-70.0312
243.975	-70.0312
244.05	-70.0938
244.125	-69.9688
244.2	-70.0312
244.275	-69.9688
244.35	-69.9688
244.425	-70.125
244.5	-70.0938
244.575	-69.9688
244.65	-70.0625
244.725	-70.0625
244.8	-69.9062
244.875	-70.0312
244.95	-70.0312
245.025	-70.125
245.1	-70.0625
245.175	-69.9688
245.25	-70.0938
245.325	-70.0938
245.4	-70.0938
245.475	-69.9688
245.55	-69.9688
245.625	-70.1562
245.7	-69.9688
245.775	-70.0312
245.85	-70.0938
245.925	-70.125
246	-70.0938
246.075	-69.9062
246.15	-70.125
246.225	-70.0938
246.3	-69.9062
246.375	-70.0312
246.45	-70
246.525	-70.0625
246.6	-70.0625
246.675	-69.9688
246.75	-70.0312
246.825	-70.125
246.9	-70
246.975	-69.9688
247.05	-69.9688
247.125	-70.0625
247.2	-70
247.275	-69.9375
247.35	-70
247.425	-70
247.5	-69.9688
247.575	-70
247.65	-70.0938
247.725	-70
247.8	-70
247.875	-70.0625
247.95	-70.125
248.025	-70
248.1	-69.9688
248.175	-70.0312
248.25	-70.0625
248.325	-69.9375
248.4	-69.9688
248.475	-70.0312
248.55	-70.0312
248.625	-70.0625
248.7	-70.0312
248.775	-70.0625
248.85	-70.0625
248.925	-69.9375
249	-70.0625
249.075	-70.0938
249.15	-69.9688
249.225	-70
249.3	-70
249.375	-70
249.45	-70
249.525	-70.0625
249.6	-70.0312
249.675	-70.0312
249.75	-70.0625
249.825	-70.0938
249.9	-69.9688
249.975	-70
250.05	-70.0625
250.125	-70.0312
250.2	-69.875
250.275	-70.0625
250.35	-70.125
250.425	-70
250.5	-70.0625
250.575	-70.0625
250.65	-70
250.725	-70.125
250.8	-70.0625
250.875	-70.0312
250.95	-70.0312
251.025	-70.0625
251.1	-69.875
251.175	-70.0938
251.25	-69.9375
251.325	-69.9375
251.4	-70.0625
251.475	-70.0312
251.55	-70
251.625	-70.125
251.7	-69.9688
251.775	-69.9375
251.85	-70.0312
251.925	-69.9688
252	-70.0312
252.075	-70.0312
252.15	-69.9375
252.225	-70
252.3	-70.0625
252.375	-69.9375
252.45	-69.9688
252.525	-69.9688
252.6	-69.9375
252.675	-70.0312
252.75	-69.9062
252.825	-69.9062
252.9	-70
252.975	-69.9062
253.05	-69.9062
253.125	-69.9375
253.2	-69.9062
253.275	-69.9375
253.35	-69.8125
253.425	-69.9688
253.5	-69.9688
253.575	-69.7813
253.65	-69.9062
253.725	-69.9062
253.8	-69.9688
253.875	-69.9375
253.95	-69.75
254.025	-69.9688
254.1	-69.875
254.175	-69.9062
254.25	-69.7813
254.325	-69.875
254.4	-69.875
254.475	-69.75
254.55	-69.875
254.625	-69.875
254.7	-70
254.775	-69.8125
254.85	-69.7813
254.925	-69.9062
255	-69.9062
255.075	-69.75
255.15	-69.6875
255.225	-69.8437
255.3	-69.8125
255.375	-69.7187
255.45	-69.6563
255.525	-69.7813
255.6	-69.75
255.675	-69.6563
255.75	-69.6875
255.825	-69.7813
255.9	-69.75
255.975	-69.5625
256.05	-69.6875
256.125	-69.8125
256.2	-69.6875
256.275	-69.5
256.35	-69.625
256.425	-69.8125
256.5	-69.625
256.575	-69.5312
256.65	-69.6563
256.725	-69.7187
256.8	-69.5625
256.875	-69.5312
256.95	-69.625
257.025	-69.6875
257.1	-69.5937
257.175	-69.5937
257.25	-69.625
257.325	-69.6563
257.4	-69.5625
257.475	-69.5625
257.55	-69.6875
257.625	-69.6563
257.7	-69.5937
257.775	-69.6563
257.85	-69.625
257.925	-69.6563
258	-69.5
258.075	-69.6563
258.15	-69.625
258.225	-69.5937
258.3	-69.6563
258.375	-69.625
258.45	-69.625
258.525	-69.6563
258.6	-69.6563
258.675	-69.5312
258.75	-69.625
258.825	-69.625
258.9	-69.5625
258.975	-69.5625
259.05	-69.6563
259.125	-69.625
259.2	-69.5312
259.275	-69.625
259.35	-69.5937
259.425	-69.5
259.5	-69.6563
259.575	-69.5937
259.65	-69.5625
259.725	-69.625
259.8	-69.5625
259.875	-69.5937
259.95	-69.6563
260.025	-69.5625
260.1	-69.5625
260.175	-69.7187
260.25	-69.5
260.325	-69.625
260.4	-69.5937
260.475	-69.5625
260.55	-69.5937
260.625	-69.5312
260.7	-69.5312
260.775	-69.625
260.85	-69.5625
260.925	-69.5312
261	-69.5937
261.075	-69.5937
261.15	-69.5937
261.225	-69.625
261.3	-69.5937
261.375	-69.6563
261.45	-69.5937
261.525	-69.4688
261.6	-69.6563
261.675	-69.5625
261.75	-69.5312
261.825	-69.5312
261.9	-69.5312
261.975	-69.7187
262.05	-69.4688
262.125	-69.5312
262.2	-69.6875
262.275	-69.5937
262.35	-69.5625
262.425	-69.5312
262.5	-69.625
262.575	-69.6563
262.65	-69.5
262.725	-69.6563
262.8	-69.5
262.875	-69.6563
262.95	-69.4375
263.025	-69.5312
263.1	-69.6875
263.175	-69.5625
263.25	-69.5625
263.325	-69.6563
263.4	-69.5625
263.475	-69.5937
263.55	-69.5312
263.625	-69.6563
263.7	-69.6875
263.775	-69.5625
263.85	-69.5
263.925	-69.5937
264	-69.7187
264.075	-69.625
264.15	-69.5
264.225	-69.5312
264.3	-69.7187
264.375	-69.6875
264.45	-69.5312
264.525	-69.5312
264.6	-69.625
264.675	-69.6563
264.75	-69.5
264.825	-69.5312
264.9	-69.6563
264.975	-69.6563
265.05	-69.5625
265.125	-69.5937
265.2	-69.6563
265.275	-69.625
265.35	-69.5312
265.425	-69.5312
265.5	-69.625
265.575	-69.5625
265.65	-69.5937
265.725	-69.5937
265.8	-69.6563
265.875	-69.625
265.95	-69.5625
266.025	-69.5625
266.1	-69.6875
266.175	-69.5937
266.25	-69.5625
266.325	-69.7187
266.4	-69.7187
266.475	-69.5937
266.55	-69.5937
266.625	-69.6563
266.7	-69.625
266.775	-69.5312
266.85	-69.625
266.925	-69.6563
267	-69.5625
267.075	-69.6563
267.15	-69.6563
267.225	-69.5625
267.3	-69.6563
267.375	-69.6875
267.45	-69.5937
267.525	-69.625
267.6	-69.6563
267.675	-69.5937
267.75	-69.6563
267.825	-69.6563
267.9	-69.5625
267.975	-69.5625
268.05	-69.7187
268.125	-69.6563
268.2	-69.625
268.275	-69.6563
268.35	-69.5937
268.425	-69.625
268.5	-69.75
268.575	-69.6563
268.65	-69.6875
268.725	-69.625
268.8	-69.5
268.875	-69.7187
268.95	-69.6563
269.025	-69.625
269.1	-69.625
269.175	-69.5625
269.25	-69.75
269.325	-69.5937
269.4	-69.6563
269.475	-69.625
269.55	-69.625
269.625	-69.7187
269.7	-69.5625
269.775	-69.7187
269.85	-69.6875
269.925	-69.5625
270	-69.6563
270.075	-69.625
270.15	-69.6875
270.225	-69.5937
270.3	-69.5
270.375	-69.7813
270.45	-69.7187
270.525	-69.5937
270.6	-69.5937
270.675	-69.6563
270.75	-69.7813
270.825	-69.5
270.9	-69.5937
270.975	-69.7187
271.05	-69.5625
271.125	-69.6563
271.2	-69.5625
271.275	-69.7813
271.35	-69.625
271.425	-69.5
271.5	-69.6875
271.575	-69.7813
271.65	-69.625
271.725	-69.5937
271.8	-69.7187
271.875	-69.7813
271.95	-69.5625
272.025	-69.5
272.1	-69.5937
272.175	-69.7187
272.25	-69.7187
272.325	-69.5312
272.4	-69.5625
272.475	-69.625
272.55	-69.5937
272.625	-69.5312
272.7	-69.5937
272.775	-69.5937
272.85	-69.5312
272.925	-69.5937
273	-69.6563
273.075	-69.625
273.15	-69.5937
273.225	-69.5312
273.3	-69.625
273.375	-69.6875
273.45	-69.4688
273.525	-69.5625
273.6	-69.6563
273.675	-69.6563
273.75	-69.4375
273.825	-69.5312
273.9	-69.5937
273.975	-69.5312
274.05	-69.5
274.125	-69.625
274.2	-69.625
274.275	-69.5625
274.35	-69.6563
274.425	-69.625
274.5	-69.5625
274.575	-69.6563
274.65	-69.5937
274.725	-69.5
274.8	-69.5937
274.875	-69.625
274.95	-69.5
275.025	-69.5312
275.1	-69.625
275.175	-69.625
275.25	-69.5937
275.325	-69.6563
275.4	-69.6563
275.475	-69.625
275.55	-69.5937
275.625	-69.625
275.7	-69.5625
275.775	-69.5937
275.85	-69.6563
275.925	-69.5312
276	-69.625
276.075	-69.6563
276.15	-69.5625
276.225	-69.6875
276.3	-69.6875
276.375	-69.5937
276.45	-69.6563
276.525	-69.6875
276.6	-69.5625
276.675	-69.6563
276.75	-69.5937
276.825	-69.5312
276.9	-69.6563
276.975	-69.625
277.05	-69.5937
277.125	-69.6563
277.2	-69.5625
277.275	-69.5937
277.35	-69.7187
277.425	-69.6563
277.5	-69.5937
277.575	-69.6563
277.65	-69.6563
277.725	-69.6563
277.8	-69.7187
277.875	-69.6563
277.95	-69.7187
278.025	-69.7187
278.1	-69.5
278.175	-69.7187
278.25	-69.6875
278.325	-69.6875
278.4	-69.625
278.475	-69.625
278.55	-69.7813
278.625	-69.625
278.7	-69.6563
278.775	-69.5625
278.85	-69.75
278.925	-69.6563
279	-69.5625
279.075	-69.6563
279.15	-69.6563
279.225	-69.75
279.3	-69.5937
279.375	-69.6875
279.45	-69.7813
279.525	-69.7187
279.6	-69.5937
279.675	-69.5937
279.75	-69.7813
279.825	-69.6563
279.9	-69.5625
279.975	-69.6875
280.05	-69.875
280.125	-69.7813
280.2	-69.5312
280.275	-69.5937
280.35	-69.7813
280.425	-69.75
280.5	-69.625
280.575	-69.6875
280.65	-69.7813
280.725	-69.75
280.8	-69.7187
280.875	-69.7813
280.95	-69.7813
281.025	-69.6563
281.1	-69.625
281.175	-69.7813
281.25	-69.8125
281.325	-69.6563
281.4	-69.5937
281.475	-69.7813
281.55	-69.7813
281.625	-69.7187
281.7	-69.5625
281.775	-69.7813
281.85	-69.8125
281.925	-69.625
282	-69.6563
282.075	-69.75
282.15	-69.8125
282.225	-69.625
282.3	-69.7187
282.375	-69.7813
282.45	-69.6875
282.525	-69.6563
282.6	-69.75
282.675	-69.7187
282.75	-69.6875
282.825	-69.7187
282.9	-69.8125
282.975	-69.7813
283.05	-69.75
283.125	-69.8125
283.2	-69.7813
283.275	-69.6875
283.35	-69.7813
283.425	-69.7813
283.5	-69.6875
283.575	-69.75
283.65	-69.7813
283.725	-69.6563
283.8	-69.75
283.875	-69.8125
283.95	-69.75
284.025	-69.7813
284.1	-69.8125
284.175	-69.7813
284.25	-69.75
284.325	-69.8125
284.4	-69.75
284.475	-69.75
284.55	-69.7813
284.625	-69.75
284.7	-69.7813
284.775	-69.875
284.85	-69.75
284.925	-69.8125
285	-69.8125
285.075	-69.7187
285.15	-69.875
285.225	-69.7813
285.3	-69.7813
285.375	-69.8437
285.45	-69.7187
285.525	-69.7813
285.6	-69.8437
285.675	-69.75
285.75	-69.8437
285.825	-69.9062
285.9	-69.8437
285.975	-69.8125
286.05	-69.875
286.125	-69.7813
286.2	-69.8125
286.275	-69.7813
286.35	-69.75
286.425	-69.875
286.5	-69.875
286.575	-69.7813
286.65	-69.8437
286.725	-69.9062
286.8	-69.9062
286.875	-69.6875
286.95	-69.9062
287.025	-69.9062
287.1	-69.8437
287.175	-69.8437
287.25	-69.8437
287.325	-70.0312
287.4	-69.8437
287.475	-69.7813
287.55	-69.9062
287.625	-69.8437
287.7	-69.8437
287.775	-69.75
287.85	-69.7813
287.925	-69.9375
288	-69.8125
288.075	-69.7813
288.15	-69.9062
288.225	-69.8437
288.3	-69.8125
288.375	-69.875
288.45	-69.9062
288.525	-69.9375
288.6	-69.8125
288.675	-69.8437
288.75	-69.9375
288.825	-69.9688
288.9	-69.8437
288.975	-69.8125
289.05	-69.9688
289.125	-70
289.2	-69.9062
289.275	-69.8437
289.35	-69.9062
289.425	-70
289.5	-69.9688
289.575	-69.875
289.65	-69.875
289.725	-69.9688
289.8	-69.9688
289.875	-69.875
289.95	-69.9062
290.025	-69.9062
290.1	-69.9062
290.175	-69.8125
290.25	-69.9062
290.325	-69.9688
290.4	-69.9062
290.475	-69.9375
290.55	-69.9062
290.625	-69.9688
290.7	-69.875
290.775	-69.9375
290.85	-69.9062
290.925	-70
291	-69.9062
291.075	-69.875
291.15	-69.875
291.225	-69.9375
291.3	-69.875
291.375	-69.875
291.45	-70.0312
291.525	-69.9688
291.6	-69.875
291.675	-70.0312
291.75	-70
291.825	-69.875
291.9	-69.9062
291.975	-69.9688
292.05	-69.8437
292.125	-69.9375
292.2	-70.0312
292.275	-69.9375
292.35	-69.875
292.425	-69.9688
292.5	-69.9062
292.575	-69.8437
292.65	-69.9688
292.725	-69.9062
292.8	-69.875
292.875	-69.9688
292.95	-69.9688
293.025	-69.8437
293.1	-70
293.175	-70.0312
293.25	-69.9062
293.325	-69.9375
293.4	-69.9375
293.475	-69.9062
293.55	-69.9688
293.625	-69.9688
293.7	-69.9062
293.775	-70.0312
293.85	-69.9375
293.925	-69.875
294	-69.9688
294.075	-69.9375
294.15	-69.9062
294.225	-69.9375
294.3	-69.9375
294.375	-69.9688
294.45	-69.875
294.525	-69.9062
294.6	-70.0312
294.675	-70
294.75	-69.9375
294.825	-69.9688
294.9	-70
294.975	-70.0312
295.05	-69.8125
295.125	-70
295.2	-70.0312
295.275	-69.9375
295.35	-69.9688
295.425	-69.9375
295.5	-70.0625
295.575	-69.9375
295.65	-69.9688
295.725	-69.9688
295.8	-70.0625
295.875	-70.0312
295.95	-69.8125
296.025	-70.0312
296.1	-70
296.175	-70
296.25	-69.9062
296.325	-70
296.4	-70.125
296.475	-69.9375
296.55	-69.8437
296.625	-70.0625
296.7	-70.0938
296.775	-69.9062
296.85	-69.9062
296.925	-70.0938
297	-70.125
297.075	-70
297.15	-69.875
297.225	-69.9375
297.3	-70.0625
297.375	-70.0312
297.45	-70.0312
297.525	-70.0625
297.6	-70.0312
297.675	-69.9688
297.75	-70.0312
297.825	-70.0938
297.9	-70
297.975	-69.9062
298.05	-70
298.125	-70.1562
298.2	-70.0938
298.275	-69.9375
298.35	-69.9375
298.425	-70.125
298.5	-70.0938
298.575	-69.9062
298.65	-70.0312
298.725	-70.0938
298.8	-70
298.875	-69.9062
298.95	-69.9688
299.025	-70.0938
299.1	-70.0312
299.175	-69.9688
299.25	-70
299.325	-70.0625
299.4	-70.0625
299.475	-69.9375
299.55	-70.0938
299.625	-70.0625
299.7	-70
299.775	-70.0312
299.85	-70.0625
299.925	-70
300	-70.0312
300.075	-70
300.15	-69.9688
300.225	-70.0938
300.3	-70.0625
300.375	-70
300.45	-70.0625
300.525	-70
300.6	-69.875
300.675	-70
300.75	-69.9688
300.825	-69.875
300.9	-69.9688
300.975	-69.9375
301.05	-69.875
301.125	-69.9062
301.2	-69.9062
301.275	-69.8125
301.35	-69.8437
301.425	-69.7813
301.5	-69.6563
301.575	-69.8125
301.65	-69.7813
301.725	-69.6875
301.8	-69.75
301.875	-69.75
301.95	-69.625
302.025	-69.7187
302.1	-69.6875
302.175	-69.6563
302.25	-69.7187
302.325	-69.625
302.4	-69.6563
302.475	-69.6875
302.55	-69.625
302.625	-69.6875
302.7	-69.7813
302.775	-69.5937
302.85	-69.7187
302.925	-69.5625
303	-69.6563
303.075	-69.75
303.15	-69.5937
303.225	-69.5937
303.3	-69.6563
303.375	-69.6563
303.45	-69.625
303.525	-69.5625
303.6	-69.6875
303.675	-69.7813
303.75	-69.5
303.825	-69.5625
303.9	-69.5312
303.975	-69.6875
304.05	-69.5312
304.125	-69.5625
304.2	-69.625
304.275	-69.5937
304.35	-69.625
304.425	-69.4688
304.5	-69.7813
304.575	-69.6563
304.65	-69.625
304.725	-69.625
304.8	-69.6875
304.875	-69.6875
304.95	-69.6563
305.025	-69.5312
305.1	-69.6563
305.175	-69.75
305.25	-69.625
305.325	-69.625
305.4	-69.75
305.475	-69.625
305.55	-69.625
305.625	-69.6875
305.7	-69.75
305.775	-69.6875
305.85	-69.5937
305.925	-69.6563
306	-69.7187
306.075	-69.7187
306.15	-69.5625
306.225	-69.5937
306.3	-69.75
306.375	-69.7813
306.45	-69.5625
306.525	-69.5312
306.6	-69.75
306.675	-69.6875
306.75	-69.6563
306.825	-69.6563
306.9	-69.7813
306.975	-69.75
307.05	-69.5937
307.125	-69.5625
307.2	-69.75
307.275	-69.6875
307.35	-69.5625
307.425	-69.6875
307.5	-69.7187
307.575	-69.625
307.65	-69.5625
307.725	-69.7187
307.8	-69.6875
307.875	-69.6563
307.95	-69.6563
308.025	-69.6875
308.1	-69.7187
308.175	-69.625
308.25	-69.7187
308.325	-69.7187
308.4	-69.625
308.475	-69.7187
308.55	-69.7813
308.625	-69.625
308.7	-69.6875
308.775	-69.7187
308.85	-69.6563
308.925	-69.6563
309	-69.7187
309.075	-69.6563
309.15	-69.625
309.225	-69.75
309.3	-69.75
309.375	-69.7187
309.45	-69.7813
309.525	-69.7187
309.6	-69.5937
309.675	-69.7187
309.75	-69.7187
309.825	-69.5937
309.9	-69.6875
309.975	-69.7187
310.05	-69.6563
310.125	-69.6875
310.2	-69.7813
310.275	-69.6875
310.35	-69.6563
310.425	-69.6563
310.5	-69.625
310.575	-69.7813
310.65	-69.7187
310.725	-69.625
310.8	-69.7813
310.875	-69.7187
310.95	-69.7187
311.025	-69.6875
311.1	-69.5937
311.175	-69.6875
311.25	-69.8125
311.325	-69.7187
311.4	-69.75
311.475	-69.6875
311.55	-69.8125
311.625	-69.75
311.7	-69.7813
311.775	-69.8437
311.85	-69.7813
311.925	-69.7813
312	-69.5625
312.075	-69.875
312.15	-69.8125
312.225	-69.6563
312.3	-69.7187
312.375	-69.7187
312.45	-69.8437
312.525	-69.6563
312.6	-69.6875
312.675	-69.75
312.75	-69.75
312.825	-69.7187
312.9	-69.5625
312.975	-69.7813
313.05	-69.75
313.125	-69.6875
313.2	-69.75
313.275	-69.7813
313.35	-69.7813
313.425	-69.6875
313.5	-69.6875
313.575	-69.8125
313.65	-69.7813
313.725	-69.625
313.8	-69.8437
313.875	-69.9062
313.95	-69.7813
314.025	-69.6875
314.1	-69.6563
314.175	-69.8437
314.25	-69.875
314.325	-69.7813
314.4	-69.8437
314.475	-69.8437
314.55	-69.7187
314.625	-69.75
314.7	-69.8437
314.775	-69.8437
314.85	-69.7813
314.925	-69.75
