4200 2
0	-69.1875
0.075	-69.0625
0.15	-69
0.225	-69.125
0.3	-69.0937
0.375	-69.1563
0.45	-69.125
0.525	-69.1563
0.6	-69.125
0.675	-69.1563
0.75	-69.0625
0.825	-69.0937
0.9	-69.1563
0.975	-69.0625
1.05	-69.0625
1.125	-69.1563
1.2	-69.0625
1.275	-69.125
1.35	-69.125
1.425	-69.125
1.5	-69.1875
1.575	-69.125
1.65	-69.125
1.725	-69.1563
1.8	-69
1.875	-69.2187
1.95	-69.125
2.025	-69
2.1	-69.1875
2.175	-69.125
2.25	-69.2187
2.325	-69.0937
2.4	-69.0625
2.475	-69.2187
2.55	-69.1563
2.625	-69.0937
2.7	-69.1875
2.775	-69.125
2.85	-69.1563
2.925	-68.9688
3	-69.0937
3.075	-69.2813
3.15	-69.0937
3.225	-69.125
3.3	-69.125
3.375	-69.125
3.45	-69.1563
3.525	-69.0313
3.6	-69.2187
3.675	-69.1563
3.75	-69.125
3.825	-69.0313
3.9	-69.0625
3.975	-69.2813
4.05	-69.0313
4.125	-69.125
4.2	-69.1563
4.275	-69.25
4.35	-69.125
4.425	-68.9688
4.5	-69.125
4.575	-69.2187
4.65	-69.0937
4.725	-69.0313
4.8	-69.1875
4.875	-69.25
4.95	-69.1875
5.025	-69.1563
5.1	-69.1563
5.175	-69.2813
5.25	-69.1875
5.325	-69.125
5.4	-69.125
5.475	-69.125
5.55	-69.1563
5.625	-69.1875
5.7	-69.2187
5.775	-69.2187
5.85	-69.0937
5.925	-69.1875
6	-69.25
6.075	-69.1875
6.15	-69.2187
6.225	-69.1875
6.3	-69.1875
6.375	-69.1563
6.45	-69.125
6.525	-69.1875
6.6	-69.2187
6.675	-69.2187
6.75	-69.1875
6.825	-69.125
6.9	-69.2187
6.975	-69.2813
7.05	-69.2187
7.125	-69.25
7.2	-69.2187
7.275	-69.25
7.35	-69.2187
7.425	-69.1563
7.5	-69.25
7.575	-69.2813
7.65	-69.125
7.725	-69.1563
7.8	-69.3125
7.875	-69.2187
7.95	-69.1875
8.025	-69.3125
8.1	-69.3438
8.175	-69.1563
8.25	-69.2187
8.325	-69.3438
8.4	-69.2813
8.475	-69.125
8.55	-69.3125
8.625	-69.25
8.7	-69.1563
8.775	-69.2187
8.85	-69.1875
8.925	-69.1563
9	-69.2813
9.075	-69.2187
9.15	-69.1563
9.225	-69.3125
9.3	-69.25
9.375	-69.1875
9.45	-69.3438
9.525	-69.125
9.6	-69.25
9.675	-69.2813
9.75	-69.1875
9.825	-69.25
9.9	-69.25
9.975	-69.1875
10.05	-69.2813
10.125	-69.1875
10.2	-69.2187
10.275	-69.3438
10.35	-69.2187
10.425	-69.4062
10.5	-69.2187
10.575	-69.2187
10.65	-69.4062
10.725	-69.3125
10.8	-69.25
10.875	-69.3125
10.95	-69.25
11.025	-69.3438
11.1	-69.2187
11.175	-69.3125
11.25	-69.4375
11.325	-69.1875
11.4	-69.3125
11.475	-69.25
11.55	-69.4062
11.625	-69.2813
11.7	-69.2187
11.775	-69.2813
11.85	-69.25
11.925	-69.3125
12	-69.1875
12.075	-69.375
12.15	-69.4375
12.225	-69.3438
12.3	-69.2813
12.375	-69.3438
12.45	-69.4062
12.525	-69.2813
12.6	-69.3125
12.675	-69.375
12.75	-69.3438
12.825	-69.3438
12.9	-69.25
12.975	-69.3125
13.05	-69.3125
13.125	-69.2813
13.2	-69.3438
13.275	-69.4375
13.35	-69.375
13.425	-69.2187
13.5	-69.2813
13.575	-69.4062
13.65	-69.3438
13.725	-69.25
13.8	-69.2187
13.875	-69.375
13.95	-69.4375
14.025	-69.3125
14.1	-69.25
14.175	-69.4375
14.25	-69.4688
14.325	-69.3438
14.4	-69.2187
14.475	-69.4375
14.55	-69.4375
14.625	-69.3125
14.7	-69.2813
14.775	-69.4375
14.85	-69.4062
14.925	-69.2187
15	-68.5625
15.075	-67.9375
15.15	-67.3437
15.225	-66.9687
15.3	-67
15.375	-67.0312
15.45	-66.7813
15.525	-66.5938
15.6	-66.6562
15.675	-66.625
15.75	-66.4375
15.825	-66.2187
15.9	-66.3125
15.975	-66.25
16.05	-66.0625
16.125	-66
16.2	-66
16.275	-65.9062
16.35	-65.8438
16.425	-65.8438
16.5	-65.75
16.575	-65.625
16.65	-65.6563
16.725	-65.4688
16.8	-65.4688
16.875	-65.5
16.95	-65.375
17.025	-65.25
17.1	-65.3438
17.175	-65.25
17.25	-65.0625
17.325	-65.1563
17.4	-65.0937
17.475	-64.9375
17.55	-64.9687
17.625	-64.9062
17.7	-64.6875
17.775	-64.8438
17.85	-64.7188
17.925	-64.625
18	-64.6563
18.075	-64.5937
18.15	-64.4687
18.225	-64.5937
18.3	-64.375
18.375	-64.2812
18.45	-64.4687
18.525	-64.3125
18.6	-64.2188
18.675	-64.25
18.75	-64.2188
18.825	-64.25
18.9	-64.125
18.975	-64
19.05	-64.125
19.125	-64
19.2	-64
19.275	-63.9063
19.35	-63.9063
19.425	-63.9063
19.5	-63.6875
19.575	-63.7812
19.65	-63.6875
19.725	-63.7188
19.8	-63.6562
19.875	-63.5
19.95	-63.625
20.025	-63.5938
20.1	-63.4687
20.175	-63.3437
20.25	-63.4063
20.325	-63.4687
20.4	-63.125
20.475	-63.25
20.55	-63.2813
20.625	-63.2813
20.7	-63.1562
20.775	-63.0312
20.85	-63.1562
20.925	-63.0938
21	-62.9375
21.075	-63
21.15	-63.0312
21.225	-62.9688
21.3	-62.7813
21.375	-62.8125
21.45	-62.9688
21.525	-62.8437
21.6	-62.625
21.675	-62.5625
21.75	-62.75
21.825	-62.7187
21.9	-62.5625
21.975	-62.5
22.05	-62.5
22.125	-62.5625
22.2	-62.4375
22.275	-62.375
22.35	-62.4062
22.425	-62.4375
22.5	-62.3438
22.575	-62.25
22.65	-62.25
22.725	-62.3125
22.8	-62.1875
22.875	-62.1875
22.95	-62.1875
23.025	-62.25
23.1	-62.0313
23.175	-61.9375
23.25	-62.0937
23.325	-62.0625
23.4	-61.9062
23.475	-61.8125
23.55	-62
23.625	-61.9062
23.7	-61.6875
23.775	-61.8125
23.85	-61.9375
23.925	-61.6875
24	-61.6563
24.075	-61.6875
24.15	-61.6875
24.225	-61.625
24.3	-61.5312
24.375	-61.625
24.45	-61.5
24.525	-61.4688
24.6	-61.4375
24.675	-61.4375
24.75	-61.3125
24.825	-61.3438
24.9	-61.3125
24.975	-61.25
25.05	-61.25
25.125	-61.2812
25.2	-61.2187
25.275	-61.125
25.35	-61.2187
25.425	-61.0938
25.5	-61
25.575	-61.125
25.65	-61
25.725	-60.9687
25.8	-61
25.875	-61.0312
25.95	-60.8438
26.025	-60.9063
26.1	-60.9687
26.175	-60.875
26.25	-60.8438
26.325	-60.875
26.4	-60.7813
26.475	-60.75
26.55	-60.75
26.625	-60.6875
26.7	-60.7187
26.775	-60.6875
26.85	-60.5
26.925	-60.6562
27	-60.5938
27.075	-60.4687
27.15	-60.5
27.225	-60.4687
27.3	-60.5313
27.375	-60.4687
27.45	-60.3125
27.525	-60.5
27.6	-60.4062
27.675	-60.3437
27.75	-60.3437
27.825	-60.375
27.9	-60.375
27.975	-60.2188
28.05	-60.1875
28.125	-60.25
28.2	-60.2188
28.275	-60.1875
28.35	-60.0937
28.425	-60.1562
28.5	-60.25
28.575	-60.0313
28.65	-60.0313
28.725	-60.125
28.8	-60.125
28.875	-60.0313
28.95	-59.9375
29.025	-60.125
29.1	-59.9375
29.175	-59.9375
29.25	-59.8437
29.325	-60
29.4	-59.9063
29.475	-59.6875
29.55	-59.7812
29.625	-59.875
29.7	-59.8125
29.775	-59.6563
29.85	-59.7812
29.925	-59.875
30	-59.8125
30.075	-59.625
30.15	-59.5937
30.225	-59.6563
30.3	-59.7188
30.375	-59.5937
30.45	-59.6875
30.525	-59.625
30.6	-59.5625
30.675	-59.4063
30.75	-59.5
30.825	-59.5937
30.9	-59.5
30.975	-59.3125
31.05	-59.5
31.125	-59.5625
31.2	-59.4063
31.275	-59.3438
31.35	-59.4687
31.425	-59.4375
31.5	-59.3438
31.575	-59.1875
31.65	-59.4375
31.725	-59.3125
31.8	-59.1875
31.875	-59.25
31.95	-59.2812
32.025	-59.25
32.1	-59.125
32.175	-59.25
32.25	-59.1875
32.325	-59.0625
32.4	-59.125
32.475	-59.0625
32.55	-59
32.625	-59.125
32.7	-59
32.775	-58.9375
32.85	-59.0625
32.925	-59.0313
33	-58.875
33.075	-58.9375
33.15	-59.0625
33.225	-58.9375
33.3	-58.9062
33.375	-58.9687
33.45	-58.875
33.525	-58.8125
33.6	-58.8438
33.675	-58.8438
33.75	-58.75
33.825	-58.8125
33.9	-58.7813
33.975	-58.75
34.05	-58.75
34.125	-58.75
34.2	-58.6875
34.275	-58.625
34.35	-58.6562
34.425	-58.5625
34.5	-58.6562
34.575	-58.7187
34.65	-58.5625
34.725	-58.5625
34.8	-58.6562
34.875	-58.5313
34.95	-58.5313
35.025	-58.5625
35.1	-58.4375
35.175	-58.5
35.25	-58.4688
35.325	-58.375
35.4	-58.5
35.475	-58.4688
35.55	-58.3437
35.625	-58.4062
35.7	-58.3437
35.775	-58.375
35.85	-58.375
35.925	-58.3125
36	-58.4062
36.075	-58.3437
36.15	-58.2188
36.225	-58.2188
36.3	-58.2813
36.375	-58.2813
36.45	-58.1875
36.525	-58.0625
36.6	-58.3125
36.675	-58.25
36.75	-58.1562
36.825	-58.1562
36.9	-58.1562
36.975	-58.1562
37.05	-57.9375
37.125	-58.0625
37.2	-58.0937
37.275	-58.1562
37.35	-58
37.425	-57.9688
37.5	-58.1562
37.575	-58
37.65	-57.9375
37.725	-57.9688
37.8	-57.9688
37.875	-57.9688
37.95	-57.9063
38.025	-57.9063
38.1	-57.9375
38.175	-57.8125
38.25	-57.8125
38.325	-57.875
38.4	-57.9688
38.475	-57.8437
38.55	-57.6563
38.625	-57.7812
38.7	-57.9688
38.775	-57.875
38.85	-57.6563
38.925	-57.7188
39	-57.8125
39.075	-57.7812
39.15	-57.6875
39.225	-57.7812
39.3	-57.6875
39.375	-57.625
39.45	-57.7188
39.525	-57.6875
39.6	-57.5938
39.675	-57.5625
39.75	-57.625
39.825	-57.5625
39.9	-57.5312
39.975	-57.5312
40.05	-57.4687
40.125	-57.5312
40.2	-57.5625
40.275	-57.5312
40.35	-57.4375
40.425	-57.4687
40.5	-57.5
40.575	-57.4687
40.65	-57.4063
40.725	-57.4375
40.8	-57.5
40.875	-57.4063
40.95	-57.3125
41.025	-57.4063
41.1	-57.375
41.175	-57.2812
41.25	-57.3125
41.325	-57.4063
41.4	-57.3125
41.475	-57.2187
41.55	-57.3125
41.625	-57.25
41.7	-57.1562
41.775	-57.25
41.85	-57.25
41.925	-57.1875
42	-57.2187
42.075	-57.125
42.15	-57.0938
42.225	-57.125
42.3	-57.1875
42.375	-57.0938
42.45	-57.2187
42.525	-57.0938
42.6	-56.9375
42.675	-57.0938
42.75	-57.0938
42.825	-57
42.9	-57
42.975	-57.0938
43.05	-56.9375
43.125	-57.0625
43.2	-56.9687
43.275	-56.9062
43.35	-57.0313
43.425	-56.9375
43.5	-56.875
43.575	-57.0313
43.65	-56.9375
43.725	-56.9375
43.8	-56.9375
43.875	-56.8125
43.95	-56.9375
44.025	-56.8125
44.1	-56.875
44.175	-56.9375
44.25	-56.8125
44.325	-56.8125
44.4	-56.7188
44.475	-56.9062
44.55	-56.8125
44.625	-56.75
44.7	-56.8125
44.775	-56.8125
44.85	-56.8125
44.925	-56.6562
45	-56.75
45.075	-56.7813
45.15	-56.75
45.225	-56.625
45.3	-56.5937
45.375	-56.8438
45.45	-56.6562
45.525	-56.5625
45.6	-56.6875
45.675	-56.75
45.75	-56.75
45.825	-56.4375
45.9	-56.6875
45.975	-56.6562
46.05	-56.5
46.125	-56.5937
46.2	-56.5625
46.275	-56.6562
46.35	-56.625
46.425	-56.5313
46.5	-56.5313
46.575	-56.5
46.65	-56.4375
46.725	-56.4688
46.8	-56.5625
46.875	-56.5313
46.95	-56.4375
47.025	-56.2812
47.1	-56.4375
47.175	-56.5
47.25	-56.5
47.325	-56.3437
47.4	-56.4062
47.475	-56.5
47.55	-56.4375
47.625	-56.375
47.7	-56.3125
47.775	-56.375
47.85	-56.4062
47.925	-56.3437
48	-56.25
48.075	-56.3437
48.15	-56.2812
48.225	-56.25
48.3	-56.2812
48.375	-56.25
48.45	-56.2812
48.525	-56.3437
48.6	-56.25
48.675	-56.25
48.75	-56.25
48.825	-56.1563
48.9	-56.2188
48.975	-56.1875
49.05	-56.2188
49.125	-56.2188
49.2	-56.1563
49.275	-56.1563
49.35	-56.125
49.425	-56.1563
49.5	-56.1563
49.575	-56.1563
49.65	-56.1563
49.725	-56.0625
49.8	-56.1563
49.875	-56.125
49.95	-56.0312
50.025	-56.0937
50.1	-56.125
50.175	-56.0937
50.25	-55.9688
50.325	-56.0625
50.4	-56.0625
50.475	-55.9375
50.55	-56.0625
50.625	-56.0625
50.7	-56
50.775	-56.0937
50.85	-55.9375
50.925	-56.0312
51	-55.9688
51.075	-55.9375
51.15	-55.9375
51.225	-56
51.3	-55.8437
51.375	-56.0312
51.45	-55.9063
51.525	-55.9063
51.6	-56
51.675	-55.9063
51.75	-55.875
51.825	-55.9063
51.9	-55.8125
51.975	-55.8125
52.05	-55.9063
52.125	-55.7812
52.2	-55.8437
52.275	-55.7812
52.35	-55.7812
52.425	-55.8437
52.5	-55.75
52.575	-55.6875
52.65	-55.8437
52.725	-55.7187
52.8	-55.6875
52.875	-55.7812
52.95	-55.7812
53.025	-55.7812
53.1	-55.5625
53.175	-55.6563
53.25	-55.7812
53.325	-55.5625
53.4	-55.6563
53.475	-55.625
53.55	-55.6875
53.625	-55.625
53.7	-55.4687
53.775	-55.625
53.85	-55.5625
53.925	-55.6563
54	-55.375
54.075	-55.625
54.15	-55.5938
54.225	-55.5312
54.3	-55.5625
54.375	-55.5
54.45	-55.6563
54.525	-55.5
54.6	-55.4063
54.675	-55.5312
54.75	-55.5938
54.825	-55.4687
54.9	-55.4063
54.975	-55.5938
55.05	-55.5625
55.125	-55.4375
55.2	-55.375
55.275	-55.625
55.35	-55.5312
55.425	-55.375
55.5	-55.2813
55.575	-55.4687
55.65	-55.5625
55.725	-55.375
55.8	-55.2813
55.875	-55.375
55.95	-55.5312
56.025	-55.4063
56.1	-55.25
56.175	-55.4063
56.25	-55.5312
56.325	-55.3438
56.4	-55.3438
56.475	-55.3125
56.55	-55.4063
56.625	-55.3125
56.7	-55.25
56.775	-55.2813
56.85	-55.375
56.925	-55.2813
57	-55.25
57.075	-55.3438
57.15	-55.3125
57.225	-55.25
57.3	-55.1875
57.375	-55.3125
57.45	-55.2187
57.525	-55.1562
57.6	-55.3125
57.675	-55.3438
57.75	-55.2187
57.825	-55.25
57.9	-55.2813
57.975	-55.25
58.05	-55.1562
58.125	-55.1875
58.2	-55.2187
58.275	-55.125
58.35	-55.2187
58.425	-55.2187
58.5	-55.125
58.575	-55.1875
58.65	-55.2187
58.725	-55.125
58.8	-55.1562
58.875	-55.2187
58.95	-55.125
59.025	-55.0938
59.1	-55.1875
59.175	-55.125
59.25	-55.0938
59.325	-55.1875
59.4	-55.1562
59.475	-55.0625
59.55	-55.0938
59.625	-55
59.7	-55.0625
59.775	-55.1875
59.85	-55.0313
59.925	-55.0938
60	-55.0313
60.075	-54.9375
60.15	-55.125
60.225	-55
60.3	-55
60.375	-55
60.45	-54.9062
60.525	-55.0938
60.6	-55
60.675	-54.9687
60.75	-55.0625
60.825	-55
60.9	-54.9375
60.975	-54.9062
61.05	-54.9062
61.125	-55.125
61.2	-54.9062
61.275	-54.875
61.35	-55.0313
61.425	-54.9687
61.5	-54.9062
61.575	-54.7813
61.65	-54.9062
61.725	-54.9687
61.8	-54.8125
61.875	-54.9062
61.95	-54.9062
62.025	-54.9687
62.1	-54.9062
62.175	-54.75
62.25	-54.9062
62.325	-54.875
62.4	-54.8125
62.475	-54.8125
62.55	-54.8125
62.625	-54.9375
62.7	-54.7813
62.775	-54.7813
62.85	-54.875
62.925	-54.875
63	-54.7188
63.075	-54.7813
63.15	-54.9687
63.225	-54.9062
63.3	-54.7188
63.375	-54.625
63.45	-54.75
63.525	-54.8437
63.6	-54.8437
63.675	-54.6875
63.75	-54.8125
63.825	-54.7813
63.9	-54.7188
63.975	-54.8125
64.05	-54.8437
64.125	-54.7188
64.2	-54.625
64.275	-54.7188
64.35	-54.8125
64.425	-54.7188
64.5	-54.5625
64.575	-54.75
64.65	-54.8125
64.725	-54.625
64.8	-54.625
64.875	-54.6875
64.95	-54.6562
65.025	-54.6875
65.1	-54.6875
65.175	-54.6562
65.25	-54.625
65.325	-54.6562
65.4	-54.6562
65.475	-54.5937
65.55	-54.6875
65.625	-54.6875
65.7	-54.625
65.775	-54.5313
65.85	-54.5625
65.925	-54.625
66	-54.5
66.075	-54.6562
66.15	-54.7188
66.225	-54.5313
66.3	-54.5313
66.375	-54.6875
66.45	-54.6562
66.525	-54.5
66.6	-54.5313
66.675	-54.5313
66.75	-54.5
66.825	-54.4688
66.9	-54.5625
66.975	-54.5
67.05	-54.5
67.125	-54.5937
67.2	-54.5
67.275	-54.4688
67.35	-54.5625
67.425	-54.5313
67.5	-54.375
67.575	-54.5
67.65	-54.4688
67.725	-54.5
67.8	-54.5625
67.875	-54.4375
67.95	-54.4688
68.025	-54.5625
68.1	-54.4375
68.175	-54.5
68.25	-54.5
68.325	-54.375
68.4	-54.5
68.475	-54.375
68.55	-54.375
68.625	-54.5
68.7	-54.4063
68.775	-54.375
68.85	-54.3125
68.925	-54.4375
69	-54.4688
69.075	-54.3437
69.15	-54.4375
69.225	-54.4375
69.3	-54.4375
69.375	-54.4688
69.45	-54.3125
69.525	-54.5
69.6	-54.4688
69.675	-54.3125
69.75	-54.3437
69.825	-54.375
69.9	-54.4688
69.975	-54.4063
70.05	-54.25
70.125	-54.4688
70.2	-54.3125
70.275	-54.3125
70.35	-54.2812
70.425	-54.375
70.5	-54.4063
70.575	-54.2188
70.65	-54.375
70.725	-54.4063
70.8	-54.375
70.875	-54.25
70.95	-54.1875
71.025	-54.4688
71.1	-54.25
71.175	-54.1563
71.25	-54.2812
71.325	-54.4375
71.4	-54.25
71.475	-54.125
71.55	-54.1875
71.625	-54.4375
71.7	-54.3437
71.775	-54.1875
71.85	-54.125
71.925	-54.25
72	-54.3437
72.075	-54.2188
72.15	-54.1875
72.225	-54.2188
72.3	-54.3125
72.375	-54.25
72.45	-54.2188
72.525	-54.2188
72.6	-54.1875
72.675	-54.2188
72.75	-54.3125
72.825	-54.3125
72.9	-54.2188
72.975	-54.2188
73.05	-54.25
73.125	-54.25
73.2	-54.125
73.275	-54.1875
73.35	-54.2188
73.425	-54.2188
73.5	-54.2188
73.575	-54.1875
73.65	-54.2188
73.725	-54.125
73.8	-54.2188
73.875	-54.2188
73.95	-54.1875
74.025	-54.1875
74.1	-54.1875
74.175	-54.2188
74.25	-54.0937
74.325	-54.125
74.4	-54.1875
74.475	-54.125
74.55	-54.0625
74.625	-54.125
74.7	-54.0625
74.775	-54.0625
74.85	-54.2188
74.925	-54.1875
75	-54.0625
75.075	-54.125
75.15	-54.125
75.225	-54.0625
75.3	-54.0937
75.375	-54.0937
75.45	-54.0625
75.525	-54.125
75.6	-54.0937
75.675	-54
75.75	-54.1563
75.825	-54.0312
75.9	-54.0312
75.975	-54.125
76.05	-54.0312
76.125	-54
76.2	-54.0625
76.275	-54.0937
76.35	-54
76.425	-54.0625
76.5	-54.0625
76.575	-54.0312
76.65	-54.0937
76.725	-53.9375
76.8	-54
76.875	-54.125
76.95	-54
77.025	-54.0937
77.1	-54.0625
77.175	-54.0312
77.25	-54.0937
77.325	-53.9063
77.4	-53.9375
77.475	-54.0937
77.55	-53.9063
77.625	-54.0312
77.7	-54
77.775	-53.9375
77.85	-54
77.925	-53.9063
78	-54.0937
78.075	-53.9687
78.15	-53.8125
78.225	-53.9687
78.3	-53.9687
78.375	-54.0625
78.45	-53.9063
78.525	-53.875
78.6	-54.1563
78.675	-54.0312
78.75	-53.9375
78.825	-53.9063
78.9	-53.9375
78.975	-54
79.05	-53.8438
79.125	-54
79.2	-53.9687
79.275	-54.0312
79.35	-54
79.425	-53.9063
79.5	-54.0312
79.575	-54.0625
79.65	-53.875
79.725	-53.875
79.8	-54.0625
79.875	-54.0312
79.95	-53.875
80.025	-53.8438
80.1	-53.9375
80.175	-53.9063
80.25	-53.875
80.325	-53.9063
80.4	-53.9375
80.475	-53.8438
80.55	-53.875
80.625	-54
80.7	-54
80.775	-53.7812
80.85	-53.8125
80.925	-53.9375
81	-54.0312
81.075	-53.8125
81.15	-53.8125
81.225	-53.9375
81.3	-53.9375
81.375	-53.7812
81.45	-53.8438
81.525	-53.875
81.6	-53.8125
81.675	-53.75
81.75	-53.8438
81.825	-53.8438
81.9	-53.8438
81.975	-53.7812
82.05	-53.7812
82.125	-53.8125
82.2	-53.8125
82.275	-53.8125
82.35	-53.8438
82.425	-53.8438
82.5	-53.7812
82.575	-53.8438
82.65	-53.8438
82.725	-53.8125
82.8	-53.7812
82.875	-53.7812
82.95	-53.7812
83.025	-53.7812
83.1	-53.8125
83.175	-53.8438
83.25	-53.75
83.325	-53.7812
83.4	-53.875
83.475	-53.8438
83.55	-53.7187
83.625	-53.75
83.7	-53.8125
83.775	-53.6875
83.85	-53.8125
83.925	-53.8125
84	-53.6563
84.075	-53.8125
84.15	-53.75
84.225	-53.6563
84.3	-53.7812
84.375	-53.7187
84.45	-53.7187
84.525	-53.7812
84.6	-53.5938
84.675	-53.6875
84.75	-53.7812
84.825	-53.6563
84.9	-53.625
84.975	-53.8125
85.05	-53.6875
85.125	-53.6563
85.2	-53.7187
85.275	-53.5938
85.35	-53.75
85.425	-53.6563
85.5	-53.6563
85.575	-53.8125
85.65	-53.6875
85.725	-53.6875
85.8	-53.6875
85.875	-53.6563
85.95	-53.75
86.025	-53.6563
86.1	-53.6875
86.175	-53.7812
86.25	-53.6875
86.325	-53.6875
86.4	-53.625
86.475	-53.75
86.55	-53.6875
86.625	-53.625
86.7	-53.6875
86.775	-53.7187
86.85	-53.75
86.925	-53.5313
87	-53.625
87.075	-53.6563
87.15	-53.6875
87.225	-53.5313
87.3	-53.625
87.375	-53.6875
87.45	-53.5625
87.525	-53.5625
87.6	-53.5
87.675	-53.625
87.75	-53.5625
87.825	-53.4062
87.9	-53.5
87.975	-53.5938
88.05	-53.5313
88.125	-53.375
88.2	-53.4375
88.275	-53.5938
88.35	-53.5625
88.425	-53.4687
88.5	-53.5
88.575	-53.5
88.65	-53.4687
88.725	-53.4062
88.8	-53.5313
88.875	-53.5625
88.95	-53.5
89.025	-53.3438
89.1	-53.4375
89.175	-53.5938
89.25	-53.5
89.325	-53.375
89.4	-53.4062
89.475	-53.5625
89.55	-53.4687
89.625	-53.3438
89.7	-53.4375
89.775	-53.5
89.85	-53.4687
89.925	-53.375
90	-53.4375
90.075	-53.5313
90.15	-53.4687
90.225	-53.4062
90.3	-53.5313
90.375	-53.5313
90.45	-53.4062
90.525	-53.2813
90.6	-53.4375
90.675	-53.5
90.75	-53.375
90.825	-53.3438
90.9	-53.5
90.975	-53.4375
91.05	-53.3125
91.125	-53.4062
91.2	-53.5
91.275	-53.4062
91.35	-53.4062
91.425	-53.4062
91.5	-53.4062
91.575	-53.3438
91.65	-53.4062
91.725	-53.4375
91.8	-53.375
91.875	-53.4375
91.95	-53.4687
92.025	-53.3125
92.1	-53.375
92.175	-53.4062
92.25	-53.25
92.325	-53.3438
92.4	-53.3438
92.475	-53.25
92.55	-53.4062
92.625	-53.4062
92.7	-53.25
92.775	-53.375
92.85	-53.3438
92.925	-53.2813
93	-53.2813
93.075	-53.4062
93.15	-53.2187
93.225	-53.3438
93.3	-53.25
93.375	-53.1562
93.45	-53.3438
93.525	-53.3125
93.6	-53.1562
93.675	-53.2813
93.75	-53.1875
93.825	-53.1562
93.9	-53.1875
93.975	-53.125
94.05	-53.2187
94.125	-53.2187
94.2	-53.0938
94.275	-53.2813
94.35	-53.2187
94.425	-53.1562
94.5	-53.0625
94.575	-53.0625
94.65	-53.2187
94.725	-53.125
94.8	-53
94.875	-53.125
94.95	-53.1875
95.025	-53.125
95.1	-52.9688
95.175	-53.0938
95.25	-53.0938
95.325	-53.125
95.4	-53.0313
95.475	-53.0625
95.55	-53.2187
95.625	-53.0313
95.7	-53
95.775	-52.9688
95.85	-53.125
95.925	-53
96	-52.9062
96.075	-53.0625
96.15	-53.0938
96.225	-52.9375
96.3	-53
96.375	-53.125
96.45	-53.0938
96.525	-52.9688
96.6	-52.9375
96.675	-53.0625
96.75	-53.0938
96.825	-53
96.9	-52.8125
96.975	-52.9062
97.05	-53.0625
97.125	-53.0313
97.2	-52.9688
97.275	-52.9688
97.35	-53
97.425	-53.0313
97.5	-52.9688
97.575	-53
97.65	-53
97.725	-53
97.8	-53
97.875	-53
97.95	-53
98.025	-52.9375
98.1	-53
98.175	-53
98.25	-52.9688
98.325	-53.0313
98.4	-53
98.475	-53
98.55	-53
98.625	-52.9688
98.7	-52.875
98.775	-53
98.85	-53.0625
98.925	-52.9062
99	-52.8437
99.075	-53.0625
99.15	-53.0313
99.225	-52.9375
99.3	-52.9688
99.375	-53
99.45	-52.9375
99.525	-52.875
99.6	-53
99.675	-53
99.75	-52.8125
99.825	-52.875
99.9	-52.9688
99.975	-52.9062
100.05	-52.9688
100.125	-52.9062
100.2	-52.9688
100.275	-52.875
100.35	-53
100.425	-53.0313
100.5	-52.9375
100.575	-52.9688
100.65	-52.9062
100.725	-52.875
100.8	-52.9688
100.875	-52.9688
100.95	-52.9062
101.025	-52.9375
101.1	-53
101.175	-52.875
101.25	-52.9062
101.325	-52.9375
101.4	-52.7813
101.475	-52.875
101.55	-52.9375
101.625	-52.8437
101.7	-52.9062
101.775	-52.9062
101.85	-52.8125
101.925	-52.9688
102	-52.9062
102.075	-52.8125
102.15	-52.9062
102.225	-52.8437
102.3	-52.875
102.375	-52.8437
102.45	-52.8125
102.525	-53
102.6	-52.8437
102.675	-52.8125
102.75	-52.9688
102.825	-52.8437
102.9	-52.875
102.975	-52.7813
103.05	-52.8437
103.125	-52.9375
103.2	-52.8125
103.275	-52.8125
103.35	-52.8437
103.425	-52.9375
103.5	-52.9062
103.575	-52.7813
103.65	-52.875
103.725	-52.8437
103.8	-52.8437
103.875	-52.6875
103.95	-52.9062
104.025	-52.875
104.1	-52.7813
104.175	-52.8125
104.25	-52.8437
104.325	-52.9688
104.4	-52.8125
104.475	-52.6875
104.55	-52.8437
104.625	-52.9375
104.7	-52.8125
104.775	-52.75
104.85	-52.75
104.925	-52.9062
105	-52.8437
105.075	-52.75
105.15	-52.7813
105.225	-52.7813
105.3	-52.7813
105.375	-52.7813
105.45	-52.9062
105.525	-52.9062
105.6	-52.7188
105.675	-52.625
105.75	-52.8437
105.825	-52.9062
105.9	-52.7813
105.975	-52.7813
106.05	-52.8437
106.125	-52.9062
106.2	-52.8437
106.275	-52.75
106.35	-52.8125
106.425	-52.9062
106.5	-52.8437
106.575	-52.75
106.65	-52.7813
106.725	-52.8437
106.8	-52.7813
106.875	-52.7813
106.95	-52.8125
107.025	-52.9062
107.1	-52.7813
107.175	-52.7188
107.25	-52.875
107.325	-52.875
107.4	-52.7813
107.475	-52.8125
107.55	-52.9062
107.625	-52.8437
107.7	-52.7813
107.775	-52.875
107.85	-52.875
107.925	-52.75
108	-52.8125
108.075	-52.8125
108.15	-52.75
108.225	-52.8437
108.3	-52.8125
108.375	-52.7813
108.45	-52.875
108.525	-52.8437
108.6	-52.7813
108.675	-52.8437
108.75	-52.9062
108.825	-52.7188
108.9	-52.875
108.975	-52.8125
109.05	-52.8437
109.125	-52.7813
109.2	-52.8125
109.275	-52.75
109.35	-52.75
109.425	-52.8437
109.5	-52.6875
109.575	-52.7813
109.65	-52.7813
109.725	-52.75
109.8	-52.7813
109.875	-52.7813
109.95	-52.7188
110.025	-52.8125
110.1	-52.8125
110.175	-52.6562
110.25	-52.8125
110.325	-52.7813
110.4	-52.75
110.475	-52.75
110.55	-52.6562
110.625	-52.875
110.7	-52.875
110.775	-52.6875
110.85	-52.8125
110.925	-52.75
111	-52.8125
111.075	-52.75
111.15	-52.6875
111.225	-52.8437
111.3	-52.7813
111.375	-52.8125
111.45	-52.6875
111.525	-52.8437
111.6	-52.875
111.675	-52.8437
111.75	-52.7813
111.825	-52.6562
111.9	-52.875
111.975	-52.75
112.05	-52.8125
112.125	-52.7813
112.2	-52.7813
112.275	-52.8437
112.35	-52.625
112.425	-52.8125
112.5	-52.8437
112.575	-52.625
112.65	-52.6875
112.725	-52.8125
112.8	-52.75
112.875	-52.7813
112.95	-52.7188
113.025	-52.7813
113.1	-52.7813
113.175	-52.8125
113.25	-52.75
113.325	-52.8125
113.4	-52.8125
113.475	-52.6562
113.55	-52.7188
113.625	-52.875
113.7	-52.8125
113.775	-52.7188
113.85	-52.625
113.925	-52.875
114	-52.9375
114.075	-52.7813
114.15	-52.6875
114.225	-52.8437
114.3	-52.9375
114.375	-52.7813
114.45	-52.75
114.525	-52.875
114.6	-52.875
114.675	-52.7813
114.75	-52.7188
114.825	-52.8125
114.9	-52.875
114.975	-52.6875
115.05	-52.7188
115.125	-52.875
115.2	-52.7813
115.275	-52.7813
115.35	-52.7813
115.425	-52.8437
115.5	-52.875
115.575	-52.6875
115.65	-52.7188
115.725	-52.8437
115.8	-52.7813
115.875	-52.6562
115.95	-52.8125
116.025	-52.9062
116.1	-52.7813
116.175	-52.6875
116.25	-52.7813
116.325	-52.8125
116.4	-52.6875
116.475	-52.7188
116.55	-52.8125
116.625	-52.75
116.7	-52.7188
116.775	-52.8125
116.85	-52.75
116.925	-52.75
117	-52.9062
117.075	-52.7813
117.15	-52.75
117.225	-52.875
117.3	-52.75
117.375	-52.8437
117.45	-52.875
117.525	-52.75
117.6	-52.8125
117.675	-52.8437
117.75	-52.7188
117.825	-52.875
117.9	-52.9062
117.975	-52.75
118.05	-52.875
118.125	-52.8125
118.2	-52.75
118.275	-52.875
118.35	-52.7813
118.425	-52.875
118.5	-52.8437
118.575	-52.7813
118.65	-52.7813
118.725	-52.8125
118.8	-52.8125
118.875	-52.9375
118.95	-52.75
119.025	-52.75
119.1	-52.8437
119.175	-52.7813
119.25	-52.875
119.325	-52.7813
119.4	-52.7813
119.475	-52.9062
119.55	-52.7188
119.625	-52.7813
119.7	-52.8437
119.775	-52.75
119.85	-52.7813
119.925	-52.75
120	-52.7813
120.075	-52.9062
120.15	-52.6875
120.225	-52.7813
120.3	-52.9062
120.375	-52.8125
120.45	-52.7813
120.525	-52.6562
120.6	-52.9062
120.675	-52.8125
120.75	-52.7188
120.825	-52.75
120.9	-52.7813
120.975	-52.9062
121.05	-52.7813
121.125	-52.6562
121.2	-52.8437
121.275	-52.9062
121.35	-52.7813
121.425	-52.6875
121.5	-52.7813
121.575	-52.9062
121.65	-52.7188
121.725	-52.8437
121.8	-52.8125
121.875	-52.8125
121.95	-52.7188
122.025	-52.7813
122.1	-52.9062
122.175	-52.8437
122.25	-52.6875
122.325	-52.7188
122.4	-52.875
122.475	-52.9062
122.55	-52.6875
122.625	-52.7813
122.7	-52.9375
122.775	-52.875
122.85	-52.6875
122.925	-52.7813
123	-52.9375
123.075	-52.7813
123.15	-52.6875
123.225	-52.875
123.3	-52.9062
123.375	-52.7813
123.45	-52.7813
123.525	-52.8437
123.6	-52.8125
123.675	-52.6875
123.75	-52.7813
123.825	-52.8437
123.9	-52.8437
123.975	-52.8125
124.05	-52.8437
124.125	-52.8125
124.2	-52.7813
124.275	-52.8437
124.35	-52.8125
124.425	-52.8437
124.5	-52.8437
124.575	-52.9062
124.65	-52.7813
124.725	-52.7813
124.8	-52.8125
124.875	-52.8125
124.95	-52.7813
125.025	-52.75
125.1	-52.875
125.175	-52.8125
125.25	-52.8437
125.325	-52.9062
125.4	-52.7813
125.475	-52.8125
125.55	-52.875
125.625	-52.7813
125.7	-52.75
125.775	-52.875
125.85	-52.8125
125.925	-52.7813
126	-52.8437
126.075	-52.75
126.15	-52.8437
126.225	-52.8437
126.3	-52.75
126.375	-52.8125
126.45	-52.8125
126.525	-52.6875
126.6	-52.8437
126.675	-52.7813
126.75	-52.7188
126.825	-52.7813
126.9	-52.7188
126.975	-52.8125
127.05	-52.8437
127.125	-52.7188
127.2	-52.7813
127.275	-52.8125
127.35	-52.7188
127.425	-52.8125
127.5	-52.8125
127.575	-52.7813
127.65	-52.9062
127.725	-52.625
127.8	-52.7813
127.875	-52.7813
127.95	-52.75
128.025	-52.75
128.1	-52.6562
128.175	-52.9062
128.25	-52.8125
128.325	-52.7188
128.4	-52.7813
128.475	-52.8125
128.55	-52.875
128.625	-52.6875
128.7	-52.75
128.775	-52.8437
128.85	-52.8437
128.925	-52.7188
129	-52.75
129.075	-52.9688
129.15	-52.8125
129.225	-52.7813
129.3	-52.75
129.375	-52.7813
129.45	-52.8125
129.525	-52.7188
129.6	-52.6875
129.675	-52.875
129.75	-52.9062
129.825	-52.8125
129.9	-52.7813
129.975	-52.7813
130.05	-52.875
130.125	-52.7813
130.2	-52.7813
130.275	-52.8437
130.35	-52.75
130.425	-52.625
130.5	-52.8437
130.575	-52.9688
130.65	-52.875
130.725	-52.6562
130.8	-52.625
130.875	-52.8125
130.95	-52.8125
131.025	-52.6562
131.1	-52.7813
131.175	-52.9375
131.25	-52.8125
131.325	-52.6875
131.4	-52.75
131.475	-52.875
131.55	-52.75
131.625	-52.6562
131.7	-52.9062
131.775	-52.9062
131.85	-52.7188
131.925	-52.75
132	-52.8437
132.075	-52.7813
132.15	-52.75
132.225	-52.7813
132.3	-52.8125
132.375	-52.7813
132.45	-52.7813
132.525	-52.8125
132.6	-52.8125
132.675	-52.75
132.75	-52.75
132.825	-52.9062
132.9	-52.8125
132.975	-52.7813
133.05	-52.875
133.125	-52.8437
133.2	-52.7813
133.275	-52.9062
133.35	-52.75
133.425	-52.7813
133.5	-52.875
133.575	-52.8437
133.65	-52.7813
133.725	-52.8437
133.8	-52.9062
133.875	-52.8125
133.95	-52.75
134.025	-52.875
134.1	-52.9062
134.175	-52.7813
134.25	-52.875
134.325	-52.8437
134.4	-52.7813
134.475	-52.9062
134.55	-52.8125
134.625	-52.75
134.7	-52.9062
134.775	-52.875
134.85	-52.8125
134.925	-52.9375
135	-52.7813
135.075	-52.8437
135.15	-52.8437
135.225	-52.75
135.3	-52.875
135.375	-52.8437
135.45	-52.8437
135.525	-52.875
135.6	-52.75
135.675	-52.8125
135.75	-52.9062
135.825	-52.8125
135.9	-52.875
135.975	-52.75
136.05	-52.875
136.125	-52.9375
136.2	-52.7188
136.275	-52.7813
136.35	-52.8437
136.425	-52.9375
136.5	-52.7813
136.575	-52.8437
136.65	-52.875
136.725	-52.8437
136.8	-52.8437
136.875	-52.7813
136.95	-52.9062
137.025	-52.9062
137.1	-52.75
137.175	-52.8125
137.25	-52.8437
137.325	-52.875
137.4	-52.9062
137.475	-52.75
137.55	-52.9688
137.625	-52.875
137.7	-52.75
137.775	-52.9062
137.85	-52.9062
137.925	-52.8437
138	-52.7813
138.075	-52.8437
138.15	-52.9062
138.225	-52.875
138.3	-52.6875
138.375	-52.7188
138.45	-52.9375
138.525	-52.875
138.6	-52.8125
138.675	-52.8125
138.75	-52.875
138.825	-52.9062
138.9	-52.7813
138.975	-52.7813
139.05	-52.8125
139.125	-52.8125
139.2	-52.8437
139.275	-52.9062
139.35	-52.9375
139.425	-52.875
139.5	-52.9062
139.575	-52.8437
139.65	-52.8437
139.725	-52.875
139.8	-52.9062
139.875	-52.9688
139.95	-52.8125
140.025	-52.9375
140.1	-52.8437
140.175	-52.8437
140.25	-52.875
140.325	-52.9375
140.4	-52.875
140.475	-52.875
140.55	-52.9375
140.625	-52.9688
140.7	-52.8437
140.775	-52.9062
140.85	-52.9375
140.925	-52.875
141	-52.8437
141.075	-52.9375
141.15	-52.9688
141.225	-52.8125
141.3	-52.8125
141.375	-53
141.45	-52.9062
141.525	-52.8125
141.6	-52.9062
141.675	-52.9375
141.75	-52.7813
141.825	-52.9375
141.9	-52.9375
141.975	-52.875
142.05	-52.875
142.125	-52.9375
142.2	-52.9062
142.275	-52.9375
142.35	-52.875
142.425	-52.8437
142.5	-52.9688
142.575	-52.9062
142.65	-52.875
142.725	-52.9688
142.8	-52.9062
142.875	-52.8125
142.95	-52.9688
143.025	-52.9688
143.1	-52.9062
143.175	-52.9688
143.25	-52.9375
143.325	-52.9062
143.4	-52.9688
143.475	-52.875
143.55	-52.8437
143.625	-52.9062
143.7	-52.9062
143.775	-52.7813
143.85	-52.9375
143.925	-52.9375
144	-52.8125
144.075	-52.9375
144.15	-52.8125
144.225	-53
144.3	-52.9688
144.375	-52.8437
144.45	-52.9375
144.525	-52.9688
144.6	-53.0313
144.675	-52.875
144.75	-52.9688
144.825	-53
144.9	-52.875
144.975	-52.9375
145.05	-52.8437
145.125	-53.0313
145.2	-52.9062
145.275	-52.8125
145.35	-52.9688
145.425	-52.9375
145.5	-53.0938
145.575	-52.875
145.65	-52.9375
145.725	-53
145.8	-52.9062
145.875	-52.9688
145.95	-52.875
146.025	-53.0313
146.1	-53
146.175	-52.875
146.25	-53
146.325	-53.0938
146.4	-53
146.475	-52.7813
146.55	-52.9375
146.625	-53.125
146.7	-53.0313
146.775	-52.9062
146.85	-52.9375
146.925	-52.9688
147	-52.9375
147.075	-52.9688
147.15	-52.9375
147.225	-53
147.3	-52.9375
147.375	-52.9375
147.45	-53.0313
147.525	-53.0313
147.6	-52.9062
147.675	-52.9062
147.75	-53
147.825	-53.0625
147.9	-52.875
147.975	-52.8437
148.05	-53
148.125	-53.0313
148.2	-52.9062
148.275	-53
148.35	-53.0625
148.425	-52.9688
148.5	-52.8437
148.575	-52.9688
148.65	-53
148.725	-52.9688
148.8	-52.8125
148.875	-52.9688
148.95	-53
149.025	-53
149.1	-52.9062
149.175	-53
149.25	-52.9688
149.325	-52.9688
149.4	-53.0313
149.475	-53.0313
149.55	-52.9688
149.625	-53
149.7	-53
149.775	-52.9688
149.85	-52.9375
149.925	-53.0938
150	-53
150.075	-52.9062
150.15	-53.0938
150.225	-53.0313
150.3	-52.9688
150.375	-52.9688
150.45	-53.0313
150.525	-52.9375
150.6	-52.9062
150.675	-53.0313
150.75	-52.9375
150.825	-52.875
150.9	-53.0313
150.975	-52.9688
151.05	-52.9062
151.125	-53
151.2	-52.9688
151.275	-52.875
151.35	-53.0625
151.425	-52.9688
151.5	-53
151.575	-53
151.65	-52.9375
151.725	-53
151.8	-53.0313
151.875	-53
151.95	-53.0313
152.025	-52.9062
152.1	-53.0625
152.175	-53
152.25	-52.9375
152.325	-53.125
152.4	-53.0313
152.475	-53
152.55	-52.9688
152.625	-53
152.7	-53.1562
152.775	-52.9688
152.85	-53
152.925	-53.0625
153	-53.0625
153.075	-53.0938
153.15	-52.9062
153.225	-53.0625
153.3	-53.125
153.375	-53
153.45	-53.0625
153.525	-53.0313
153.6	-53.125
153.675	-53.0313
153.75	-52.9062
153.825	-53
153.9	-53.0938
153.975	-53.0625
154.05	-52.875
154.125	-53.125
154.2	-53
154.275	-53.0938
154.35	-53
154.425	-53
154.5	-53.1562
154.575	-53.0938
154.65	-52.9375
154.725	-53
154.8	-53
154.875	-53
154.95	-52.9688
155.025	-53
155.1	-52.9688
155.175	-53
155.25	-53
155.325	-53.0625
155.4	-53.125
155.475	-53
155.55	-52.9688
155.625	-53.0938
155.7	-53.1562
155.775	-53
155.85	-52.875
155.925	-53.125
156	-53.125
156.075	-53
156.15	-52.9375
156.225	-53.125
156.3	-53.125
156.375	-53
156.45	-52.875
156.525	-53.125
156.6	-53.1562
156.675	-52.9375
156.75	-52.9688
156.825	-53.0313
156.9	-52.9688
156.975	-53
157.05	-53
157.125	-53.1562
157.2	-53
157.275	-52.9688
157.35	-53.0313
157.425	-53.0625
157.5	-52.9688
157.575	-52.9688
157.65	-53.0938
157.725	-53.0938
157.8	-52.9375
157.875	-53.0625
157.95	-53.0938
158.025	-53
158.1	-52.9688
158.175	-53.0938
158.25	-53.0313
158.325	-52.9688
158.4	-53
158.475	-53
158.55	-52.9688
158.625	-53.0313
158.7	-53.0938
158.775	-53.0313
158.85	-53.0313
158.925	-53.1562
159	-53.0938
159.075	-53.0625
159.15	-53.0625
159.225	-53.125
159.3	-53
159.375	-53.0938
159.45	-53.0625
159.525	-52.9375
159.6	-53.1562
159.675	-53.0938
159.75	-53.0625
159.825	-53.0313
159.9	-53
159.975	-53.125
160.05	-53.0313
160.125	-52.9062
160.2	-53.0625
160.275	-53.0313
160.35	-53.125
160.425	-53.125
160.5	-53
160.575	-53.1875
160.65	-53.0625
160.725	-53.0625
160.8	-53.0938
160.875	-53.0625
160.95	-53.0938
161.025	-52.9062
161.1	-53.0938
161.175	-53.125
161.25	-53.0313
161.325	-53.0938
161.4	-53.0313
161.475	-53.125
161.55	-53.0625
161.625	-52.9688
161.7	-53.0938
161.775	-53
161.85	-53
161.925	-53
162	-53
162.075	-53.0938
162.15	-53
162.225	-53.0625
162.3	-53.0313
162.375	-53.125
162.45	-53.0625
162.525	-53
162.6	-53.0938
162.675	-53.0938
162.75	-53.0625
162.825	-53.0313
162.9	-53.0313
162.975	-53.125
163.05	-53.125
163.125	-53.0625
163.2	-53.1562
163.275	-53.1562
163.35	-53.0938
163.425	-53.0938
163.5	-53.1562
163.575	-53.2187
163.65	-52.9375
163.725	-52.9375
163.8	-53.1562
163.875	-53.125
163.95	-53.1562
164.025	-53.0625
164.1	-53.0938
164.175	-53.0625
164.25	-53.0938
164.325	-53.1562
164.4	-53.125
164.475	-53.1562
164.55	-53.125
164.625	-53.125
164.7	-53.125
164.775	-53.1562
164.85	-53.0625
164.925	-53
165	-53.0625
165.075	-53.2187
165.15	-53.0938
165.225	-53.0625
165.3	-53.1562
165.375	-53.125
165.45	-53.0625
165.525	-53
165.6	-53.1875
165.675	-53.0938
165.75	-52.9688
165.825	-53.125
165.9	-53.1875
165.975	-53
166.05	-53.0313
166.125	-53.125
166.2	-53.125
166.275	-53
166.35	-53.125
166.425	-53.0625
166.5	-53.0938
166.575	-53.0938
166.65	-53
166.725	-53.0313
166.8	-53.1875
166.875	-53.125
166.95	-53.0938
167.025	-53.125
167.1	-53.125
167.175	-53.0625
167.25	-53.125
167.325	-53.0625
167.4	-53
167.475	-53.1562
167.55	-53.2187
167.625	-53.0938
167.7	-53.125
167.775	-53.2187
167.85	-53.0625
167.925	-53.125
168	-53.0625
168.075	-53.0313
168.15	-53.125
168.225	-53.125
168.3	-53.0938
168.375	-53.1875
168.45	-53.125
168.525	-53.0938
168.6	-53.1562
168.675	-53.0313
168.75	-53.1562
168.825	-53.125
168.9	-53
168.975	-53.1562
169.05	-53.125
169.125	-53.0625
169.2	-53.125
169.275	-53.0625
169.35	-53.1875
169.425	-53.125
169.5	-53.1562
169.575	-53.25
169.65	-53.2187
169.725	-53.1562
169.8	-53.0938
169.875	-53.2187
169.95	-53.2187
170.025	-53
170.1	-53.125
170.175	-53.125
170.25	-53.25
170.325	-53.125
170.4	-53.0625
170.475	-53.1875
170.55	-53.1562
170.625	-53.125
170.7	-53.0313
170.775	-53.25
170.85	-53.1562
170.925	-53.0938
171	-53.0938
171.075	-53.1562
171.15	-53.1562
171.225	-53.125
171.3	-53.0625
171.375	-53.1875
171.45	-53.1562
171.525	-53.125
171.6	-53.2187
171.675	-53.2813
171.75	-53.2187
171.825	-53.0313
171.9	-53
171.975	-53.1875
172.05	-53.1875
172.125	-53.125
172.2	-53.0625
172.275	-53.125
172.35	-53.2187
172.425	-53.125
172.5	-53.0313
172.575	-53.1562
172.65	-53.25
172.725	-53.125
172.8	-53.1562
172.875	-53.2187
172.95	-53.2813
173.025	-53.125
173.1	-53.0625
173.175	-53.1875
173.25	-53.1562
173.325	-53.0625
173.4	-53.0625
173.475	-53.2187
173.55	-53.2187
173.625	-53.1562
173.7	-53.0938
173.775	-53.2813
173.85	-53.25
173.925	-53.125
174	-53.0938
174.075	-53.2187
174.15	-53.2187
174.225	-53.0625
174.3	-53.1562
174.375	-53.1875
174.45	-53.1875
174.525	-53.125
174.6	-53.2187
174.675	-53.1562
174.75	-53.0938
174.825	-53.125
174.9	-53.2187
174.975	-53.125
175.05	-53.0938
175.125	-53.2187
175.2	-53.1562
175.275	-53.0938
175.35	-53.25
175.425	-53.1875
175.5	-53.1562
175.575	-53.2187
175.65	-53.125
175.725	-53.0938
175.8	-53.1562
175.875	-53.125
175.95	-53.125
176.025	-53.1875
176.1	-53.2187
176.175	-53.1562
176.25	-53.25
176.325	-53.1562
176.4	-53.125
176.475	-53.25
176.55	-53.2187
176.625	-53.2187
176.7	-53.2187
176.775	-53.125
176.85	-53.3125
176.925	-53.25
177	-53.125
177.075	-53.2813
177.15	-53.125
177.225	-53.2813
177.3	-53.1875
177.375	-53.0938
177.45	-53.2813
177.525	-53.1875
177.6	-53.1875
177.675	-53.1875
177.75	-53.2187
177.825	-53.3438
177.9	-53.1562
177.975	-53.25
178.05	-53.2813
178.125	-53.25
178.2	-53.25
178.275	-53.125
178.35	-53.2813
178.425	-53.25
178.5	-53.1875
178.575	-53.1875
178.65	-53.2187
178.725	-53.2813
178.8	-53.0938
178.875	-53.1875
178.95	-53.2813
179.025	-53.3125
179.1	-53.2187
179.175	-53.0625
179.25	-53.3125
179.325	-53.3125
179.4	-53.125
179.475	-53.2813
179.55	-53.3125
179.625	-53.25
179.7	-53.3125
179.775	-53.3125
179.85	-53.3438
179.925	-53.2813
180	-53.2187
180.075	-53.2813
180.15	-53.375
180.225	-53.25
180.3	-53.1562
180.375	-53.1875
180.45	-53.375
180.525	-53.375
180.6	-53.2813
180.675	-53.1562
180.75	-53.2813
180.825	-53.3125
180.9	-53.25
180.975	-53.2187
181.05	-53.2813
181.125	-53.3438
181.2	-53.3438
181.275	-53.2813
181.35	-53.3125
181.425	-53.2187
181.5	-53.2813
181.575	-53.3125
181.65	-53.3125
181.725	-53.2187
181.8	-53.3125
181.875	-53.3125
181.95	-53.25
182.025	-53.25
182.1	-53.2187
182.175	-53.1875
182.25	-53.2813
182.325	-53.3438
182.4	-53.2187
182.475	-53.2187
182.55	-53.3125
182.625	-53.25
182.7	-53.2187
182.775	-53.2813
182.85	-53.375
182.925	-53.2187
183	-53.1875
183.075	-53.2813
183.15	-53.2187
183.225	-53.125
183.3	-53.2187
183.375	-53.1875
183.45	-53.0938
183.525	-53.1562
183.6	-53.125
183.675	-52.9688
183.75	-53
183.825	-52.9688
183.9	-52.9062
183.975	-52.9375
184.05	-53
184.125	-52.9375
184.2	-52.9375
184.275	-53.0313
184.35	-52.9062
184.425	-52.9375
184.5	-52.9688
184.575	-52.875
184.65	-52.9062
184.725	-52.9375
184.8	-52.875
184.875	-52.9375
184.95	-52.9375
185.025	-52.8125
185.1	-52.9375
185.175	-52.8125
185.25	-52.875
185.325	-52.8437
185.4	-52.7813
185.475	-52.8125
185.55	-52.75
185.625	-52.8437
185.7	-52.8125
185.775	-52.6875
185.85	-52.7813
185.925	-52.8437
186	-52.8437
186.075	-52.7813
186.15	-52.7813
186.225	-52.9062
186.3	-52.875
186.375	-52.6562
186.45	-52.8437
186.525	-52.8437
186.6	-52.8437
186.675	-52.7813
186.75	-52.7188
186.825	-52.875
186.9	-52.7813
186.975	-52.625
187.05	-52.7188
187.125	-52.7188
187.2	-52.875
187.275	-52.6562
187.35	-52.7188
187.425	-52.8437
187.5	-52.7813
187.575	-52.75
187.65	-52.625
187.725	-52.7188
187.8	-52.7813
187.875	-52.6562
187.95	-52.6562
188.025	-52.7813
188.1	-52.7813
188.175	-52.7188
188.25	-52.6875
188.325	-52.75
188.4	-52.7188
188.475	-52.625
188.55	-52.7188
188.625	-52.8125
188.7	-52.6875
188.775	-52.5625
188.85	-52.7813
188.925	-52.9062
189	-52.7813
189.075	-52.5
189.15	-52.7813
189.225	-52.8437
189.3	-52.6875
189.375	-52.5625
189.45	-52.6875
189.525	-52.8125
189.6	-52.7188
189.675	-52.5
189.75	-52.75
189.825	-52.75
189.9	-52.625
189.975	-52.625
190.05	-52.7188
190.125	-52.6875
190.2	-52.6562
190.275	-52.6875
190.35	-52.6562
190.425	-52.5625
190.5	-52.625
190.575	-52.625
190.65	-52.625
190.725	-52.7188
190.8	-52.6875
190.875	-52.5625
190.95	-52.5937
191.025	-52.6562
191.1	-52.6562
191.175	-52.5625
191.25	-52.6562
191.325	-52.6875
191.4	-52.5625
191.475	-52.5312
191.55	-52.6562
191.625	-52.625
191.7	-52.5
191.775	-52.5625
191.85	-52.625
191.925	-52.5
192	-52.5
192.075	-52.625
192.15	-52.4688
192.225	-52.5312
192.3	-52.5625
192.375	-52.4688
192.45	-52.5312
192.525	-52.5937
192.6	-52.5312
192.675	-52.5625
192.75	-52.5312
192.825	-52.4688
192.9	-52.4375
192.975	-52.4688
193.05	-52.375
193.125	-52.375
193.2	-52.4063
193.275	-52.2188
193.35	-52.3437
193.425	-52.4063
193.5	-52.2188
193.575	-52.25
193.65	-52.25
193.725	-52.1875
193.8	-52.4063
193.875	-52.3125
193.95	-52.25
194.025	-52.1875
194.1	-52.125
194.175	-52.25
194.25	-52.0938
194.325	-52.1563
194.4	-52.25
194.475	-52.2188
194.55	-52.1875
194.625	-52.125
194.7	-52.25
194.775	-52.2188
194.85	-52.125
194.925	-52.2188
195	-52.125
195.075	-52.25
195.15	-52.125
195.225	-52.1563
195.3	-52.1875
195.375	-52.1875
195.45	-52.2188
195.525	-52.0625
195.6	-52.2812
195.675	-52.0938
195.75	-52
195.825	-52.0938
195.9	-52.125
195.975	-52.1563
196.05	-52
196.125	-52
196.2	-52.25
196.275	-52.2188
196.35	-51.9687
196.425	-52.125
196.5	-52.25
196.575	-52.1875
196.65	-52
196.725	-52.0625
196.8	-52.1875
196.875	-52.125
196.95	-52.0312
197.025	-52.0938
197.1	-52.125
197.175	-52.125
197.25	-52.125
197.325	-52.1875
197.4	-52.125
197.475	-52.0625
197.55	-52
197.625	-52
197.7	-52.0625
197.775	-51.9687
197.85	-52.0625
197.925	-52
198	-52.0938
198.075	-52.0625
198.15	-52.0938
198.225	-52.0625
198.3	-52
198.375	-52.0938
198.45	-52.125
198.525	-52.0938
198.6	-52
198.675	-52.0938
198.75	-52
198.825	-52
198.9	-52.0625
198.975	-52.0625
199.05	-51.9687
199.125	-51.9687
199.2	-52.0312
199.275	-52.0625
199.35	-51.9687
199.425	-51.9375
199.5	-52.0625
199.575	-52.0312
199.65	-51.875
199.725	-52.0312
199.8	-52.125
199.875	-51.9687
199.95	-51.9375
200.025	-52.0938
200.1	-51.9687
200.175	-51.9375
200.25	-51.9375
200.325	-51.9375
200.4	-51.9375
200.475	-51.9687
200.55	-52
200.625	-51.9375
200.7	-52
200.775	-52.0625
200.85	-51.9063
200.925	-52
201	-51.9687
201.075	-51.9375
201.15	-52.0312
201.225	-51.9375
201.3	-51.9375
201.375	-52.0312
201.45	-51.9063
201.525	-51.9687
201.6	-52.0312
201.675	-51.9687
201.75	-51.9687
201.825	-52
201.9	-51.9687
201.975	-51.9375
202.05	-52
202.125	-51.9375
202.2	-52.0312
202.275	-52
202.35	-51.9687
202.425	-52
202.5	-51.9375
202.575	-52.0625
202.65	-52.0625
202.725	-51.8438
202.8	-51.9687
202.875	-51.9687
202.95	-51.9375
203.025	-51.9687
203.1	-51.9687
203.175	-52.125
203.25	-51.9687
203.325	-51.9063
203.4	-52.0312
203.475	-51.9375
203.55	-52.0625
203.625	-51.9063
203.7	-51.9687
203.775	-52.0938
203.85	-52
203.925	-51.9375
204	-51.9375
204.075	-52.1563
204.15	-51.9687
204.225	-51.9687
204.3	-52.0312
204.375	-52.0625
204.45	-52
204.525	-52
204.6	-52.0625
204.675	-52
204.75	-52.0625
204.825	-52
204.9	-52
204.975	-52.0625
205.05	-51.9687
205.125	-51.9687
205.2	-52.0625
205.275	-52.125
205.35	-51.9687
205.425	-51.9375
205.5	-52.125
205.575	-52.125
205.65	-51.9687
205.725	-51.9375
205.8	-52.125
205.875	-52.2188
205.95	-52
206.025	-51.9375
206.1	-52.1563
206.175	-52.1875
206.25	-51.9687
206.325	-51.9687
206.4	-52.1563
206.475	-52.1563
206.55	-52.0938
206.625	-52
206.7	-52.125
206.775	-52.2812
206.85	-52.125
206.925	-52
207	-52.0625
207.075	-52.1563
207.15	-52
207.225	-52
207.3	-52.125
207.375	-52.1875
207.45	-52.0312
207.525	-52.0625
207.6	-52.125
207.675	-52.0625
207.75	-52.0938
207.825	-52.2188
207.9	-52.1563
207.975	-52.0625
208.05	-52.125
208.125	-52.1563
208.2	-52.0312
208.275	-52.1875
208.35	-52.1875
208.425	-52.1563
208.5	-52.125
208.575	-52.1875
208.65	-52.1875
208.725	-52.1563
208.8	-52.25
208.875	-52.1875
208.95	-52.2188
209.025	-52.25
209.1	-52.1563
209.175	-52.2188
209.25	-52.2812
209.325	-52.125
209.4	-52.125
209.475	-52.25
209.55	-52.125
209.625	-52.1875
209.7	-52.25
209.775	-52.1875
209.85	-52.2812
209.925	-52.1875
210	-52.2188
210.075	-52.2812
210.15	-52.1875
210.225	-52.1875
210.3	-52.2188
210.375	-52.125
210.45	-52.3125
210.525	-52.125
210.6	-52.125
210.675	-52.2812
210.75	-52.2188
210.825	-52.2812
210.9	-52.2188
210.975	-52.125
211.05	-52.3125
211.125	-52.25
211.2	-52.1875
211.275	-52.2188
211.35	-52.2188
211.425	-52.3437
211.5	-52.1563
211.575	-52.2188
211.65	-52.4063
211.725	-52.1875
211.8	-52.2812
211.875	-52.25
211.95	-52.3437
212.025	-52.3437
212.1	-52.125
212.175	-52.4375
212.25	-52.2812
212.325	-52.3437
212.4	-52.1875
212.475	-52.2812
212.55	-52.4375
212.625	-52.1875
212.7	-52.25
212.775	-52.375
212.85	-52.25
212.925	-52.3125
213	-52.2188
213.075	-52.25
213.15	-52.25
213.225	-52.4063
213.3	-52.3125
213.375	-52.3437
213.45	-52.3125
213.525	-52.3437
213.6	-52.3125
213.675	-52.5
213.75	-52.4375
213.825	-52.3125
213.9	-52.25
213.975	-52.5
214.05	-52.5
214.125	-52.3437
214.2	-52.3125
214.275	-52.5
214.35	-52.5
214.425	-52.3125
214.5	-52.375
214.575	-52.5
214.65	-52.4063
214.725	-52.25
214.8	-52.4063
214.875	-52.4688
214.95	-52.4063
215.025	-52.3125
215.1	-53.2813
215.175	-54.0625
215.25	-54.5
215.325	-54.5937
215.4	-54.9375
215.475	-55.0313
215.55	-54.9687
215.625	-55.0313
215.7	-55.3125
215.775	-55.375
215.85	-55.3438
215.925	-55.5312
216	-55.5625
216.075	-55.5938
216.15	-55.6875
216.225	-55.9063
216.3	-55.9063
216.375	-55.9688
216.45	-56.0625
216.525	-56.1563
216.6	-56.0937
216.675	-56.25
216.75	-56.3437
216.825	-56.3437
216.9	-56.4375
216.975	-56.5625
217.05	-56.625
217.125	-56.5937
217.2	-56.7813
217.275	-56.7813
217.35	-56.75
217.425	-56.9062
217.5	-56.875
217.575	-56.875
217.65	-57.0938
217.725	-57
217.8	-57.125
217.875	-57.2187
217.95	-57.2187
218.025	-57.4063
218.1	-57.375
218.175	-57.375
218.25	-57.5312
218.325	-57.5
218.4	-57.5938
218.475	-57.625
218.55	-57.6563
218.625	-57.8437
218.7	-57.7812
218.775	-57.7812
218.85	-58
218.925	-58
219	-57.9375
219.075	-58.0312
219.15	-57.9375
219.225	-58.2188
219.3	-58.125
219.375	-58.1562
219.45	-58.25
219.525	-58.25
219.6	-58.4375
219.675	-58.3125
219.75	-58.5
219.825	-58.5938
219.9	-58.4688
219.975	-58.5625
220.05	-58.5938
220.125	-58.8438
220.2	-58.6562
220.275	-58.75
220.35	-58.8438
220.425	-58.9062
220.5	-58.9375
220.575	-58.7813
220.65	-59.0625
220.725	-59.125
220.8	-59.0625
220.875	-59.125
220.95	-59.1563
221.025	-59.3125
221.1	-59.125
221.175	-59.1875
221.25	-59.375
221.325	-59.5
221.4	-59.4063
221.475	-59.4063
221.55	-59.6563
221.625	-59.7188
221.7	-59.5937
221.775	-59.5625
221.85	-59.7188
221.925	-59.6875
222	-59.8437
222.075	-59.8125
222.15	-59.9688
222.225	-59.9375
222.3	-59.9063
222.375	-60.0313
222.45	-60.125
222.525	-60.125
222.6	-60.0313
222.675	-60.125
222.75	-60.3437
222.825	-60.375
222.9	-60.25
222.975	-60.3437
223.05	-60.4687
223.125	-60.4375
223.2	-60.375
223.275	-60.5
223.35	-60.5938
223.425	-60.5313
223.5	-60.5625
223.575	-60.6875
223.65	-60.6875
223.725	-60.625
223.8	-60.7813
223.875	-60.7813
223.95	-60.8125
224.025	-60.875
224.1	-60.9375
224.175	-61.0312
224.25	-61
224.325	-61.125
224.4	-60.9687
224.475	-61
224.55	-61.1875
224.625	-61.25
224.7	-61.1563
224.775	-61.2812
224.85	-61.3438
224.925	-61.25
225	-61.3125
225.075	-61.4688
225.15	-61.375
225.225	-61.4375
225.3	-61.5625
225.375	-61.5312
225.45	-61.5312
225.525	-61.7188
225.6	-61.6563
225.675	-61.6563
225.75	-61.75
225.825	-61.7812
225.9	-61.6875
225.975	-61.8437
226.05	-61.8437
226.125	-61.8125
226.2	-61.9062
226.275	-62
226.35	-61.875
226.425	-62.0313
226.5	-62.0625
226.575	-62
226.65	-62.125
226.725	-62.0937
226.8	-62.1875
226.875	-62.2813
226.95	-62.1875
227.025	-62.3125
227.1	-62.4062
227.175	-62.3438
227.25	-62.3438
227.325	-62.3438
227.4	-62.4687
227.475	-62.4687
227.55	-62.4062
227.625	-62.5938
227.7	-62.6563
227.775	-62.5
227.85	-62.6875
227.925	-62.6563
228	-62.75
228.075	-62.75
228.15	-62.625
228.225	-62.875
228.3	-62.8125
228.375	-62.875
228.45	-62.7813
228.525	-62.9375
228.6	-63
228.675	-62.875
228.75	-63.0312
228.825	-63.0312
228.9	-63.1562
228.975	-62.9688
229.05	-63.125
229.125	-63.0938
229.2	-63.1875
229.275	-63.1875
229.35	-63.0625
229.425	-63.3437
229.5	-63.4063
229.575	-63.1875
229.65	-63.2188
229.725	-63.4063
229.8	-63.375
229.875	-63.3437
229.95	-63.3125
230.025	-63.4375
230.1	-63.5625
230.175	-63.4687
230.25	-63.5312
230.325	-63.6562
230.4	-63.5938
230.475	-63.5312
230.55	-63.625
230.625	-63.8437
230.7	-63.75
230.775	-63.5938
230.85	-63.625
230.925	-63.9063
231	-63.8437
231.075	-63.7188
231.15	-63.7812
231.225	-63.9375
231.3	-64
231.375	-63.875
231.45	-63.875
231.525	-64.125
231.6	-64.0625
231.675	-64
231.75	-64
231.825	-64.2188
231.9	-64.0938
231.975	-64.0625
232.05	-64.1875
232.125	-64.2188
232.2	-64.1562
232.275	-64.25
232.35	-64.3438
232.425	-64.25
232.5	-64.25
232.575	-64.375
232.65	-64.375
232.725	-64.3438
232.8	-64.4687
232.875	-64.4375
232.95	-64.375
233.025	-64.5
233.1	-64.5625
233.175	-64.5
233.25	-64.625
233.325	-64.6563
233.4	-64.625
233.475	-64.6875
233.55	-64.6875
233.625	-64.625
233.7	-64.7812
233.775	-64.7812
233.85	-64.7188
233.925	-64.8125
234	-64.8438
234.075	-64.7812
234.15	-64.9375
234.225	-64.875
234.3	-64.9062
234.375	-64.9687
234.45	-64.9687
234.525	-64.9062
234.6	-65.0313
234.675	-65.0625
234.75	-65
234.825	-65.125
234.9	-65.125
234.975	-65.0625
235.05	-65.125
235.125	-65.125
235.2	-65.2187
235.275	-65.25
235.35	-65.125
235.425	-65.3125
235.5	-65.25
235.575	-65.375
235.65	-65.3438
235.725	-65.25
235.8	-65.5
235.875	-65.4062
235.95	-65.4375
236.025	-65.2812
236.1	-65.4375
236.175	-65.5625
236.25	-65.4062
236.325	-65.5
236.4	-65.5312
236.475	-65.625
236.55	-65.5312
236.625	-65.5312
236.7	-65.75
236.775	-65.6875
236.85	-65.625
236.925	-65.6563
237	-65.75
237.075	-65.75
237.15	-65.5625
237.225	-65.7813
237.3	-65.75
237.375	-65.8438
237.45	-65.75
237.525	-65.7813
237.6	-65.9375
237.675	-65.875
237.75	-65.875
237.825	-65.9375
237.9	-65.9375
237.975	-66
238.05	-66
238.125	-66
238.2	-66
238.275	-65.9688
238.35	-66.0625
238.425	-66.125
238.5	-66.1563
238.575	-66.0625
238.65	-66.0625
238.725	-66.1563
238.8	-66.3437
238.875	-66.2187
238.95	-66.125
239.025	-66.125
239.1	-66.375
239.175	-66.4063
239.25	-66.25
239.325	-66.2187
239.4	-66.4688
239.475	-66.4063
239.55	-66.3125
239.625	-66.3125
239.7	-66.5
239.775	-66.5
239.85	-66.3125
239.925	-66.375
240	-66.625
240.075	-66.625
240.15	-66.4375
240.225	-66.5312
240.3	-66.625
240.375	-66.4688
240.45	-66.5
240.525	-66.6875
240.6	-66.6875
240.675	-66.5938
240.75	-66.6562
240.825	-66.6875
240.9	-66.625
240.975	-66.6875
241.05	-66.7813
241.125	-66.625
241.2	-66.7813
241.275	-66.75
241.35	-66.8125
241.425	-66.7187
241.5	-66.875
241.575	-66.8125
241.65	-66.7813
241.725	-66.875
241.8	-66.875
241.875	-66.8437
241.95	-66.9375
242.025	-67
242.1	-66.9063
242.175	-67.0312
242.25	-67.0625
242.325	-66.9375
242.4	-67.0625
242.475	-67.0625
242.55	-66.9375
242.625	-67.0312
242.7	-67.0625
242.775	-67.0625
242.85	-67.125
242.925	-67.125
243	-67
243.075	-67.1875
243.15	-67.0938
243.225	-67.125
243.3	-67.2188
243.375	-67.125
243.45	-67.25
243.525	-67.1875
243.6	-67.125
243.675	-67.3125
243.75	-67.25
243.825	-67.25
243.9	-67.25
243.975	-67.3125
244.05	-67.4375
244.125	-67.2813
244.2	-67.3437
244.275	-67.4063
244.35	-67.3437
244.425	-67.4063
244.5	-67.3125
244.575	-67.5313
244.65	-67.5625
244.725	-67.375
244.8	-67.5313
244.875	-67.5
244.95	-67.5
245.025	-67.5313
245.1	-67.4063
245.175	-67.6875
245.25	-67.5313
245.325	-67.5313
245.4	-67.5625
245.475	-67.5625
245.55	-67.5938
245.625	-67.4687
245.7	-67.5625
245.775	-67.6562
245.85	-67.625
245.925	-67.625
246	-67.5625
246.075	-67.7812
246.15	-67.75
246.225	-67.5625
246.3	-67.6875
246.375	-67.8438
246.45	-67.6875
246.525	-67.625
246.6	-67.7188
246.675	-67.875
246.75	-67.8438
246.825	-67.7188
246.9	-67.7188
246.975	-67.9063
247.05	-67.8438
247.125	-67.8125
247.2	-67.9063
247.275	-67.875
247.35	-67.8125
247.425	-67.8438
247.5	-67.9687
247.575	-68
247.65	-67.8125
247.725	-67.9063
247.8	-68
247.875	-67.9687
247.95	-67.9375
248.025	-67.9375
248.1	-68
248.175	-68.0937
248.25	-67.9375
248.325	-68.0313
248.4	-68.125
248.475	-68.0625
248.55	-68.0625
248.625	-68.0625
248.7	-68.0625
248.775	-68.1875
248.85	-68.125
248.925	-68.0937
249	-68.1875
249.075	-68.25
249.15	-68.125
249.225	-68
249.3	-68.25
249.375	-68.1875
249.45	-68.125
249.525	-68.25
249.6	-68.2188
249.675	-68.1875
249.75	-68.3125
249.825	-68.3125
249.9	-68.2812
249.975	-68.4375
250.05	-68.2812
250.125	-68.2188
250.2	-68.3438
250.275	-68.4375
250.35	-68.375
250.425	-68.375
250.5	-68.4375
250.575	-68.4062
250.65	-68.375
250.725	-68.4687
250.8	-68.4062
250.875	-68.4375
250.95	-68.5313
251.025	-68.4687
251.1	-68.4062
251.175	-68.5313
251.25	-68.4687
251.325	-68.4687
251.4	-68.5
251.475	-68.5
251.55	-68.5
251.625	-68.625
251.7	-68.5
251.775	-68.4687
251.85	-68.5625
251.925	-68.4687
252	-68.5313
252.075	-68.5
252.15	-68.5
252.225	-68.6563
252.3	-68.4062
252.375	-68.5313
252.45	-68.5
252.525	-68.4687
252.6	-68.5625
252.675	-68.4375
252.75	-68.625
252.825	-68.5
252.9	-68.4062
252.975	-68.5625
253.05	-68.5
253.125	-68.6563
253.2	-68.4687
253.275	-68.5937
253.35	-68.6563
253.425	-68.5625
253.5	-68.6563
253.575	-68.5
253.65	-68.7187
253.725	-68.625
253.8	-68.5313
253.875	-68.625
253.95	-68.625
254.025	-68.7187
254.1	-68.5
254.175	-68.6875
254.25	-68.7812
254.325	-68.6563
254.4	-68.6563
254.475	-68.6563
254.55	-68.7812
254.625	-68.75
254.7	-68.6875
254.775	-68.7187
254.85	-68.7187
254.925	-68.6875
255	-68.6875
255.075	-68.7812
255.15	-68.8438
255.225	-68.6875
255.3	-68.6563
255.375	-68.8125
255.45	-68.875
255.525	-68.7187
255.6	-68.625
255.675	-68.7812
255.75	-68.9688
255.825	-68.8125
255.9	-68.6875
255.975	-68.8125
256.05	-68.9375
256.125	-68.7812
256.2	-68.6875
256.275	-68.8438
256.35	-68.875
256.425	-68.7812
256.5	-68.7812
256.575	-68.9375
256.65	-68.9375
256.725	-68.7812
256.8	-68.7812
256.875	-68.9375
256.95	-68.9062
257.025	-68.8125
257.1	-68.9062
257.175	-68.9688
257.25	-68.9062
257.325	-68.8438
257.4	-68.9062
257.475	-69.0313
257.55	-68.9062
257.625	-68.875
257.7	-68.9375
257.775	-68.9375
257.85	-68.875
257.925	-68.9688
258	-69
258.075	-68.9375
258.15	-69.0313
258.225	-69.0937
258.3	-68.9688
258.375	-69.0313
258.45	-69.0625
258.525	-69
258.6	-69
258.675	-69.1563
258.75	-69.0313
258.825	-69
258.9	-69.0625
258.975	-69.0625
259.05	-69
259.125	-69.0937
259.2	-69
259.275	-69.0937
259.35	-69.125
259.425	-69
259.5	-69.0937
259.575	-69.0313
259.65	-69
259.725	-69.0937
259.8	-68.9688
259.875	-69
259.95	-69.125
260.025	-69.0937
260.1	-69.0313
260.175	-69.0625
260.25	-69
260.325	-69.1563
260.4	-69.0937
260.475	-69.0313
260.55	-69.1875
260.625	-69.125
260.7	-69.0937
260.775	-69.125
260.85	-69.0313
260.925	-69.25
261	-69.125
261.075	-69.0313
261.15	-69.125
261.225	-69.125
261.3	-69.25
261.375	-69.0625
261.45	-69.1875
261.525	-69.2187
261.6	-69.1875
261.675	-69.0625
261.75	-69.1563
261.825	-69.3125
261.9	-69.1563
261.975	-69.1875
262.05	-69.125
262.125	-69.25
262.2	-69.1875
262.275	-69.125
262.35	-69.1563
262.425	-69.2187
262.5	-69.2187
262.575	-69
262.65	-69.2187
262.725	-69.3125
262.8	-69.125
262.875	-69.2187
262.95	-69.2187
263.025	-69.3438
263.1	-69.2187
263.175	-69.1563
263.25	-69.4062
263.325	-69.3438
263.4	-69.25
263.475	-69.2187
263.55	-69.25
263.625	-69.4062
263.7	-69.2813
263.775	-69.3438
263.85	-69.3438
263.925	-69.4062
264	-69.2187
264.075	-69.2187
264.15	-69.375
264.225	-69.375
264.3	-69.2813
264.375	-69.1875
264.45	-69.375
264.525	-69.4688
264.6	-69.2813
264.675	-69.25
264.75	-69.4062
264.825	-69.4062
264.9	-69.2187
264.975	-69.3125
265.05	-69.4688
265.125	-69.3438
265.2	-69.2813
265.275	-69.375
265.35	-69.4688
265.425	-69.375
265.5	-69.375
265.575	-69.4375
265.65	-69.4688
265.725	-69.4688
265.8	-69.4062
265.875	-69.4062
265.95	-69.2813
266.025	-69.4688
266.1	-69.4688
266.175	-69.4062
266.25	-69.4375
266.325	-69.5
266.4	-69.4375
266.475	-69.4062
266.55	-69.5312
266.625	-69.4688
266.7	-69.375
266.775	-69.4688
266.85	-69.4688
266.925	-69.375
267	-69.5312
267.075	-69.5
267.15	-69.4062
267.225	-69.5
267.3	-69.5312
267.375	-69.4688
267.45	-69.5
267.525	-69.5312
267.6	-69.4375
267.675	-69.5625
267.75	-69.5312
267.825	-69.4375
267.9	-69.625
267.975	-69.5625
268.05	-69.5
268.125	-69.5312
268.2	-69.4688
268.275	-69.5625
268.35	-69.5937
268.425	-69.5
268.5	-69.6563
268.575	-69.5312
268.65	-69.5937
268.725	-69.5625
268.8	-69.5312
268.875	-69.5937
268.95	-69.5937
269.025	-69.5
269.1	-69.6875
269.175	-69.5312
269.25	-69.4688
269.325	-69.5937
269.4	-69.5625
269.475	-69.625
269.55	-69.5625
269.625	-69.6563
269.7	-69.7813
269.775	-69.5625
269.85	-69.5937
269.925	-69.625
270	-69.7187
270.075	-69.6563
270.15	-69.5
270.225	-69.7187
270.3	-69.6875
270.375	-69.6875
270.45	-69.6563
270.525	-69.7187
270.6	-69.7813
270.675	-69.5937
270.75	-69.625
270.825	-69.6563
270.9	-69.8125
270.975	-69.6563
271.05	-69.6563
271.125	-69.75
271.2	-69.8125
271.275	-69.5937
271.35	-69.625
271.425	-69.75
271.5	-69.7813
271.575	-69.5937
271.65	-69.5312
271.725	-69.8125
271.8	-69.9062
271.875	-69.6875
271.95	-69.6563
272.025	-69.6875
272.1	-69.7187
272.175	-69.75
272.25	-69.625
272.325	-69.7187
272.4	-69.6875
272.475	-69.6875
272.55	-69.6875
272.625	-69.75
272.7	-69.75
272.775	-69.8125
272.85	-69.6563
272.925	-69.75
273	-69.8437
273.075	-69.6875
273.15	-69.5937
273.225	-69.7187
273.3	-69.7813
273.375	-69.6563
273.45	-69.5937
273.525	-69.7187
273.6	-69.7813
273.675	-69.7187
273.75	-69.625
273.825	-69.6563
273.9	-69.75
273.975	-69.625
274.05	-69.625
274.125	-69.7187
274.2	-69.7813
274.275	-69.6875
274.35	-69.625
274.425	-69.75
274.5	-69.7187
274.575	-69.5625
274.65	-69.7187
274.725	-69.7187
274.8	-69.625
274.875	-69.75
274.95	-69.75
275.025	-69.625
275.1	-69.7187
275.175	-69.6875
275.25	-69.6563
275.325	-69.7187
275.4	-69.7187
275.475	-69.5937
275.55	-69.75
275.625	-69.7187
275.7	-69.625
275.775	-69.7187
275.85	-69.6875
275.925	-69.6563
276	-69.7813
276.075	-69.75
276.15	-69.6563
276.225	-69.75
276.3	-69.75
276.375	-69.625
276.45	-69.75
276.525	-69.7813
276.6	-69.6875
276.675	-69.8125
276.75	-69.7187
276.825	-69.7813
276.9	-69.75
276.975	-69.7187
277.05	-69.8125
277.125	-69.6875
277.2	-69.7813
277.275	-69.8437
277.35	-69.6563
277.425	-69.7813
277.5	-69.75
277.575	-69.7813
277.65	-69.8125
277.725	-69.6563
277.8	-69.8437
277.875	-69.9062
277.95	-69.7187
278.025	-69.8125
278.1	-69.875
278.175	-69.875
278.25	-69.7813
278.325	-69.6563
278.4	-69.875
278.475	-69.8437
278.55	-69.8125
278.625	-69.7187
278.7	-69.875
278.775	-69.9062
278.85	-69.75
278.925	-69.8125
279	-69.7813
279.075	-69.9375
279.15	-69.75
279.225	-69.8437
279.3	-69.875
279.375	-69.8437
279.45	-69.875
279.525	-69.75
279.6	-69.8437
279.675	-69.9375
279.75	-69.8437
279.825	-69.8125
279.9	-69.9062
279.975	-69.8437
280.05	-69.875
280.125	-69.9062
280.2	-69.9375
280.275	-69.8437
280.35	-69.7813
280.425	-69.8437
280.5	-69.9688
280.575	-70.0312
280.65	-69.9062
280.725	-69.7813
280.8	-69.9062
280.875	-70
280.95	-69.875
281.025	-69.9062
281.1	-69.8437
281.175	-69.9375
281.25	-69.9062
281.325	-69.875
281.4	-69.9688
281.475	-69.9375
281.55	-69.9375
281.625	-69.9688
281.7	-70
281.775	-70.0312
281.85	-69.875
281.925	-69.9062
282	-70.0625
282.075	-70
282.15	-69.875
282.225	-70
282.3	-70.125
282.375	-70.0312
282.45	-69.9688
282.525	-70.0312
282.6	-70.0312
282.675	-69.9688
282.75	-70
282.825	-70.0312
282.9	-69.9688
282.975	-70
283.05	-70.0312
283.125	-70
283.2	-69.9688
283.275	-70.0625
283.35	-70.0312
283.425	-69.9375
283.5	-70.0625
283.575	-70.0625
283.65	-70
283.725	-70.125
283.8	-70.0938
283.875	-70
283.95	-70.0938
284.025	-69.9688
284.1	-70
284.175	-70.0938
284.25	-69.9688
284.325	-69.9688
284.4	-70.0625
284.475	-70.0312
284.55	-70.0625
284.625	-70.0938
284.7	-70.0625
284.775	-70.0938
284.85	-70.125
284.925	-70
285	-70.0312
285.075	-70.125
285.15	-70.0625
285.225	-70.0938
285.3	-70.0312
285.375	-70.125
285.45	-70.1562
285.525	-70.0625
285.6	-70.125
285.675	-70.1562
285.75	-70.125
285.825	-70.125
285.9	-69.9688
285.975	-70.1562
286.05	-70.1875
286.125	-70.0938
286.2	-70.1562
286.275	-70.0938
286.35	-70.25
286.425	-70.0938
286.5	-70.0938
286.575	-70.2187
286.65	-70.1562
286.725	-70.1562
286.8	-70.0938
286.875	-70.1875
286.95	-70.25
287.025	-70.0625
287.1	-70.2187
287.175	-70.125
287.25	-70.25
287.325	-70.0625
287.4	-70.0938
287.475	-70.2813
287.55	-70.1562
287.625	-70.1562
287.7	-70.125
287.775	-70.1875
287.85	-70.2813
287.925	-70.125
288	-70
288.075	-70.2813
288.15	-70.25
288.225	-70.0938
288.3	-70.1875
288.375	-70.2187
288.45	-70.3437
288.525	-70.25
288.6	-70.2187
288.675	-70.25
288.75	-70.2187
288.825	-70.1875
288.9	-70.25
288.975	-70.2813
289.05	-70.1562
289.125	-70.125
289.2	-70.25
289.275	-70.2813
289.35	-70.2187
289.425	-70.125
289.5	-70.25
289.575	-70.375
289.65	-70.1875
289.725	-70.2187
289.8	-70.2187
289.875	-70.1875
289.95	-70.2187
290.025	-70.2187
290.1	-70.2813
290.175	-70.25
290.25	-70.2813
290.325	-70.25
290.4	-70.25
290.475	-70.25
290.55	-70.3125
290.625	-70.25
290.7	-70.125
290.775	-70.3125
290.85	-70.2187
290.925	-70.125
291	-70.3125
291.075	-70.3125
291.15	-70.1875
291.225	-70.25
291.3	-70.3125
291.375	-70.25
291.45	-70.25
291.525	-70.2813
291.6	-70.25
291.675	-70.375
291.75	-70.3437
291.825	-70.1875
291.9	-70.25
291.975	-70.3125
292.05	-70.1875
292.125	-70.3125
292.2	-70.2813
292.275	-70.1875
292.35	-70.3125
292.425	-70.2813
292.5	-70.1875
292.575	-70.3437
292.65	-70.3125
292.725	-70.25
292.8	-70.3437
292.875	-70.2813
292.95	-70.25
293.025	-70.4063
293.1	-70.3437
293.175	-70.25
293.25	-70.375
293.325	-70.3125
293.4	-70.1875
293.475	-70.4063
293.55	-70.4063
293.625	-70.3437
293.7	-70.3125
293.775	-70.25
293.85	-70.4375
293.925	-70.4063
294	-70.1875
294.075	-70.3437
294.15	-70.3125
294.225	-70.4063
294.3	-70.25
294.375	-70.25
294.45	-70.4063
294.525	-70.2813
294.6	-70.3437
294.675	-70.25
294.75	-70.4063
294.825	-70.4063
294.9	-70.2813
294.975	-70.3437
295.05	-70.4063
295.125	-70.4063
295.2	-70.375
295.275	-70.3125
295.35	-70.4375
295.425	-70.375
295.5	-70.2813
295.575	-70.25
295.65	-70.375
295.725	-70.375
295.8	-70.1875
295.875	-70.4375
295.95	-70.4063
296.025	-70.5
296.1	-70.25
296.175	-70.2813
296.25	-70.5
296.325	-70.4063
296.4	-70.2813
296.475	-70.3125
296.55	-70.4375
296.625	-70.375
296.7	-70.2187
296.775	-70.25
296.85	-70.4063
296.925	-70.375
297	-70.2813
297.075	-70.3437
297.15	-70.3437
297.225	-70.3437
297.3	-70.25
297.375	-70.3437
297.45	-70.4375
297.525	-70.2187
297.6	-70.1875
297.675	-70.3437
297.75	-70.4375
297.825	-70.2813
297.9	-70.1875
297.975	-70.3437
298.05	-70.375
298.125	-70.1875
298.2	-70.2187
298.275	-70.375
298.35	-70.3437
298.425	-70.25
298.5	-70.2813
298.575	-70.3125
298.65	-70.2813
298.725	-70.25
298.8	-70.3437
298.875	-70.3125
298.95	-70.3437
299.025	-70.3437
299.1	-70.25
299.175	-70.2813
299.25	-70.375
299.325	-70.375
299.4	-70.25
299.475	-70.3437
299.55	-70.375
299.625	-70.2813
299.7	-70.2813
299.775	-70.4063
299.85	-70.375
299.925	-70.2187
300	-70.375
300.075	-70.3437
300.15	-70.2187
300.225	-70.3125
300.3	-70.2813
300.375	-70.1875
300.45	-70.3437
300.525	-70.375
300.6	-70.25
300.675	-70.375
300.75	-70.3437
300.825	-70.2187
300.9	-70.3125
300.975	-70.3437
301.05	-70.1875
301.125	-70.3437
301.2	-70.3437
301.275	-70.25
301.35	-70.375
301.425	-70.3437
301.5	-70.3437
301.575	-70.4063
301.65	-70.3125
301.725	-70.3437
301.8	-70.375
301.875	-70.2187
301.95	-70.3125
302.025	-70.3437
302.1	-70.25
302.175	-70.375
302.25	-70.25
302.325	-70.375
302.4	-70.4063
302.475	-70.2813
302.55	-70.375
302.625	-70.2813
302.7	-70.4375
302.775	-70.3125
302.85	-70.25
302.925	-70.5
303	-70.375
303.075	-70.3437
303.15	-70.2187
303.225	-70.4688
303.3	-70.3125
303.375	-70.25
303.45	-70.3125
303.525	-70.375
303.6	-70.4688
303.675	-70.25
303.75	-70.3437
303.825	-70.375
303.9	-70.3437
303.975	-70.2813
304.05	-70.2813
304.125	-70.4688
304.2	-70.25
304.275	-70.2187
304.35	-70.2813
304.425	-70.3437
304.5	-70.3437
304.575	-70.25
304.65	-70.3125
304.725	-70.3125
304.8	-70.2813
304.875	-70.2187
304.95	-70.3437
305.025	-70.4063
305.1	-70.2187
305.175	-70.1875
305.25	-70.3125
305.325	-70.4688
305.4	-70.4063
305.475	-70.2187
305.55	-70.2187
305.625	-70.2813
305.7	-70.3125
305.775	-70.25
305.85	-70.25
305.925	-70.2813
306	-70.3437
306.075	-70.2813
306.15	-70.2813
306.225	-70.375
306.3	-70.3437
306.375	-70.3437
306.45	-70.25
306.525	-70.3125
306.6	-70.3125
306.675	-70.25
306.75	-70.25
306.825	-70.4688
306.9	-70.375
306.975	-70.25
307.05	-70.4063
307.125	-70.4063
307.2	-70.1875
307.275	-70.3125
307.35	-70.4063
307.425	-70.2813
307.5	-70.3437
307.575	-70.3125
307.65	-70.2813
307.725	-70.3125
307.8	-70.25
307.875	-70.3437
307.95	-70.2187
308.025	-70.25
308.1	-70.2187
308.175	-70.1875
308.25	-70.125
308.325	-70.2187
308.4	-70.1562
308.475	-70.0625
308.55	-70.1875
308.625	-70.2187
308.7	-70.1562
308.775	-70.1875
308.85	-70.1875
308.925	-70.1562
309	-70.2187
309.075	-70.125
309.15	-70.0312
309.225	-70.2187
309.3	-70.2187
309.375	-70
309.45	-70.1875
309.525	-70.2187
309.6	-70.1562
309.675	-70.2187
309.75	-70.1875
309.825	-70.125
309.9	-70.25
309.975	-70.125
310.05	-70.1875
310.125	-70.1875
310.2	-70.0938
310.275	-70.25
310.35	-70.125
310.425	-70.1875
310.5	-70.2187
310.575	-70.1875
310.65	-70.2187
310.725	-70.0625
310.8	-70.2813
310.875	-70.2187
310.95	-70.0625
311.025	-70.2187
311.1	-70.2187
311.175	-70.25
311.25	-70.125
311.325	-70.0625
311.4	-70.25
311.475	-70.1875
311.55	-70.1562
311.625	-70.1875
311.7	-70.2813
311.775	-70.1875
311.85	-70.0938
311.925	-70.2187
312	-70.2187
312.075	-70.25
312.15	-70.0938
312.225	-70.25
312.3	-70.3125
312.375	-70.125
312.45	-70.25
312.525	-70.1875
312.6	-70.375
312.675	-70.1875
312.75	-70.125
312.825	-70.2813
312.9	-70.3125
312.975	-70.1875
313.05	-70.1875
313.125	-70.3437
313.2	-70.3125
313.275	-70.25
313.35	-70.1875
313.425	-70.375
313.5	-70.375
313.575	-70.25
313.65	-70.1875
313.725	-70.375
313.8	-70.375
313.875	-70.1875
313.95	-70.125
314.025	-70.3437
314.1	-70.4063
314.175	-70.2187
314.25	-70.125
314.325	-70.3437
314.4	-70.4063
314.475	-70.3125
314.55	-70.1875
314.625	-70.375
314.7	-70.4375
314.775	-70.3437
314.85	-70.1875
314.925	-70.4063
