4200 2
0	-70.0312
0.075	-70.2187
0.15	-70.0312
0.225	-70.0312
0.3	-70.1875
0.375	-70.0625
0.45	-70.1562
0.525	-70.0312
0.6	-70.125
0.675	-70.1562
0.75	-69.9688
0.825	-69.9688
0.9	-70.0938
0.975	-70.0938
1.05	-69.875
1.125	-69.8125
1.2	-69.9688
1.275	-70.0938
1.35	-69.875
1.425	-69.7813
1.5	-69.875
1.575	-69.9688
1.65	-69.9062
1.725	-69.9062
1.8	-69.9688
1.875	-69.9375
1.95	-69.7813
2.025	-69.8437
2.1	-69.9375
2.175	-69.875
2.25	-69.7187
2.325	-69.8437
2.4	-69.9062
2.475	-69.9062
2.55	-69.625
2.625	-69.7813
2.7	-69.9062
2.775	-69.875
2.85	-69.7813
2.925	-69.8437
3	-69.9375
3.075	-69.8437
3.15	-69.6875
3.225	-69.9062
3.3	-69.875
3.375	-69.7187
3.45	-69.7813
3.525	-69.875
3.6	-69.8437
3.675	-69.7187
3.75	-69.75
3.825	-69.8437
3.9	-69.7813
3.975	-69.75
4.05	-69.875
4.125	-69.75
4.2	-69.75
4.275	-69.8437
4.35	-69.7813
4.425	-69.75
4.5	-69.875
4.575	-69.875
4.65	-69.75
4.725	-69.875
4.8	-69.8437
4.875	-69.75
4.95	-69.9062
5.025	-69.8437
5.1	-69.7813
5.175	-69.875
5.25	-69.8437
5.325	-69.7187
5.4	-69.875
5.475	-69.875
5.55	-69.7813
5.625	-69.8125
5.7	-69.8437
5.775	-69.7813
5.85	-69.7813
5.925	-69.8437
6	-69.6875
6.075	-69.6875
6.15	-69.75
6.225	-69.6875
6.3	-69.75
6.375	-69.8125
6.45	-69.6875
6.525	-69.8125
6.6	-69.6875
6.675	-69.7813
6.75	-69.7813
6.825	-69.7187
6.9	-69.7813
6.975	-69.7813
7.05	-69.7813
7.125	-69.7813
7.2	-69.6875
7.275	-69.7813
7.35	-69.9062
7.425	-69.625
7.5	-69.7187
7.575	-69.7813
7.65	-69.6875
7.725	-69.7813
7.8	-69.6563
7.875	-69.8437
7.95	-69.7813
8.025	-69.5937
8.1	-69.6875
8.175	-69.7813
8.25	-69.7187
8.325	-69.6875
8.4	-69.5937
8.475	-69.7813
8.55	-69.75
8.625	-69.6563
8.7	-69.6563
8.775	-69.7187
8.85	-69.7813
8.925	-69.5937
9	-69.7813
9.075	-69.7813
9.15	-69.7187
9.225	-69.625
9.3	-69.7187
9.375	-69.7813
9.45	-69.7187
9.525	-69.6563
9.6	-69.6875
9.675	-69.875
9.75	-69.8125
9.825	-69.6563
9.9	-69.5625
9.975	-69.8125
10.05	-69.8437
10.125	-69.75
10.2	-69.6563
10.275	-69.8125
10.35	-69.7813
10.425	-69.6563
10.5	-69.7187
10.575	-69.7187
10.65	-69.75
10.725	-69.625
10.8	-69.6563
10.875	-69.6875
10.95	-69.625
11.025	-69.5625
11.1	-69.625
11.175	-69.7187
11.25	-69.625
11.325	-69.5625
11.4	-69.5312
11.475	-69.7187
11.55	-69.6563
11.625	-69.5625
11.7	-69.5937
11.775	-69.6875
11.85	-69.6563
11.925	-69.5
12	-69.5625
12.075	-69.6563
12.15	-69.5625
12.225	-69.5
12.3	-69.5625
12.375	-69.5937
12.45	-69.5
12.525	-69.5937
12.6	-69.5937
12.675	-69.5
12.75	-69.5312
12.825	-69.625
12.9	-69.5937
12.975	-69.5312
13.05	-69.5312
13.125	-69.5625
13.2	-69.5312
13.275	-69.5625
13.35	-69.5
13.425	-69.4375
13.5	-69.5937
13.575	-69.5937
13.65	-69.4375
13.725	-69.5
13.8	-69.5625
13.875	-69.5
13.95	-69.5
14.025	-69.5
14.1	-69.5
14.175	-69.5937
14.25	-69.5625
14.325	-69.4375
14.4	-69.5937
14.475	-69.5312
14.55	-69.5625
14.625	-69.5937
14.7	-69.5
14.775	-69.5625
14.85	-69.5625
14.925	-69.4375
15	-69.625
15.075	-69.7187
15.15	-69.8125
15.225	-69.9062
15.3	-69.7813
15.375	-69.875
15.45	-69.9375
15.525	-69.9062
15.6	-69.9688
15.675	-69.875
15.75	-69.9375
15.825	-70.0625
15.9	-69.9062
15.975	-70
16.05	-70.0312
16.125	-70.0312
16.2	-69.9688
16.275	-69.9062
16.35	-70.0938
16.425	-70.125
16.5	-69.9375
16.575	-70.125
16.65	-70.1562
16.725	-70.2187
16.8	-70.0625
16.875	-70.125
16.95	-70.25
17.025	-70.1562
17.1	-70.2187
17.175	-70.125
17.25	-70.25
17.325	-70.2813
17.4	-70.0312
17.475	-70.2187
17.55	-70.3125
17.625	-70.2187
17.7	-70.1562
17.775	-70.25
17.85	-70.4063
17.925	-70.25
18	-70.0625
18.075	-70.1875
18.15	-70.3125
18.225	-70.3437
18.3	-70.2187
18.375	-70.2187
18.45	-70.3437
18.525	-70.375
18.6	-70.2813
18.675	-70.3125
18.75	-70.3437
18.825	-70.4063
18.9	-70.375
18.975	-70.375
19.05	-70.4063
19.125	-70.25
19.2	-70.3125
19.275	-70.4063
19.35	-70.375
19.425	-70.4375
19.5	-70.4063
19.575	-70.3437
19.65	-70.3437
19.725	-70.4063
19.8	-70.4688
19.875	-70.4375
19.95	-70.4375
20.025	-70.375
20.1	-70.4375
20.175	-70.4063
20.25	-70.4688
20.325	-70.5
20.4	-70.4063
20.475	-70.4688
20.55	-70.5938
20.625	-70.4688
20.7	-70.4375
20.775	-70.5
20.85	-70.5938
20.925	-70.5312
21	-70.4688
21.075	-70.5938
21.15	-70.5938
21.225	-70.4375
21.3	-70.5
21.375	-70.6875
21.45	-70.5
21.525	-70.5625
21.6	-70.5938
21.675	-70.5312
21.75	-70.5938
21.825	-70.625
21.9	-70.5625
21.975	-70.5938
22.05	-70.6562
22.125	-70.5938
22.2	-70.5938
22.275	-70.625
22.35	-70.625
22.425	-70.7188
22.5	-70.7813
22.575	-70.5938
22.65	-70.6875
22.725	-70.7813
22.8	-70.7188
22.875	-70.6875
22.95	-70.7813
23.025	-70.6562
23.1	-70.7813
23.175	-70.6875
23.25	-70.6562
23.325	-70.8125
23.4	-70.7188
23.475	-70.6875
23.55	-70.7813
23.625	-70.75
23.7	-70.75
23.775	-70.8437
23.85	-70.7188
23.925	-70.9063
24	-70.7813
24.075	-70.75
24.15	-70.6875
24.225	-70.7813
24.3	-70.8437
24.375	-70.6875
24.45	-70.7813
24.525	-70.875
24.6	-70.8125
24.675	-70.7813
24.75	-70.7188
24.825	-70.9063
24.9	-70.7813
24.975	-70.75
25.05	-70.9063
25.125	-70.8437
25.2	-70.9063
25.275	-70.6875
25.35	-70.8125
25.425	-70.9687
25.5	-70.8437
25.575	-70.8437
25.65	-70.7813
25.725	-70.9063
25.8	-70.9063
25.875	-70.7813
25.95	-70.9063
26.025	-70.9063
26.1	-70.9063
26.175	-70.9063
26.25	-70.75
26.325	-70.875
26.4	-70.8437
26.475	-70.8125
26.55	-70.9375
26.625	-70.9375
26.7	-70.875
26.775	-70.875
26.85	-71
26.925	-71.0313
27	-70.875
27.075	-70.7813
27.15	-71.0313
27.225	-71.0938
27.3	-70.9375
27.375	-70.9063
27.45	-71.0313
27.525	-71.1562
27.6	-70.9687
27.675	-70.9375
27.75	-71.0625
27.825	-71.125
27.9	-71.0313
27.975	-70.9375
28.05	-71.0938
28.125	-71.0938
28.2	-70.9687
28.275	-70.9687
28.35	-71.125
28.425	-71.0938
28.5	-70.9375
28.575	-71.0313
28.65	-71.0938
28.725	-71.0625
28.8	-71.0313
28.875	-71.0625
28.95	-71.125
29.025	-71.0625
29.1	-71.0625
29.175	-71.1562
29.25	-71.125
29.325	-71.0313
29.4	-71.1562
29.475	-71.0938
29.55	-71.0938
29.625	-71.1875
29.7	-71.125
29.775	-71.0313
29.85	-71.125
29.925	-71.125
30	-71.125
30.075	-71.125
30.15	-71.125
30.225	-71.0938
30.3	-71.1562
30.375	-71.125
30.45	-71.0313
30.525	-71.125
30.6	-71.1562
30.675	-71.0938
30.75	-71.1562
30.825	-71.125
30.9	-71.0938
30.975	-71.1562
31.05	-71.2188
31.125	-71.0625
31.2	-71.25
31.275	-71.25
31.35	-71.1562
31.425	-71.25
31.5	-71.25
31.575	-71.25
31.65	-71.3125
31.725	-71.125
31.8	-71.25
31.875	-71.2812
31.95	-71.1562
32.025	-71.3437
32.1	-71.2188
32.175	-71.2812
32.25	-71.2188
32.325	-71.2188
32.4	-71.4063
32.475	-71.25
32.55	-71.1562
32.625	-71.3437
32.7	-71.2812
32.775	-71.25
32.85	-71.2188
32.925	-71.25
33	-71.4063
33.075	-71.3437
33.15	-71.25
33.225	-71.4063
33.3	-71.2812
33.375	-71.4063
33.45	-71.1562
33.525	-71.25
33.6	-71.375
33.675	-71.3125
33.75	-71.2812
33.825	-71.2812
33.9	-71.4375
33.975	-71.3437
34.05	-71.25
34.125	-71.4375
34.2	-71.4375
34.275	-71.4375
34.35	-71.3125
34.425	-71.4063
34.5	-71.3437
34.575	-71.25
34.65	-71.3125
34.725	-71.4063
34.8	-71.4063
34.875	-71.2812
34.95	-71.375
35.025	-71.4375
35.1	-71.5313
35.175	-71.3437
35.25	-71.25
35.325	-71.4063
35.4	-71.5313
35.475	-71.4687
35.55	-71.3437
35.625	-71.375
35.7	-71.4375
35.775	-71.4687
35.85	-71.4063
35.925	-71.3437
36	-71.4063
36.075	-71.4063
36.15	-71.375
36.225	-71.4375
36.3	-71.375
36.375	-71.4687
36.45	-71.4063
36.525	-71.375
36.6	-71.4687
36.675	-71.5
36.75	-71.4375
36.825	-71.4375
36.9	-71.5625
36.975	-71.4375
37.05	-71.4063
37.125	-71.5313
37.2	-71.4687
37.275	-71.375
37.35	-71.4063
37.425	-71.5625
37.5	-71.5
37.575	-71.4063
37.65	-71.5313
37.725	-71.5313
37.8	-71.4063
37.875	-71.4687
37.95	-71.5313
38.025	-71.5313
38.1	-71.4375
38.175	-71.5
38.25	-71.5937
38.325	-71.4687
38.4	-71.5937
38.475	-71.5
38.55	-71.5
38.625	-71.5
38.7	-71.5625
38.775	-71.5
38.85	-71.5625
38.925	-71.5937
39	-71.5
39.075	-71.625
39.15	-71.5625
39.225	-71.4687
39.3	-71.625
39.375	-71.5
39.45	-71.5937
39.525	-71.5313
39.6	-71.5
39.675	-71.7188
39.75	-71.5937
39.825	-71.5
39.9	-71.625
39.975	-71.6562
40.05	-71.5625
40.125	-71.5937
40.2	-71.5
40.275	-71.6562
40.35	-71.6562
40.425	-71.5625
40.5	-71.6562
40.575	-71.625
40.65	-71.5313
40.725	-71.5625
40.8	-71.5313
40.875	-71.6562
40.95	-71.5937
41.025	-71.4375
41.1	-71.7188
41.175	-71.6562
41.25	-71.6562
41.325	-71.5625
41.4	-71.5937
41.475	-71.6875
41.55	-71.5937
41.625	-71.5625
41.7	-71.6875
41.775	-71.5937
41.85	-71.6562
41.925	-71.5
42	-71.7188
42.075	-71.6875
42.15	-71.6562
42.225	-71.5625
42.3	-71.5625
42.375	-71.7812
42.45	-71.5625
42.525	-71.5
42.6	-71.6875
42.675	-71.75
42.75	-71.5937
42.825	-71.5625
42.9	-71.7188
42.975	-71.75
43.05	-71.5937
43.125	-71.5313
43.2	-71.7188
43.275	-71.7812
43.35	-71.625
43.425	-71.6562
43.5	-71.7188
43.575	-71.6562
43.65	-71.5625
43.725	-71.6562
43.8	-71.8125
43.875	-71.75
43.95	-71.6562
44.025	-71.5937
44.1	-71.8438
44.175	-71.75
44.25	-71.625
44.325	-71.625
44.4	-71.75
44.475	-71.7812
44.55	-71.625
44.625	-71.7188
44.7	-71.875
44.775	-71.7812
44.85	-71.6562
44.925	-71.75
45	-71.8125
45.075	-71.6875
45.15	-71.75
45.225	-71.7812
45.3	-71.7812
45.375	-71.7188
45.45	-71.7812
45.525	-71.8125
45.6	-71.7812
45.675	-71.8125
45.75	-71.7812
45.825	-71.7812
45.9	-71.8125
45.975	-71.9063
46.05	-71.8125
46.125	-71.7188
46.2	-71.8438
46.275	-71.8125
46.35	-71.6562
46.425	-71.7188
46.5	-71.8438
46.575	-71.75
46.65	-71.7188
46.725	-71.8125
46.8	-71.8438
46.875	-71.75
46.95	-71.875
47.025	-71.875
47.1	-71.6875
47.175	-71.875
47.25	-71.8125
47.325	-71.8125
47.4	-71.9063
47.475	-71.7812
47.55	-71.8438
47.625	-71.875
47.7	-71.7812
47.775	-71.8125
47.85	-71.875
47.925	-71.8438
48	-71.875
48.075	-71.8125
48.15	-71.8125
48.225	-71.875
48.3	-71.8438
48.375	-71.7812
48.45	-71.9687
48.525	-71.8438
48.6	-71.7812
48.675	-71.9375
48.75	-71.875
48.825	-71.8125
48.9	-71.8438
48.975	-71.8125
49.05	-71.9063
49.125	-71.8438
49.2	-71.75
49.275	-71.9375
49.35	-71.9687
49.425	-71.8438
49.5	-71.8438
49.575	-71.8438
49.65	-71.9375
49.725	-71.8125
49.8	-71.7812
49.875	-71.9063
49.95	-71.9063
50.025	-71.875
50.1	-71.7812
50.175	-71.9375
50.25	-71.9375
50.325	-71.8438
50.4	-71.7812
50.475	-71.875
50.55	-71.9375
50.625	-71.875
50.7	-71.75
50.775	-71.9687
50.85	-71.9063
50.925	-71.6875
51	-71.75
51.075	-71.9375
51.15	-71.8125
51.225	-71.7812
51.3	-71.8125
51.375	-71.8438
51.45	-71.8125
51.525	-71.6562
51.6	-71.5937
51.675	-71.8125
51.75	-71.8125
51.825	-71.6562
51.9	-71.6875
51.975	-71.6562
52.05	-71.7188
52.125	-71.8125
52.2	-71.6875
52.275	-71.7812
52.35	-71.7188
52.425	-71.6875
52.5	-71.7812
52.575	-71.7812
52.65	-71.7188
52.725	-71.625
52.8	-71.8125
52.875	-71.75
52.95	-71.6875
53.025	-71.6875
53.1	-71.7188
53.175	-71.7188
53.25	-71.75
53.325	-71.7812
53.4	-71.6875
53.475	-71.6562
53.55	-71.7188
53.625	-71.75
53.7	-71.6562
53.775	-71.6875
53.85	-71.7812
53.925	-71.7188
54	-71.625
54.075	-71.6875
54.15	-71.75
54.225	-71.6562
54.3	-71.625
54.375	-71.75
54.45	-71.7188
54.525	-71.625
54.6	-71.7812
54.675	-71.6875
54.75	-71.625
54.825	-71.6875
54.9	-71.75
54.975	-71.7188
55.05	-71.8125
55.125	-71.75
55.2	-71.625
55.275	-71.7812
55.35	-71.7188
55.425	-71.6875
55.5	-71.7188
55.575	-71.6875
55.65	-71.6562
55.725	-71.7812
55.8	-71.6875
55.875	-71.625
55.95	-71.7188
56.025	-71.6875
56.1	-71.6875
56.175	-71.75
56.25	-71.7188
56.325	-71.6875
56.4	-71.7812
56.475	-71.625
56.55	-71.7188
56.625	-71.7812
56.7	-71.625
56.775	-71.6875
56.85	-71.6875
56.925	-71.7812
57	-71.7188
57.075	-71.625
57.15	-71.6562
57.225	-71.75
57.3	-71.625
57.375	-71.6875
57.45	-71.7188
57.525	-71.7188
57.6	-71.7188
57.675	-71.5937
57.75	-71.7812
57.825	-71.75
57.9	-71.625
57.975	-71.625
58.05	-71.6875
58.125	-71.8125
58.2	-71.6875
58.275	-71.5937
58.35	-71.75
58.425	-71.6562
58.5	-71.625
58.575	-71.625
58.65	-71.8125
58.725	-71.625
58.8	-71.6562
58.875	-71.6562
58.95	-71.75
59.025	-71.7812
59.1	-71.6562
59.175	-71.625
59.25	-71.8125
59.325	-71.75
59.4	-71.5937
59.475	-71.5937
59.55	-71.7812
59.625	-71.75
59.7	-71.625
59.775	-71.625
59.85	-71.7188
59.925	-71.7812
60	-71.5313
60.075	-71.6562
60.15	-71.75
60.225	-71.7188
60.3	-71.5937
60.375	-71.625
60.45	-71.7812
60.525	-71.7188
60.6	-71.5625
60.675	-71.5313
60.75	-71.7188
60.825	-71.75
60.9	-71.625
60.975	-71.5937
61.05	-71.75
61.125	-71.7812
61.2	-71.625
61.275	-71.5313
61.35	-71.75
61.425	-71.75
61.5	-71.5937
61.575	-71.5625
61.65	-71.75
61.725	-71.7188
61.8	-71.5937
61.875	-71.6875
61.95	-71.8438
62.025	-71.6562
62.1	-71.5937
62.175	-71.7188
62.25	-71.7812
62.325	-71.625
62.4	-71.6562
62.475	-71.8125
62.55	-71.6875
62.625	-71.625
62.7	-71.6875
62.775	-71.8125
62.85	-71.6562
62.925	-71.6562
63	-71.7188
63.075	-71.625
63.15	-71.6875
63.225	-71.7188
63.3	-71.625
63.375	-71.6875
63.45	-71.7812
63.525	-71.7188
63.6	-71.5937
63.675	-71.7812
63.75	-71.6875
63.825	-71.625
63.9	-71.75
63.975	-71.6875
64.05	-71.5937
64.125	-71.7812
64.2	-71.6875
64.275	-71.6875
64.35	-71.7812
64.425	-71.6875
64.5	-71.7188
64.575	-71.7188
64.65	-71.6562
64.725	-71.8125
64.8	-71.8438
64.875	-71.6562
64.95	-71.75
65.025	-71.7812
65.1	-71.7188
65.175	-71.7812
65.25	-71.6875
65.325	-71.6875
65.4	-71.75
65.475	-71.6562
65.55	-71.7812
65.625	-71.8125
65.7	-71.7188
65.775	-71.75
65.85	-71.75
65.925	-71.8125
66	-71.8125
66.075	-71.625
66.15	-71.6875
66.225	-71.8125
66.3	-71.8438
66.375	-71.6875
66.45	-71.7188
66.525	-71.9063
66.6	-71.75
66.675	-71.7812
66.75	-71.6562
66.825	-71.8438
66.9	-71.8125
66.975	-71.6875
67.05	-71.8125
67.125	-71.8438
67.2	-71.9063
67.275	-71.6562
67.35	-71.6562
67.425	-71.875
67.5	-71.7812
67.575	-71.5937
67.65	-71.7812
67.725	-71.8438
67.8	-71.7188
67.875	-71.5625
67.95	-71.5937
68.025	-71.75
68.1	-71.7812
68.175	-71.625
68.25	-71.6562
68.325	-71.7812
68.4	-71.5937
68.475	-71.5937
68.55	-71.6562
68.625	-71.6562
68.7	-71.5625
68.775	-71.4375
68.85	-71.5313
68.925	-71.7188
69	-71.5313
69.075	-71.4375
69.15	-71.4687
69.225	-71.5937
69.3	-71.5313
69.375	-71.3437
69.45	-71.4687
69.525	-71.5937
69.6	-71.4687
69.675	-71.375
69.75	-71.4687
69.825	-71.5625
69.9	-71.5
69.975	-71.375
70.05	-71.5
70.125	-71.5
70.2	-71.3437
70.275	-71.375
70.35	-71.5313
70.425	-71.375
70.5	-71.4375
70.575	-71.4687
70.65	-71.375
70.725	-71.4687
70.8	-71.375
70.875	-71.3437
70.95	-71.3437
71.025	-71.4375
71.1	-71.4063
71.175	-71.4063
71.25	-71.4687
71.325	-71.4687
71.4	-71.2812
71.475	-71.25
71.55	-71.4687
71.625	-71.3125
71.7	-71.3437
71.775	-71.375
71.85	-71.4063
71.925	-71.3437
72	-71.375
72.075	-71.375
72.15	-71.3125
72.225	-71.4063
72.3	-71.4375
72.375	-71.4063
72.45	-71.3437
72.525	-71.375
72.6	-71.3437
72.675	-71.4063
72.75	-71.3437
72.825	-71.25
72.9	-71.4687
72.975	-71.4375
73.05	-71.3125
73.125	-71.4063
73.2	-71.3437
73.275	-71.4063
73.35	-71.4375
73.425	-71.3437
73.5	-71.4063
73.575	-71.4063
73.65	-71.2812
73.725	-71.4063
73.8	-71.4063
73.875	-71.3437
73.95	-71.4375
74.025	-71.4063
74.1	-71.3437
74.175	-71.5313
74.25	-71.2812
74.325	-71.375
74.4	-71.4375
74.475	-71.4063
74.55	-71.4375
74.625	-71.2812
74.7	-71.5
74.775	-71.4063
74.85	-71.2812
74.925	-71.375
75	-71.375
75.075	-71.4063
75.15	-71.1875
75.225	-71.3125
75.3	-71.3437
75.375	-71.3125
75.45	-71.2188
75.525	-71.2812
75.6	-71.4063
75.675	-71.2812
75.75	-71.3437
75.825	-71.375
75.9	-71.2812
75.975	-71.3125
76.05	-71.3125
76.125	-71.3125
76.2	-71.3125
76.275	-71.2812
76.35	-71.25
76.425	-71.375
76.5	-71.4063
76.575	-71.1875
76.65	-71.2188
76.725	-71.25
76.8	-71.4687
76.875	-71.3437
76.95	-71.1875
77.025	-71.3125
77.1	-71.4063
77.175	-71.4375
77.25	-71.1875
77.325	-71.2812
77.4	-71.375
77.475	-71.375
77.55	-71.25
77.625	-71.3125
77.7	-71.4063
77.775	-71.3437
77.85	-71.25
77.925	-71.3125
78	-71.4687
78.075	-71.3125
78.15	-71.1875
78.225	-71.3437
78.3	-71.4063
78.375	-71.25
78.45	-71.1875
78.525	-71.4063
78.6	-71.3437
78.675	-71.3125
78.75	-71.2812
78.825	-71.4063
78.9	-71.3437
78.975	-71.2188
79.05	-71.25
79.125	-71.375
79.2	-71.4063
79.275	-71.25
79.35	-71.375
79.425	-71.4063
79.5	-71.3125
79.575	-71.3125
79.65	-71.4063
79.725	-71.3125
79.8	-71.2812
79.875	-71.375
79.95	-71.375
80.025	-71.2812
80.1	-71.375
80.175	-71.375
80.25	-71.2812
80.325	-71.3437
80.4	-71.3125
80.475	-71.2812
80.55	-71.4375
80.625	-71.375
80.7	-71.3125
80.775	-71.4375
80.85	-71.3437
80.925	-71.375
81	-71.4063
81.075	-71.3437
81.15	-71.4375
81.225	-71.4063
81.3	-71.25
81.375	-71.4687
81.45	-71.375
81.525	-71.2812
81.6	-71.4063
81.675	-71.4063
81.75	-71.375
81.825	-71.4375
81.9	-71.375
81.975	-71.4375
82.05	-71.4687
82.125	-71.3437
82.2	-71.4375
82.275	-71.4375
82.35	-71.3437
82.425	-71.4063
82.5	-71.3437
82.575	-71.4687
82.65	-71.375
82.725	-71.25
82.8	-71.4063
82.875	-71.4063
82.95	-71.5
83.025	-71.375
83.1	-71.3437
83.175	-71.5313
83.25	-71.4063
83.325	-71.3437
83.4	-71.4063
83.475	-71.5313
83.55	-71.5313
83.625	-71.25
83.7	-71.4063
83.775	-71.5313
83.85	-71.375
83.925	-71.4375
84	-71.4063
84.075	-71.5625
84.15	-71.4687
84.225	-71.3125
84.3	-71.4375
84.375	-71.5937
84.45	-71.4687
84.525	-71.375
84.6	-71.5313
84.675	-71.5937
84.75	-71.5
84.825	-71.4687
84.9	-71.4063
84.975	-71.4687
85.05	-71.4687
85.125	-71.4063
85.2	-71.5937
85.275	-71.5313
85.35	-71.4375
85.425	-71.4063
85.5	-71.5313
85.575	-71.5625
85.65	-71.4375
85.725	-71.4063
85.8	-71.5
85.875	-71.5625
85.95	-71.4375
86.025	-71.3125
86.1	-71.5
86.175	-71.5313
86.25	-71.3125
86.325	-71.4375
86.4	-71.5313
86.475	-71.4687
86.55	-71.375
86.625	-71.5313
86.7	-71.5625
86.775	-71.4687
86.85	-71.5
86.925	-71.5313
87	-71.5
87.075	-71.5313
87.15	-71.5313
87.225	-71.4687
87.3	-71.4375
87.375	-71.5313
87.45	-71.5
87.525	-71.5313
87.6	-71.4687
87.675	-71.5937
87.75	-71.5313
87.825	-71.4687
87.9	-71.4687
87.975	-71.5937
88.05	-71.5313
88.125	-71.4375
88.2	-71.5313
88.275	-71.5313
88.35	-71.5
88.425	-71.5
88.5	-71.5625
88.575	-71.5313
88.65	-71.4375
88.725	-71.5625
88.8	-71.5313
88.875	-71.5
88.95	-71.5625
89.025	-71.4375
89.1	-71.5313
89.175	-71.5313
89.25	-71.4687
89.325	-71.625
89.4	-71.5313
89.475	-71.4687
89.55	-71.5937
89.625	-71.4687
89.7	-71.4375
89.775	-71.5937
89.85	-71.4687
89.925	-71.5313
90	-71.5625
90.075	-71.5313
90.15	-71.5625
90.225	-71.5313
90.3	-71.4063
90.375	-71.5313
90.45	-71.5313
90.525	-71.5313
90.6	-71.5313
90.675	-71.4687
90.75	-71.5
90.825	-71.5625
90.9	-71.4063
90.975	-71.5313
91.05	-71.5313
91.125	-71.5
91.2	-71.5
91.275	-71.5
91.35	-71.625
91.425	-71.5313
91.5	-71.5313
91.575	-71.5625
91.65	-71.5937
91.725	-71.5625
91.8	-71.4063
91.875	-71.625
91.95	-71.625
92.025	-71.625
92.1	-71.4375
92.175	-71.625
92.25	-71.6562
92.325	-71.5313
92.4	-71.5
92.475	-71.5625
92.55	-71.6562
92.625	-71.6562
92.7	-71.5625
92.775	-71.5625
92.85	-71.625
92.925	-71.5625
93	-71.5313
93.075	-71.5937
93.15	-71.625
93.225	-71.5313
93.3	-71.5
93.375	-71.7812
93.45	-71.6875
93.525	-71.5625
93.6	-71.4687
93.675	-71.625
93.75	-71.6875
93.825	-71.625
93.9	-71.5313
93.975	-71.5937
94.05	-71.6875
94.125	-71.5625
94.2	-71.5625
94.275	-71.625
94.35	-71.7188
94.425	-71.625
94.5	-71.5937
94.575	-71.6562
94.65	-71.7812
94.725	-71.5625
94.8	-71.5313
94.875	-71.625
94.95	-71.6562
95.025	-71.625
95.1	-71.5625
95.175	-71.6875
95.25	-71.6875
95.325	-71.6562
95.4	-71.5937
95.475	-71.7188
95.55	-71.625
95.625	-71.5937
95.7	-71.625
95.775	-71.6875
95.85	-71.6562
95.925	-71.5625
96	-71.5937
96.075	-71.6875
96.15	-71.5313
96.225	-71.625
96.3	-71.7188
96.375	-71.625
96.45	-71.6562
96.525	-71.75
96.6	-71.5937
96.675	-71.5625
96.75	-71.7188
96.825	-71.6875
96.9	-71.5625
96.975	-71.6875
97.05	-71.7188
97.125	-71.6562
97.2	-71.7188
97.275	-71.7188
97.35	-71.625
97.425	-71.7188
97.5	-71.7188
97.575	-71.6562
97.65	-71.6875
97.725	-71.7188
97.8	-71.625
97.875	-71.6875
97.95	-71.6562
98.025	-71.625
98.1	-71.7188
98.175	-71.75
98.25	-71.7188
98.325	-71.7812
98.4	-71.625
98.475	-71.6562
98.55	-71.6875
98.625	-71.6562
98.7	-71.7188
98.775	-71.625
98.85	-71.7188
98.925	-71.8125
99	-71.6875
99.075	-71.6875
99.15	-71.6875
99.225	-71.7812
99.3	-71.75
99.375	-71.6562
99.45	-71.75
99.525	-71.7812
99.6	-71.7188
99.675	-71.6875
99.75	-71.625
99.825	-71.8125
99.9	-71.7188
99.975	-71.7188
100.05	-71.8125
100.125	-71.7188
100.2	-71.7812
100.275	-71.5937
100.35	-71.75
100.425	-71.8125
100.5	-71.6562
100.575	-71.6875
100.65	-71.7188
100.725	-71.8125
100.8	-71.7812
100.875	-71.5625
100.95	-71.8125
101.025	-71.8438
101.1	-71.75
101.175	-71.625
101.25	-71.7812
101.325	-71.7812
101.4	-71.7812
101.475	-71.6875
101.55	-71.75
101.625	-71.75
101.7	-71.6875
101.775	-71.7812
101.85	-71.8438
101.925	-71.7812
102	-71.6562
102.075	-71.75
102.15	-71.875
102.225	-71.8438
102.3	-71.6875
102.375	-71.7188
102.45	-71.9063
102.525	-71.8125
102.6	-71.6875
102.675	-71.7188
102.75	-71.9375
102.825	-71.875
102.9	-71.6875
102.975	-71.8438
103.05	-71.9687
103.125	-71.7812
103.2	-71.625
103.275	-71.8125
103.35	-71.9687
103.425	-71.8438
103.5	-71.6875
103.575	-71.9063
103.65	-71.875
103.725	-71.7812
103.8	-71.8125
103.875	-71.9375
103.95	-71.875
104.025	-71.75
104.1	-71.8438
104.175	-71.8125
104.25	-71.7812
104.325	-71.875
104.4	-71.8438
104.475	-71.7812
104.55	-71.9063
104.625	-71.875
104.7	-71.8125
104.775	-71.875
104.85	-71.9063
104.925	-71.8438
105	-71.7812
105.075	-71.875
105.15	-71.8438
105.225	-71.7812
105.3	-71.8125
105.375	-71.8125
105.45	-71.7812
105.525	-71.75
105.6	-71.8125
105.675	-71.7188
105.75	-71.8438
105.825	-71.8125
105.9	-71.7188
105.975	-71.7812
106.05	-71.8438
106.125	-71.6875
106.2	-71.8438
106.275	-71.8438
106.35	-71.75
106.425	-71.8125
106.5	-71.7812
106.575	-71.6562
106.65	-71.8125
106.725	-71.75
106.8	-71.7188
106.875	-71.7812
106.95	-71.625
107.025	-71.7812
107.1	-71.8125
107.175	-71.6562
107.25	-71.8438
107.325	-71.6875
107.4	-71.75
107.475	-71.8125
107.55	-71.5937
107.625	-71.7812
107.7	-71.7188
107.775	-71.5937
107.85	-71.5625
107.925	-71.5625
108	-71.75
108.075	-71.5
108.15	-71.5
108.225	-71.5625
108.3	-71.5625
108.375	-71.5313
108.45	-71.375
108.525	-71.5
108.6	-71.4063
108.675	-71.4375
108.75	-71.25
108.825	-71.5313
108.9	-71.4063
108.975	-71.1875
109.05	-71.2812
109.125	-71.3125
109.2	-71.3437
109.275	-71.25
109.35	-71.1875
109.425	-71.2812
109.5	-71.25
109.575	-71.2188
109.65	-71.2812
109.725	-71.3437
109.8	-71.2812
109.875	-71.125
109.95	-71.125
110.025	-71.2812
110.1	-71.3125
110.175	-71.1562
110.25	-71.125
110.325	-71.1875
110.4	-71.2188
110.475	-71.2188
110.55	-71.25
110.625	-71.2812
110.7	-71.25
110.775	-71.1562
110.85	-71.2188
110.925	-71.2188
111	-71.1562
111.075	-71.125
111.15	-71.2812
111.225	-71.25
111.3	-71.1562
111.375	-71.125
111.45	-71.1875
111.525	-71.1875
111.6	-71.1562
111.675	-71.125
111.75	-71.1875
111.825	-71.0938
111.9	-71.1562
111.975	-71.125
112.05	-71.1562
112.125	-71.0938
112.2	-71.1875
112.275	-71.1562
112.35	-71.125
112.425	-71.1875
112.5	-71.1875
112.575	-71.0313
112.65	-71.1562
112.725	-71.2188
112.8	-71.0938
112.875	-71.125
112.95	-71.1875
113.025	-71.2188
113.1	-71.0938
113.175	-71.1562
113.25	-71.1875
113.325	-71.125
113.4	-71.1875
113.475	-71.25
113.55	-71.0938
113.625	-71.1562
113.7	-71.1875
113.775	-71.1562
113.85	-71.125
113.925	-71.1562
114	-71.125
114.075	-71.2188
114.15	-71.1562
114.225	-71.0625
114.3	-71.0625
114.375	-71.1562
114.45	-71.0313
114.525	-71.125
114.6	-71.0938
114.675	-71.0625
114.75	-71.125
114.825	-71.0625
114.9	-71.0313
114.975	-71.1562
115.05	-71.0938
115.125	-71.0313
115.2	-71.2188
115.275	-71.0625
115.35	-71.0625
115.425	-71.0313
115.5	-71.0625
115.575	-71.1562
115.65	-71
115.725	-71.0625
115.8	-71.125
115.875	-71.0313
115.95	-71
116.025	-71
116.1	-71.1562
116.175	-71.1562
116.25	-70.9375
116.325	-71.0938
116.4	-71.0625
116.475	-71.125
116.55	-70.9687
116.625	-70.9687
116.7	-71.0625
116.775	-70.9687
116.85	-71.0313
116.925	-70.9687
117	-71.125
117.075	-71.0313
117.15	-70.875
117.225	-71
117.3	-70.9375
117.375	-71.0313
117.45	-70.9687
117.525	-70.875
117.6	-71.0313
117.675	-71.0625
117.75	-70.9375
117.825	-70.9063
117.9	-71.0313
117.975	-71
118.05	-71
118.125	-70.9687
118.2	-70.9375
118.275	-70.9375
118.35	-70.9063
118.425	-71.0313
118.5	-71.0625
118.575	-70.9063
118.65	-70.8125
118.725	-70.9375
118.8	-71.125
118.875	-71
118.95	-70.8125
119.025	-71
119.1	-71.125
119.175	-70.9063
119.25	-70.875
119.325	-71
119.4	-71
119.475	-70.9063
119.55	-70.9063
119.625	-71.0313
119.7	-70.9687
119.775	-70.9375
119.85	-70.875
119.925	-71.0313
120	-70.9687
120.075	-70.875
120.15	-70.9063
120.225	-71.0313
120.3	-70.9375
120.375	-70.875
120.45	-70.9375
120.525	-71
120.6	-70.9063
120.675	-70.9375
120.75	-70.9687
120.825	-70.9063
120.9	-70.875
120.975	-70.9687
121.05	-70.9687
121.125	-70.9063
121.2	-70.9063
121.275	-70.9687
121.35	-70.9687
121.425	-70.875
121.5	-71.0313
121.575	-71
121.65	-70.9063
121.725	-70.9687
121.8	-70.9375
121.875	-70.875
121.95	-70.9063
122.025	-71.0938
122.1	-70.9375
122.175	-71
122.25	-71.0313
122.325	-70.9375
122.4	-70.9375
122.475	-71.0625
122.55	-70.9063
122.625	-71.0313
122.7	-71.0625
122.775	-70.9375
122.85	-71.0938
122.925	-71.0313
123	-70.9375
123.075	-71.0625
123.15	-71.0313
123.225	-71.0313
123.3	-71.0313
123.375	-70.9687
123.45	-71.0938
123.525	-71.0625
123.6	-71.0313
123.675	-71.125
123.75	-71.0938
123.825	-70.9375
123.9	-71.0625
123.975	-71.0313
124.05	-71.125
124.125	-71.0938
124.2	-71
124.275	-71.125
124.35	-71
124.425	-71.0625
124.5	-70.9687
124.575	-71.0938
124.65	-71.0938
124.725	-71.0313
124.8	-71.0938
124.875	-71.0625
124.95	-71.1562
125.025	-71.0313
125.1	-71
125.175	-71.1562
125.25	-71.0313
125.325	-71.0625
125.4	-71.0313
125.475	-71.125
125.55	-71.2188
125.625	-70.9687
125.7	-71
125.775	-71.1875
125.85	-71.0938
125.925	-71.0938
126	-71.0625
126.075	-71.125
126.15	-71
126.225	-71.0313
126.3	-71.125
126.375	-71.2188
126.45	-71.0938
126.525	-70.9687
126.6	-71.0625
126.675	-71.2188
126.75	-71.1562
126.825	-71.0625
126.9	-71.0938
126.975	-71.125
127.05	-71.125
127.125	-71.0625
127.2	-71.1562
127.275	-71.1875
127.35	-71.125
127.425	-71.125
127.5	-71.125
127.575	-71.1875
127.65	-71.125
127.725	-71.125
127.8	-71.0938
127.875	-71.2188
127.95	-71.1562
128.025	-71.0313
128.1	-71.0625
128.175	-71.25
128.25	-71.1562
128.325	-71.1562
128.4	-71.1562
128.475	-71.2188
128.55	-71.125
128.625	-71.1562
128.7	-71.125
128.775	-71.25
128.85	-71.1562
128.925	-71.1562
129	-71.1562
129.075	-71.25
129.15	-71.2188
129.225	-71.1875
129.3	-71.3125
129.375	-71.2188
129.45	-71.1562
129.525	-71.125
129.6	-71.375
129.675	-71.2812
129.75	-71.1875
129.825	-71.3125
129.9	-71.3125
129.975	-71.2188
130.05	-71.3125
130.125	-71.2188
130.2	-71.25
130.275	-71.3437
130.35	-71.25
130.425	-71.1875
130.5	-71.3437
130.575	-71.25
130.65	-71.3125
130.725	-71.3437
130.8	-71.25
130.875	-71.2812
130.95	-71.25
131.025	-71.2188
131.1	-71.3125
131.175	-71.375
131.25	-71.25
131.325	-71.3125
131.4	-71.25
131.475	-71.1875
131.55	-71.4063
131.625	-71.2188
131.7	-71.3437
131.775	-71.2812
131.85	-71.2188
131.925	-71.3125
132	-71.25
132.075	-71.1875
132.15	-71.25
132.225	-71.2188
132.3	-71.2188
132.375	-71.25
132.45	-71.3437
132.525	-71.375
132.6	-71.25
132.675	-71.2188
132.75	-71.3437
132.825	-71.2188
132.9	-71.2188
132.975	-71.1875
133.05	-71.2812
133.125	-71.4063
133.2	-71.1875
133.275	-71.3125
133.35	-71.4063
133.425	-71.25
133.5	-71.25
133.575	-71.1562
133.65	-71.4687
133.725	-71.25
133.8	-71.25
133.875	-71.3437
133.95	-71.3125
134.025	-71.3125
134.1	-71.2188
134.175	-71.2812
134.25	-71.4063
134.325	-71.3125
134.4	-71.2188
134.475	-71.3125
134.55	-71.4687
134.625	-71.3125
134.7	-71.2188
134.775	-71.2812
134.85	-71.375
134.925	-71.3437
135	-71.2812
135.075	-71.375
135.15	-71.375
135.225	-71.25
135.3	-71.25
135.375	-71.4375
135.45	-71.4375
135.525	-71.25
135.6	-71.25
135.675	-71.4375
135.75	-71.375
135.825	-71.25
135.9	-71.3437
135.975	-71.3437
136.05	-71.375
136.125	-71.3437
136.2	-71.3125
136.275	-71.3437
136.35	-71.3437
136.425	-71.3125
136.5	-71.3125
136.575	-71.3125
136.65	-71.3125
136.725	-71.3437
136.8	-71.3125
136.875	-71.25
136.95	-71.3437
137.025	-71.25
137.1	-71.25
137.175	-71.2188
137.25	-71.4063
137.325	-71.3437
137.4	-71.2812
137.475	-71.3437
137.55	-71.375
137.625	-71.3125
137.7	-71.2188
137.775	-71.4375
137.85	-71.4063
137.925	-71.2812
138	-71.2812
138.075	-71.4063
138.15	-71.3125
138.225	-71.2812
138.3	-71.4063
138.375	-71.3125
138.45	-71.25
138.525	-71.3125
138.6	-71.3125
138.675	-71.2812
138.75	-71.3125
138.825	-71.3437
138.9	-71.25
138.975	-71.3125
139.05	-71.2812
139.125	-71.25
139.2	-71.375
139.275	-71.25
139.35	-71.1875
139.425	-71.3437
139.5	-71.25
139.575	-71.3437
139.65	-71.25
139.725	-71.2188
139.8	-71.3437
139.875	-71.25
139.95	-71.25
140.025	-71.4687
140.1	-71.2812
140.175	-71.2812
140.25	-71.3437
140.325	-71.2812
140.4	-71.375
140.475	-71.25
140.55	-71.25
140.625	-71.4687
140.7	-71.2812
140.775	-71.3437
140.85	-71.3437
140.925	-71.3437
141	-71.4375
141.075	-71.2812
141.15	-71.25
141.225	-71.4063
141.3	-71.3125
141.375	-71.2812
141.45	-71.3125
141.525	-71.4063
141.6	-71.375
141.675	-71.125
141.75	-71.375
141.825	-71.2812
141.9	-71.3437
141.975	-71.25
142.05	-71.4063
142.125	-71.4375
142.2	-71.2188
142.275	-71.2812
142.35	-71.2812
142.425	-71.4375
142.5	-71.375
142.575	-71.2812
142.65	-71.375
142.725	-71.4687
142.8	-71.375
142.875	-71.2188
142.95	-71.4063
143.025	-71.4063
143.1	-71.3437
143.175	-71.3437
143.25	-71.4687
143.325	-71.4375
143.4	-71.3125
143.475	-71.25
143.55	-71.4687
143.625	-71.5313
143.7	-71.2812
143.775	-71.25
143.85	-71.4063
143.925	-71.5313
144	-71.4063
144.075	-71.3125
144.15	-71.4063
144.225	-71.5313
144.3	-71.4375
144.375	-71.375
144.45	-71.375
144.525	-71.5
144.6	-71.4375
144.675	-71.4063
144.75	-71.5
144.825	-71.5313
144.9	-71.375
144.975	-71.3125
145.05	-71.4375
145.125	-71.5313
145.2	-71.375
145.275	-71.5
145.35	-71.4375
145.425	-71.4375
145.5	-71.5313
145.575	-71.5313
145.65	-71.5313
145.725	-71.4687
145.8	-71.5
145.875	-71.5313
145.95	-71.4063
146.025	-71.4375
146.1	-71.4375
146.175	-71.4375
146.25	-71.375
146.325	-71.4687
146.4	-71.4375
146.475	-71.4063
146.55	-71.5313
146.625	-71.4375
146.7	-71.375
146.775	-71.4063
146.85	-71.4375
146.925	-71.4063
147	-71.4375
147.075	-71.4687
147.15	-71.4063
147.225	-71.4063
147.3	-71.4375
147.375	-71.3437
147.45	-71.3125
147.525	-71.5313
147.6	-71.4063
147.675	-71.4063
147.75	-71.4687
147.825	-71.4063
147.9	-71.4063
147.975	-71.5313
148.05	-71.4063
148.125	-71.375
148.2	-71.5313
148.275	-71.4063
148.35	-71.4063
148.425	-71.5
148.5	-71.4687
148.575	-71.4063
148.65	-71.4063
148.725	-71.3437
148.8	-71.5
148.875	-71.4375
148.95	-71.2812
149.025	-71.5
149.1	-71.4375
149.175	-71.4687
149.25	-71.3437
149.325	-71.4063
149.4	-71.5
149.475	-71.3437
149.55	-71.4375
149.625	-71.4687
149.7	-71.4687
149.775	-71.4687
149.85	-71.2812
149.925	-71.5
150	-71.4063
150.075	-71.375
150.15	-71.375
150.225	-71.4375
150.3	-71.5313
150.375	-71.3437
150.45	-71.4063
150.525	-71.4063
150.6	-71.5313
150.675	-71.4375
150.75	-71.3437
150.825	-71.5
150.9	-71.5313
150.975	-71.375
151.05	-71.375
151.125	-71.5
151.2	-71.4687
151.275	-71.3437
151.35	-71.2812
151.425	-71.4375
151.5	-71.5313
151.575	-71.4375
151.65	-71.4063
151.725	-71.4687
151.8	-71.4063
151.875	-71.4687
151.95	-71.5
152.025	-71.5625
152.1	-71.4375
152.175	-71.4063
152.25	-71.5
152.325	-71.5625
152.4	-71.5
152.475	-71.3125
152.55	-71.4375
152.625	-71.5313
152.7	-71.4375
152.775	-71.5313
152.85	-71.5
152.925	-71.5313
153	-71.4375
153.075	-71.5
153.15	-71.5
153.225	-71.5625
153.3	-71.5625
153.375	-71.5313
153.45	-71.4687
153.525	-71.5313
153.6	-71.5937
153.675	-71.5
153.75	-71.5
153.825	-71.5937
153.9	-71.5625
153.975	-71.4375
154.05	-71.4063
154.125	-71.6562
154.2	-71.5625
154.275	-71.4687
154.35	-71.5313
154.425	-71.5625
154.5	-71.4375
154.575	-71.4375
154.65	-71.5313
154.725	-71.5625
154.8	-71.5313
154.875	-71.5
154.95	-71.5313
155.025	-71.4375
155.1	-71.5313
155.175	-71.5313
155.25	-71.5
155.325	-71.4687
155.4	-71.5
155.475	-71.5
155.55	-71.5
155.625	-71.5625
155.7	-71.4687
155.775	-71.5
155.85	-71.5
155.925	-71.4375
156	-71.5937
156.075	-71.5313
156.15	-71.4687
156.225	-71.5
156.3	-71.4687
156.375	-71.4063
156.45	-71.5313
156.525	-71.4375
156.6	-71.4375
156.675	-71.5937
156.75	-71.4063
156.825	-71.4687
156.9	-71.5313
156.975	-71.4063
157.05	-71.5313
157.125	-71.5313
157.2	-71.4063
157.275	-71.5625
157.35	-71.4687
157.425	-71.375
157.5	-71.5313
157.575	-71.4687
157.65	-71.375
157.725	-71.4063
157.8	-71.4063
157.875	-71.5
157.95	-71.4063
158.025	-71.3437
158.1	-71.5313
158.175	-71.4375
158.25	-71.4063
158.325	-71.3437
158.4	-71.5
158.475	-71.5313
158.55	-71.25
158.625	-71.375
158.7	-71.375
158.775	-71.5313
158.85	-71.2812
158.925	-71.4063
159	-71.4687
159.075	-71.375
159.15	-71.375
159.225	-71.2812
159.3	-71.3437
159.375	-71.4687
159.45	-71.3437
159.525	-71.3437
159.6	-71.4375
159.675	-71.4063
159.75	-71.3437
159.825	-71.3437
159.9	-71.5313
159.975	-71.4687
160.05	-71.2812
160.125	-71.2812
160.2	-71.4063
160.275	-71.4063
160.35	-71.375
160.425	-71.4063
160.5	-71.4375
160.575	-71.375
160.65	-71.4063
160.725	-71.4063
160.8	-71.5313
160.875	-71.3437
160.95	-71.375
161.025	-71.4375
161.1	-71.4687
161.175	-71.3437
161.25	-71.375
161.325	-71.4687
161.4	-71.4687
161.475	-71.4063
161.55	-71.4063
161.625	-71.4375
161.7	-71.4063
161.775	-71.4063
161.85	-71.4063
161.925	-71.4063
162	-71.3125
162.075	-71.4063
162.15	-71.4063
162.225	-71.4063
162.3	-71.4375
162.375	-71.4687
162.45	-71.4063
162.525	-71.3125
162.6	-71.4687
162.675	-71.4063
162.75	-71.25
162.825	-71.2812
162.9	-71.4063
162.975	-71.3437
163.05	-71.2188
163.125	-71.3437
163.2	-71.3125
163.275	-71.25
163.35	-71.2812
163.425	-71.3437
163.5	-71.2188
163.575	-71.3125
163.65	-71.3437
163.725	-71.3125
163.8	-71.2812
163.875	-71.25
163.95	-71.25
164.025	-71.375
164.1	-71.3437
164.175	-71.25
164.25	-71.2812
164.325	-71.2188
164.4	-71.25
164.475	-71.3125
164.55	-71.2188
164.625	-71.25
164.7	-71.3437
164.775	-71.25
164.85	-71.375
164.925	-71.25
165	-71.2188
165.075	-71.3125
165.15	-71.25
165.225	-71.3125
165.3	-71.25
165.375	-71.2812
165.45	-71.4063
165.525	-71.2812
165.6	-71.2812
165.675	-71.375
165.75	-71.3125
165.825	-71.3125
165.9	-71.25
165.975	-71.3125
166.05	-71.4375
166.125	-71.2188
166.2	-71.25
166.275	-71.3437
166.35	-71.4063
166.425	-71.2812
166.5	-71.1562
166.575	-71.4063
166.65	-71.3125
166.725	-71.3437
166.8	-71.2812
166.875	-71.25
166.95	-71.4063
167.025	-71.25
167.1	-71.3125
167.175	-71.4063
167.25	-71.3125
167.325	-71.3437
167.4	-71.2188
167.475	-71.3437
167.55	-71.4375
167.625	-71.25
167.7	-71.2188
167.775	-71.4063
167.85	-71.4063
167.925	-71.25
168	-71.2812
168.075	-71.25
168.15	-71.25
168.225	-71.25
168.3	-71.2812
168.375	-71.3125
168.45	-71.25
168.525	-71.1562
168.6	-71.3125
168.675	-71.4375
168.75	-71.25
168.825	-71.125
168.9	-71.3125
168.975	-71.4063
169.05	-71.1875
169.125	-71.125
169.2	-71.2812
169.275	-71.3437
169.35	-71.1875
169.425	-71.1875
169.5	-71.3125
169.575	-71.3125
169.65	-71.125
169.725	-71.125
169.8	-71.25
169.875	-71.2188
169.95	-71.2188
170.025	-71.2812
170.1	-71.2812
170.175	-71.25
170.25	-71.25
170.325	-71.2812
170.4	-71.25
170.475	-71.1875
170.55	-71.2188
170.625	-71.25
170.7	-71.2188
170.775	-71.1875
170.85	-71.2812
170.925	-71.25
171	-71.2188
171.075	-71.2812
171.15	-71.25
171.225	-71.125
171.3	-71.2812
171.375	-71.3125
171.45	-71.1562
171.525	-71.125
171.6	-71.25
171.675	-71.25
171.75	-71.125
171.825	-71.25
171.9	-71.2188
171.975	-71.1875
172.05	-71.2812
172.125	-71.2188
172.2	-71.125
172.275	-71.2812
172.35	-71.1875
172.425	-71.1562
172.5	-71.3125
172.575	-71.2188
172.65	-71.25
172.725	-71.2812
172.8	-71.2188
172.875	-71.1875
172.95	-71.3125
173.025	-71.2188
173.1	-71.2188
173.175	-71.3125
173.25	-71.25
173.325	-71.2812
173.4	-71.2188
173.475	-71.1562
173.55	-71.3125
173.625	-71.25
173.7	-71.1562
173.775	-71.25
173.85	-71.2188
173.925	-71.25
174	-71.25
174.075	-71.125
174.15	-71.375
174.225	-71.25
174.3	-71.1875
174.375	-71.2188
174.45	-71.3125
174.525	-71.3125
174.6	-71.1562
174.675	-71.25
174.75	-71.25
174.825	-71.3437
174.9	-71.1562
174.975	-71.1875
175.05	-71.3125
175.125	-71.1875
175.2	-71.2188
175.275	-71.125
175.35	-71.375
175.425	-71.2812
175.5	-71.2188
175.575	-71.2188
175.65	-71.25
175.725	-71.25
175.8	-71.25
175.875	-71.1875
175.95	-71.3437
176.025	-71.3437
176.1	-71.2188
176.175	-71.2188
176.25	-71.3125
176.325	-71.1875
176.4	-71.2188
176.475	-71.3437
176.55	-71.3125
176.625	-71.1875
176.7	-71.125
176.775	-71.25
176.85	-71.375
176.925	-71.2812
177	-71.1562
177.075	-71.2188
177.15	-71.375
177.225	-71.3125
177.3	-71.1875
177.375	-71.25
177.45	-71.375
177.525	-71.3125
177.6	-71.125
177.675	-71.2812
177.75	-71.4063
177.825	-71.2812
177.9	-71.1875
177.975	-71.3437
178.05	-71.4063
178.125	-71.3125
178.2	-71.125
178.275	-71.3125
178.35	-71.375
178.425	-71.25
178.5	-71.2188
178.575	-71.3437
178.65	-71.3437
178.725	-71.2812
178.8	-71.25
178.875	-71.3437
178.95	-71.3437
179.025	-71.2188
179.1	-71.2812
179.175	-71.3437
179.25	-71.375
179.325	-71.2812
179.4	-71.2812
179.475	-71.375
179.55	-71.2812
179.625	-71.2188
179.7	-71.3437
179.775	-71.4063
179.85	-71.3125
179.925	-71.3125
180	-71.375
180.075	-71.2812
180.15	-71.3125
180.225	-71.3125
180.3	-71.2812
180.375	-71.3125
180.45	-71.4375
180.525	-71.2812
180.6	-71.3437
180.675	-71.3125
180.75	-71.25
180.825	-71.4063
180.9	-71.375
180.975	-71.3125
181.05	-71.4063
181.125	-71.375
181.2	-71.375
181.275	-71.4063
181.35	-71.3125
181.425	-71.4375
181.5	-71.3437
181.575	-71.25
181.65	-71.4063
181.725	-71.4063
181.8	-71.4063
181.875	-71.4375
181.95	-71.3125
182.025	-71.4375
182.1	-71.4375
182.175	-71.2812
182.25	-71.4063
182.325	-71.4063
182.4	-71.4063
182.475	-71.4063
182.55	-71.3437
182.625	-71.5313
182.7	-71.5
182.775	-71.25
182.85	-71.375
182.925	-71.4063
183	-71.4063
183.075	-71.3437
183.15	-71.3437
183.225	-71.4687
183.3	-71.3437
183.375	-71.375
183.45	-71.4063
183.525	-71.4375
183.6	-71.5
183.675	-71.3437
183.75	-71.4687
183.825	-71.4375
183.9	-71.4687
183.975	-71.4375
184.05	-71.375
184.125	-71.5313
184.2	-71.5313
184.275	-71.3125
184.35	-71.375
184.425	-71.5625
184.5	-71.4687
184.575	-71.3437
184.65	-71.4375
184.725	-71.5313
184.8	-71.375
184.875	-71.3437
184.95	-71.4063
185.025	-71.4375
185.1	-71.3437
185.175	-71.375
185.25	-71.5
185.325	-71.5313
185.4	-71.3437
185.475	-71.3437
185.55	-71.5313
185.625	-71.5
185.7	-71.375
185.775	-71.2188
185.85	-71.4375
185.925	-71.4687
186	-71.2812
186.075	-71.2812
186.15	-71.4063
186.225	-71.4063
186.3	-71.25
186.375	-71.1875
186.45	-71.3437
186.525	-71.3437
186.6	-71.1562
186.675	-71.25
186.75	-71.375
186.825	-71.25
186.9	-71.125
186.975	-71.2188
187.05	-71.3437
187.125	-71.1875
187.2	-71.1562
187.275	-71.25
187.35	-71.25
187.425	-71.1562
187.5	-71.3125
187.575	-71.2188
187.65	-71.1875
187.725	-71.2188
187.8	-71.1875
187.875	-71.0938
187.95	-71.25
188.025	-71.25
188.1	-71.1562
188.175	-71.1875
188.25	-71.1875
188.325	-71.1562
188.4	-71.1875
188.475	-71.2188
188.55	-71.1562
188.625	-71.125
188.7	-71.1875
188.775	-71.1875
188.85	-71.1562
188.925	-71.2812
189	-71.2188
189.075	-71.1562
189.15	-71.1875
189.225	-71.1875
189.3	-71.125
189.375	-71.2188
189.45	-71.0625
189.525	-71.2188
189.6	-71.1875
189.675	-71.0938
189.75	-71.1562
189.825	-71.2188
189.9	-71.1562
189.975	-71.1875
190.05	-71.125
190.125	-71.0938
190.2	-71.25
190.275	-71.125
190.35	-71.0625
190.425	-71.1875
190.5	-71.125
190.575	-71.1875
190.65	-71.0625
190.725	-71.1562
190.8	-71.2188
190.875	-71.1562
190.95	-71.125
191.025	-71.0938
191.1	-71.2812
191.175	-71.1562
191.25	-71.0313
191.325	-71.2188
191.4	-71.125
191.475	-71.125
191.55	-71.0625
191.625	-71.0938
191.7	-71.25
191.775	-71.0625
191.85	-71.1562
191.925	-71.0938
192	-71.2188
192.075	-71.125
192.15	-70.9687
192.225	-71.2188
192.3	-71.125
192.375	-71.125
192.45	-71.125
192.525	-71.1875
192.6	-71.1875
192.675	-71.125
192.75	-71.0625
192.825	-71.1562
192.9	-71.25
192.975	-71.1875
193.05	-71.0625
193.125	-71.2188
193.2	-71.2188
193.275	-71.125
193.35	-71.1562
193.425	-71.3125
193.5	-71.2812
193.575	-71.1875
193.65	-71.1562
193.725	-71.2812
193.8	-71.2812
193.875	-71.1562
193.95	-71.1562
194.025	-71.1562
194.1	-71.2812
194.175	-71.1875
194.25	-71.125
194.325	-71.125
194.4	-71.2188
194.475	-71.1562
194.55	-71.0625
194.625	-71.1562
194.7	-71.2188
194.775	-71.2188
194.85	-71.0938
194.925	-71.0313
195	-71.125
195.075	-71.125
195.15	-71.0938
195.225	-71.0938
195.3	-71.1562
195.375	-71.0938
195.45	-71.0313
195.525	-71.0625
195.6	-71.2188
195.675	-71.0938
195.75	-71.0313
195.825	-71.125
195.9	-71.125
195.975	-71.125
196.05	-71.0938
196.125	-71.125
196.2	-70.9687
196.275	-71.0313
196.35	-71.125
196.425	-71.0938
196.5	-70.9687
196.575	-71.0625
196.65	-71.0313
196.725	-71
196.8	-71.1875
196.875	-71.125
196.95	-71
197.025	-71.1562
197.1	-71.0625
197.175	-71.125
197.25	-71.1562
197.325	-71.125
197.4	-71.125
197.475	-71.125
197.55	-71
197.625	-71.125
197.7	-71.0938
197.775	-71.0625
197.85	-71.125
197.925	-71.0938
198	-71.0938
198.075	-71.1875
198.15	-71.0938
198.225	-71.125
198.3	-71.125
198.375	-71.0938
198.45	-71.2188
198.525	-71.0938
198.6	-71.0625
198.675	-71.25
198.75	-71.0625
198.825	-71.0625
198.9	-71.1562
198.975	-71.0625
199.05	-71.125
199.125	-71.0625
199.2	-71.1562
199.275	-71.2188
199.35	-71.0625
199.425	-71.1562
199.5	-71.125
199.575	-71.2188
199.65	-71.125
199.725	-71
199.8	-71.2188
199.875	-71.2188
199.95	-71.125
200.025	-71.0625
200.1	-71.125
200.175	-71.3125
200.25	-71.0625
200.325	-71.0938
200.4	-71.125
200.475	-71.25
200.55	-71.125
200.625	-71.0625
200.7	-71.1875
200.775	-71.125
200.85	-71.1562
200.925	-71.0625
201	-71.1562
201.075	-71.125
201.15	-71.0625
201.225	-71.125
201.3	-71.2188
201.375	-71.125
201.45	-71.0313
201.525	-71.125
201.6	-71.25
201.675	-71.25
201.75	-71.0625
201.825	-71.0938
201.9	-71.1875
201.975	-71.3125
202.05	-71.125
202.125	-71.0938
202.2	-71.1875
202.275	-71.25
202.35	-71.1562
202.425	-71.125
202.5	-71.2188
202.575	-71.25
202.65	-71.1562
202.725	-71.125
202.8	-71.2188
202.875	-71.2812
202.95	-71.1875
203.025	-71.2188
203.1	-71.125
203.175	-71.375
203.25	-71.2188
203.325	-71.2188
203.4	-71.25
203.475	-71.25
203.55	-71.2188
203.625	-71.2188
203.7	-71.2812
203.775	-71.3125
203.85	-71.1875
203.925	-71.1875
204	-71.3125
204.075	-71.25
204.15	-71.25
204.225	-71.3125
204.3	-71.3125
204.375	-71.2188
204.45	-71.2812
204.525	-71.25
204.6	-71.2812
204.675	-71.125
204.75	-71.2812
204.825	-71.2812
204.9	-71.2812
204.975	-71.25
205.05	-71.2812
205.125	-71.1875
205.2	-71.3437
205.275	-71.3437
205.35	-71.25
205.425	-71.3125
205.5	-71.3125
205.575	-71.1875
205.65	-71.25
205.725	-71.3125
205.8	-71.25
205.875	-71.3437
205.95	-71.2812
206.025	-71.25
206.1	-71.4063
206.175	-71.3437
206.25	-71.3125
206.325	-71.375
206.4	-71.25
206.475	-71.3125
206.55	-71.3437
206.625	-71.2188
206.7	-71.2812
206.775	-71.3125
206.85	-71.25
206.925	-71.375
207	-71.25
207.075	-71.3125
207.15	-71.375
207.225	-71.25
207.3	-71.4063
207.375	-71.3437
207.45	-71.3437
207.525	-71.2812
207.6	-71.1875
207.675	-71.4063
207.75	-71.375
207.825	-71.2812
207.9	-71.25
207.975	-71.3437
208.05	-71.4375
208.125	-71.25
208.2	-71.25
208.275	-71.4063
208.35	-71.3125
208.425	-71.375
208.5	-71.25
208.575	-71.4375
208.65	-71.4063
208.725	-71.375
208.8	-71.3437
208.875	-71.4063
208.95	-71.5
209.025	-71.3125
209.1	-71.3125
209.175	-71.4687
209.25	-71.375
209.325	-71.25
209.4	-71.375
209.475	-71.5313
209.55	-71.4687
209.625	-71.25
209.7	-71.3437
209.775	-71.4375
209.85	-71.4687
209.925	-71.2812
210	-71.2812
210.075	-71.3437
210.15	-71.2812
210.225	-71.2188
210.3	-71.25
210.375	-71.3437
210.45	-71.25
210.525	-71.0938
210.6	-71.1875
210.675	-71.4063
210.75	-71.25
210.825	-71.125
210.9	-71.125
210.975	-71.3437
211.05	-71.1875
211.125	-71.125
211.2	-71.2188
211.275	-71.375
211.35	-71.125
211.425	-71.0625
211.5	-71.1562
211.575	-71.25
211.65	-71.125
211.725	-71.1562
211.8	-71.2188
211.875	-71.1875
211.95	-71.125
212.025	-71.1875
212.1	-71.2812
212.175	-71.0938
212.25	-71.125
212.325	-71.125
212.4	-71.125
212.475	-71.125
212.55	-71.2188
212.625	-71.1875
212.7	-71.125
212.775	-71.2188
212.85	-71.2188
212.925	-71.125
213	-71.25
213.075	-71.2812
213.15	-71.1562
213.225	-71.125
213.3	-71.2188
213.375	-71.0938
213.45	-71.0938
213.525	-71.2188
213.6	-71.25
213.675	-71.125
213.75	-71.2188
213.825	-71.2188
213.9	-71.0938
213.975	-71.25
214.05	-71.25
214.125	-71.1562
214.2	-71.1875
214.275	-71.2188
214.35	-71.125
214.425	-71.1875
214.5	-71.1875
214.575	-71.0625
214.65	-71.25
214.725	-71.1562
214.8	-71.125
214.875	-71.2812
214.95	-71.125
215.025	-71.2812
215.1	-71.0938
215.175	-70.9375
215.25	-71.0313
215.325	-70.9063
215.4	-70.875
215.475	-70.875
215.55	-70.8125
215.625	-70.9687
215.7	-70.8125
215.775	-70.7813
215.85	-70.9375
215.925	-70.7813
216	-70.8125
216.075	-70.6875
216.15	-70.8437
216.225	-70.8437
216.3	-70.6562
216.375	-70.7813
216.45	-70.7813
216.525	-70.8437
216.6	-70.7188
216.675	-70.5625
216.75	-70.8125
216.825	-70.8437
216.9	-70.6875
216.975	-70.75
217.05	-70.6562
217.125	-70.75
217.2	-70.5
217.275	-70.6562
217.35	-70.7188
217.425	-70.6562
217.5	-70.625
217.575	-70.6562
217.65	-70.6562
217.725	-70.625
217.8	-70.5625
217.875	-70.5625
217.95	-70.5938
218.025	-70.5625
218.1	-70.5312
218.175	-70.625
218.25	-70.625
218.325	-70.5625
218.4	-70.4688
218.475	-70.5625
218.55	-70.75
218.625	-70.625
218.7	-70.4688
218.775	-70.5
218.85	-70.6875
218.925	-70.625
219	-70.375
219.075	-70.5
219.15	-70.5938
219.225	-70.5
219.3	-70.375
219.375	-70.5625
219.45	-70.6875
219.525	-70.4375
219.6	-70.375
219.675	-70.5938
219.75	-70.5312
219.825	-70.4063
219.9	-70.4375
219.975	-70.5312
220.05	-70.5
220.125	-70.4063
220.2	-70.4688
220.275	-70.5625
220.35	-70.4688
220.425	-70.4063
220.5	-70.4063
220.575	-70.4688
220.65	-70.4375
220.725	-70.4063
220.8	-70.5
220.875	-70.4688
220.95	-70.4375
221.025	-70.375
221.1	-70.4688
221.175	-70.4688
221.25	-70.4375
221.325	-70.5
221.4	-70.4375
221.475	-70.3437
221.55	-70.4688
221.625	-70.4375
221.7	-70.4063
221.775	-70.5
221.85	-70.4375
221.925	-70.3437
222	-70.4375
222.075	-70.4063
222.15	-70.375
222.225	-70.5
222.3	-70.4375
222.375	-70.3437
222.45	-70.4375
222.525	-70.375
222.6	-70.4375
222.675	-70.4688
222.75	-70.375
222.825	-70.375
222.9	-70.4063
222.975	-70.2813
223.05	-70.4063
223.125	-70.3437
223.2	-70.25
223.275	-70.375
223.35	-70.25
223.425	-70.25
223.5	-70.25
223.575	-70.1875
223.65	-70.2813
223.725	-70.125
223.8	-70.25
223.875	-70.2187
223.95	-70.0938
224.025	-70.2813
224.1	-70.2187
224.175	-70.0312
224.25	-70.125
224.325	-70.0938
224.4	-70.1875
224.475	-70.0312
224.55	-70
224.625	-70.125
224.7	-70.0625
224.775	-70
224.85	-70.0312
224.925	-70.0625
225	-70.0625
225.075	-69.8437
225.15	-69.9375
225.225	-69.9688
225.3	-70.0938
225.375	-69.9062
225.45	-69.9062
225.525	-69.9688
225.6	-69.875
225.675	-69.8437
225.75	-69.875
225.825	-69.8437
225.9	-69.9062
225.975	-69.7813
226.05	-69.7813
226.125	-69.7813
226.2	-69.75
226.275	-69.7187
226.35	-69.8125
226.425	-69.7813
226.5	-69.6875
226.575	-69.5937
226.65	-69.6563
226.725	-69.8125
226.8	-69.7813
226.875	-69.625
226.95	-69.625
227.025	-69.7187
227.1	-69.6875
227.175	-69.625
227.25	-69.625
227.325	-69.625
227.4	-69.6875
227.475	-69.6563
227.55	-69.625
227.625	-69.7187
227.7	-69.6563
227.775	-69.5312
227.85	-69.5312
227.925	-69.7187
228	-69.6563
228.075	-69.5312
228.15	-69.5312
228.225	-69.5937
228.3	-69.5937
228.375	-69.5
228.45	-69.5312
228.525	-69.5937
228.6	-69.5312
228.675	-69.5625
228.75	-69.4688
228.825	-69.625
228.9	-69.5625
228.975	-69.5625
229.05	-69.4375
229.125	-69.625
229.2	-69.5625
229.275	-69.4375
229.35	-69.5937
229.425	-69.5312
229.5	-69.4375
229.575	-69.5
229.65	-69.4375
229.725	-69.4062
229.8	-69.5
229.875	-69.5
229.95	-69.4375
230.025	-69.5312
230.1	-69.4375
230.175	-69.5312
230.25	-69.5937
230.325	-69.4688
230.4	-69.4375
230.475	-69.5312
230.55	-69.4688
230.625	-69.3438
230.7	-69.5312
230.775	-69.4375
230.85	-69.375
230.925	-69.5
231	-69.4375
231.075	-69.3125
231.15	-69.4688
231.225	-69.4688
231.3	-69.4375
231.375	-69.5312
231.45	-69.4062
231.525	-69.4375
231.6	-69.5312
231.675	-69.4688
231.75	-69.4375
231.825	-69.4375
231.9	-69.375
231.975	-69.4688
232.05	-69.2813
232.125	-69.4062
232.2	-69.5312
232.275	-69.375
232.35	-69.3125
232.425	-69.4375
232.5	-69.375
232.575	-69.5
232.65	-69.2813
232.725	-69.4375
232.8	-69.4375
232.875	-69.4062
232.95	-69.375
233.025	-69.3125
233.1	-69.4688
233.175	-69.375
233.25	-69.4375
233.325	-69.3438
233.4	-69.4375
233.475	-69.5312
233.55	-69.25
233.625	-69.4688
233.7	-69.4688
233.775	-69.5
233.85	-69.375
233.925	-69.4062
234	-69.5
234.075	-69.3438
234.15	-69.3438
234.225	-69.4062
234.3	-69.4688
234.375	-69.3438
234.45	-69.3125
234.525	-69.4375
234.6	-69.5
234.675	-69.3125
234.75	-69.2187
234.825	-69.375
234.9	-69.5
234.975	-69.4375
235.05	-69.3438
235.125	-69.375
235.2	-69.4375
235.275	-69.4375
235.35	-69.375
235.425	-69.375
235.5	-69.4375
235.575	-69.5
235.65	-69.4062
235.725	-69.375
235.8	-69.4375
235.875	-69.4062
235.95	-69.375
236.025	-69.4062
236.1	-69.4375
236.175	-69.5
236.25	-69.4062
236.325	-69.3438
236.4	-69.4688
236.475	-69.4375
236.55	-69.4062
236.625	-69.375
236.7	-69.4688
236.775	-69.4375
236.85	-69.3438
236.925	-69.3438
237	-69.4688
237.075	-69.4688
237.15	-69.3438
237.225	-69.375
237.3	-69.4688
237.375	-69.4062
237.45	-69.3438
237.525	-69.3438
237.6	-69.4688
237.675	-69.4375
237.75	-69.375
237.825	-69.4375
237.9	-69.4688
237.975	-69.2813
238.05	-69.25
238.125	-69.5312
238.2	-69.4062
238.275	-69.4375
238.35	-69.4688
238.425	-69.4375
238.5	-69.3438
238.575	-69.4375
238.65	-69.375
238.725	-69.3438
238.8	-69.4062
238.875	-69.4062
238.95	-69.4062
239.025	-69.5
239.1	-69.4375
239.175	-69.4062
239.25	-69.5312
239.325	-69.4688
239.4	-69.4062
239.475	-69.5
239.55	-69.4688
239.625	-69.4375
239.7	-69.5625
239.775	-69.4375
239.85	-69.5312
239.925	-69.5
240	-69.4062
240.075	-69.5312
240.15	-69.4375
240.225	-69.375
240.3	-69.5
240.375	-69.375
240.45	-69.5312
240.525	-69.375
240.6	-69.4375
240.675	-69.5
240.75	-69.4062
240.825	-69.4062
240.9	-69.4062
240.975	-69.5312
241.05	-69.4688
241.125	-69.3125
241.2	-69.5
241.275	-69.5312
241.35	-69.5312
241.425	-69.4688
241.5	-69.4688
241.575	-69.6563
241.65	-69.4375
241.725	-69.375
241.8	-69.5312
241.875	-69.4688
241.95	-69.5312
242.025	-69.4062
242.1	-69.5312
242.175	-69.5625
242.25	-69.4688
242.325	-69.5
242.4	-69.5312
242.475	-69.5312
242.55	-69.5312
242.625	-69.4375
242.7	-69.5312
242.775	-69.5312
242.85	-69.4375
242.925	-69.4688
243	-69.5312
243.075	-69.5
243.15	-69.375
243.225	-69.3438
243.3	-69.625
243.375	-69.5937
243.45	-69.4375
243.525	-69.375
243.6	-69.5312
243.675	-69.6563
243.75	-69.5312
243.825	-69.3438
243.9	-69.5
243.975	-69.6563
244.05	-69.4688
244.125	-69.375
244.2	-69.5
244.275	-69.625
244.35	-69.5
244.425	-69.3438
244.5	-69.4688
244.575	-69.5312
244.65	-69.5
244.725	-69.375
244.8	-69.5
244.875	-69.5625
244.95	-69.375
245.025	-69.5
245.1	-69.5625
245.175	-69.4688
245.25	-69.4062
245.325	-69.5312
245.4	-69.5
245.475	-69.4062
245.55	-69.5312
245.625	-69.5
245.7	-69.4688
245.775	-69.4688
245.85	-69.5312
245.925	-69.4688
246	-69.4062
246.075	-69.375
246.15	-69.5312
246.225	-69.5
246.3	-69.4375
246.375	-69.5312
246.45	-69.5312
246.525	-69.4062
246.6	-69.4688
246.675	-69.5
246.75	-69.5
246.825	-69.375
246.9	-69.5
246.975	-69.4375
247.05	-69.375
247.125	-69.5312
247.2	-69.4062
247.275	-69.4375
247.35	-69.4688
247.425	-69.3438
247.5	-69.375
247.575	-69.4062
247.65	-69.1875
247.725	-69.3438
247.8	-69.2187
247.875	-69.2187
247.95	-69.25
248.025	-69.1875
248.1	-69.125
248.175	-69.1875
248.25	-69.0937
248.325	-69
248.4	-69
248.475	-68.8438
248.55	-69
248.625	-68.875
248.7	-68.75
248.775	-68.9062
248.85	-68.6875
248.925	-68.8125
249	-68.7812
249.075	-68.7812
249.15	-68.75
249.225	-68.5313
249.3	-68.625
249.375	-68.625
249.45	-68.625
249.525	-68.625
249.6	-68.4375
249.675	-68.6563
249.75	-68.5
249.825	-68.5625
249.9	-68.375
249.975	-68.4687
250.05	-68.5937
250.125	-68.3438
250.2	-68.375
250.275	-68.4375
250.35	-68.5
250.425	-68.4062
250.5	-68.2812
250.575	-68.4062
250.65	-68.4062
250.725	-68.25
250.8	-68.2812
250.875	-68.3438
250.95	-68.375
251.025	-68.3125
251.1	-68.3125
251.175	-68.3438
251.25	-68.3438
251.325	-68.3125
251.4	-68.3125
251.475	-68.4062
251.55	-68.375
251.625	-68.1875
251.7	-68.2188
251.775	-68.375
251.85	-68.4062
251.925	-68.2188
252	-68.0937
252.075	-68.3438
252.15	-68.375
252.225	-68.1562
252.3	-68.1562
252.375	-68.2188
252.45	-68.3125
252.525	-68.25
252.6	-68.1562
252.675	-68.25
252.75	-68.3125
252.825	-68.2188
252.9	-68.1562
252.975	-68.2188
253.05	-68.2812
253.125	-68.2188
253.2	-68.1562
253.275	-68.25
253.35	-68.2812
253.425	-68.1562
253.5	-68.1562
253.575	-68.2812
253.65	-68.1875
253.725	-68.1875
253.8	-68.1875
253.875	-68.3125
253.95	-68.2188
254.025	-68.0937
254.1	-68.25
254.175	-68.25
254.25	-68.125
254.325	-68.125
254.4	-68.2188
254.475	-68.125
254.55	-68.1562
254.625	-68.1562
254.7	-68.125
254.775	-68.1875
254.85	-68.2188
254.925	-68.0937
255	-68.2188
255.075	-68.2188
255.15	-68.0937
255.225	-68.1562
255.3	-68.1875
255.375	-68.125
255.45	-68.125
255.525	-68.1875
255.6	-68.1562
255.675	-68.1562
255.75	-68.1875
255.825	-68.125
255.9	-68.1875
255.975	-68.1875
256.05	-68.125
256.125	-68.2188
256.2	-68.0937
256.275	-68.0625
256.35	-68.1875
256.425	-68.1562
256.5	-68.1875
256.575	-68.0625
256.65	-68.0625
256.725	-68.25
256.8	-68.0625
256.875	-68.0625
256.95	-68.1875
257.025	-68.125
257.1	-68.1875
257.175	-68.0937
257.25	-68.25
257.325	-68.1562
257.4	-68.0937
257.475	-68.125
257.55	-68.1562
257.625	-68.25
257.7	-68.0937
257.775	-68.0937
257.85	-68.25
257.925	-68.1875
258	-68.125
258.075	-68.1562
258.15	-68.1562
258.225	-68.2812
258.3	-68
258.375	-68.125
258.45	-68.1875
258.525	-68.2188
258.6	-68.1562
258.675	-68
258.75	-68.2188
258.825	-68.1562
258.9	-68.1562
258.975	-68.0625
259.05	-68.0937
259.125	-68.25
259.2	-68.125
259.275	-68
259.35	-68.1875
259.425	-68.1875
259.5	-68.0937
259.575	-67.9687
259.65	-68.1562
259.725	-68.1875
259.8	-68.1562
259.875	-68.0937
259.95	-68.125
260.025	-68.125
260.1	-68.0625
260.175	-68.1562
260.25	-68.25
260.325	-68.0937
260.4	-68.0313
260.475	-68.0625
260.55	-68.25
260.625	-68.1562
260.7	-67.9375
260.775	-68.0937
260.85	-68.125
260.925	-68.1562
261	-67.9687
261.075	-68.125
261.15	-68.2188
261.225	-68.1562
261.3	-67.9687
261.375	-68
261.45	-68.1562
261.525	-68.0625
261.6	-67.9375
261.675	-68.0625
261.75	-68.1562
261.825	-68
261.9	-68.0625
261.975	-68.0625
262.05	-68
262.125	-68.0313
262.2	-68.0625
262.275	-68.0313
262.35	-67.9375
262.425	-68.0937
262.5	-68
262.575	-68
262.65	-68.125
262.725	-68.0625
262.8	-67.9375
262.875	-68.0625
262.95	-68.125
263.025	-67.9063
263.1	-68
263.175	-68.0313
263.25	-67.9687
263.325	-68
263.4	-68
263.475	-68
263.55	-68
263.625	-68.0625
263.7	-68
263.775	-68
263.85	-68
263.925	-68
264	-68.0937
264.075	-68.0313
264.15	-67.9687
264.225	-68.0625
264.3	-68.0625
264.375	-67.9687
264.45	-68.0625
264.525	-68.0625
264.6	-68
264.675	-68.0625
264.75	-68
264.825	-67.9375
264.9	-68.0625
264.975	-67.9063
265.05	-67.875
265.125	-68.0313
265.2	-67.9375
265.275	-68.0625
265.35	-67.9063
265.425	-67.9375
265.5	-68
265.575	-67.8125
265.65	-67.9687
265.725	-67.9063
265.8	-67.9687
265.875	-67.9687
265.95	-67.9063
266.025	-67.9687
266.1	-68.0313
266.175	-67.8438
266.25	-67.9063
266.325	-68
266.4	-67.9687
266.475	-68
266.55	-67.8438
266.625	-68.0625
266.7	-68.0937
266.775	-67.8438
266.85	-68
266.925	-67.9687
267	-68
267.075	-67.9063
267.15	-67.9063
267.225	-67.9687
267.3	-67.9687
267.375	-67.9375
267.45	-68
267.525	-67.9375
267.6	-68
267.675	-67.9687
267.75	-67.9063
267.825	-68
267.9	-68.0625
267.975	-68
268.05	-67.9687
268.125	-68
268.2	-68
268.275	-68
268.35	-68
268.425	-68.0625
268.5	-68
268.575	-67.875
268.65	-68
268.725	-68
268.8	-68
268.875	-68
268.95	-68
269.025	-68.0625
269.1	-68
269.175	-68
269.25	-68.0625
269.325	-68.0313
269.4	-68.0625
269.475	-68.0313
269.55	-68.0313
269.625	-68.0625
269.7	-68
269.775	-68
269.85	-68.0937
269.925	-68
270	-68.0625
270.075	-68.0937
270.15	-68.0625
270.225	-68
270.3	-68.0937
270.375	-68
270.45	-68.0313
270.525	-68.0937
270.6	-68.1562
270.675	-68.125
270.75	-68.0937
270.825	-68.125
270.9	-68.125
270.975	-68.0937
271.05	-68.0625
271.125	-68.1875
271.2	-68.125
271.275	-68
271.35	-68.125
271.425	-68.1875
271.5	-68
271.575	-68.1562
271.65	-68.125
271.725	-68.125
271.8	-68.2188
271.875	-68.1562
271.95	-68.0937
272.025	-68.2188
272.1	-68.1875
272.175	-68.125
272.25	-68.2188
272.325	-68.125
272.4	-68.125
272.475	-68.25
272.55	-68.2188
272.625	-68.125
272.7	-68.2812
272.775	-68.2188
272.85	-68.2188
272.925	-68.2812
273	-68.25
273.075	-68.1562
273.15	-68.25
273.225	-68.2188
273.3	-68.125
273.375	-68.3125
273.45	-68.1875
273.525	-68.2188
273.6	-68.3438
273.675	-68.2188
273.75	-68.3125
273.825	-68.2188
273.9	-68.3438
273.975	-68.375
274.05	-68.125
274.125	-68.25
274.2	-68.3125
274.275	-68.3438
274.35	-68.25
274.425	-68.2188
274.5	-68.4062
274.575	-68.2812
274.65	-68.25
274.725	-68.3125
274.8	-68.375
274.875	-68.4375
274.95	-68.25
275.025	-68.4062
275.1	-68.4062
275.175	-68.4375
275.25	-68.25
275.325	-68.3438
275.4	-68.4375
275.475	-68.375
275.55	-68.375
275.625	-68.2812
275.7	-68.5
275.775	-68.4687
275.85	-68.2812
275.925	-68.4687
276	-68.4687
276.075	-68.4687
276.15	-68.2812
276.225	-68.3438
276.3	-68.5313
276.375	-68.5
276.45	-68.4375
276.525	-68.4062
276.6	-68.4687
276.675	-68.4062
276.75	-68.375
276.825	-68.5
276.9	-68.5937
276.975	-68.5937
277.05	-68.375
277.125	-68.4062
277.2	-68.625
277.275	-68.5
277.35	-68.4062
277.425	-68.4375
277.5	-68.625
277.575	-68.5
277.65	-68.375
277.725	-68.5313
277.8	-68.6563
277.875	-68.4375
277.95	-68.4062
278.025	-68.5313
278.1	-68.5937
278.175	-68.4375
278.25	-68.4375
278.325	-68.6563
278.4	-68.5625
278.475	-68.5313
278.55	-68.5
278.625	-68.625
278.7	-68.5937
278.775	-68.5
278.85	-68.625
278.925	-68.5625
279	-68.5625
279.075	-68.625
279.15	-68.5937
279.225	-68.5
279.3	-68.6563
279.375	-68.6563
279.45	-68.5313
279.525	-68.6875
279.6	-68.6875
279.675	-68.5937
279.75	-68.5
279.825	-68.7187
279.9	-68.625
279.975	-68.5
280.05	-68.5937
280.125	-68.6875
280.2	-68.625
280.275	-68.6875
280.35	-68.625
280.425	-68.5937
280.5	-68.7812
280.575	-68.6563
280.65	-68.5625
280.725	-68.6563
280.8	-68.6875
280.875	-68.5937
280.95	-68.7187
281.025	-68.6563
281.1	-68.625
281.175	-68.75
281.25	-68.6875
281.325	-68.625
281.4	-68.75
281.475	-68.6563
281.55	-68.7812
281.625	-68.7812
281.7	-68.625
281.775	-68.75
281.85	-68.75
281.925	-68.6563
282	-68.7812
282.075	-68.75
282.15	-68.8438
282.225	-68.75
282.3	-68.6875
282.375	-68.8438
282.45	-68.7812
282.525	-68.75
282.6	-68.7812
282.675	-68.8438
282.75	-68.875
282.825	-68.7812
282.9	-68.7187
282.975	-68.875
283.05	-68.7812
283.125	-68.7812
283.2	-68.7812
283.275	-68.9062
283.35	-68.9062
283.425	-68.6875
283.5	-68.875
283.575	-68.9062
283.65	-68.75
283.725	-68.8125
283.8	-68.7812
283.875	-68.9375
283.95	-68.8438
284.025	-68.8125
284.1	-68.875
284.175	-68.875
284.25	-68.875
284.325	-68.8125
284.4	-68.875
284.475	-68.9375
284.55	-68.9062
284.625	-68.7812
284.7	-68.7812
284.775	-68.75
284.85	-68.875
284.925	-68.8438
285	-68.8438
285.075	-68.7812
285.15	-68.6563
285.225	-68.5313
285.3	-68.6563
285.375	-68.7187
285.45	-68.5625
285.525	-68.4062
285.6	-68.375
285.675	-68.5313
285.75	-68.5
285.825	-68.3438
285.9	-68.4062
285.975	-68.375
286.05	-68.375
286.125	-68.3125
286.2	-68.3438
286.275	-68.4375
286.35	-68.3125
286.425	-68.25
286.5	-68.3438
286.575	-68.4062
286.65	-68.3125
286.725	-68.2188
286.8	-68.4062
286.875	-68.4062
286.95	-68.25
287.025	-68.25
287.1	-68.4062
287.175	-68.25
287.25	-68.1875
287.325	-68.25
287.4	-68.25
287.475	-68.2188
287.55	-68.3125
287.625	-68.2188
287.7	-68.1875
287.775	-68.25
287.85	-68.25
287.925	-68.1875
288	-68.25
288.075	-68.3125
288.15	-68.1875
288.225	-68.25
288.3	-68.2188
288.375	-68.1875
288.45	-68.25
288.525	-68.25
288.6	-68.1875
288.675	-68.2812
288.75	-68.1875
288.825	-68.1562
288.9	-68.25
288.975	-68.25
289.05	-68.1562
289.125	-68.2812
289.2	-68.2188
289.275	-68.1875
289.35	-68.2812
289.425	-68.2188
289.5	-68.0625
289.575	-68.2812
289.65	-68.25
289.725	-68.2188
289.8	-68.3438
289.875	-68.25
289.95	-68.1875
290.025	-68.2812
290.1	-68.125
290.175	-68.25
290.25	-68.3438
290.325	-68.1875
290.4	-68.2812
290.475	-68.25
290.55	-68.2812
290.625	-68.3125
290.7	-68.125
290.775	-68.3438
290.85	-68.3125
290.925	-68.25
291	-68.2188
291.075	-68.25
291.15	-68.4062
291.225	-68.25
291.3	-68.2812
291.375	-68.3125
291.45	-68.3125
291.525	-68.3125
291.6	-68.1562
291.675	-68.3438
291.75	-68.3438
291.825	-68.3125
291.9	-68.25
291.975	-68.25
292.05	-68.3438
292.125	-68.2188
292.2	-68.25
292.275	-68.25
292.35	-68.4062
292.425	-68.2812
292.5	-68.125
292.575	-68.25
292.65	-68.4375
292.725	-68.3125
292.8	-68.1875
292.875	-68.3438
292.95	-68.4375
293.025	-68.4062
293.1	-68.25
293.175	-68.3125
293.25	-68.3438
293.325	-68.375
293.4	-68.3438
293.475	-68.4375
293.55	-68.3438
293.625	-68.25
293.7	-68.3125
293.775	-68.5
293.85	-68.4062
293.925	-68.2188
294	-68.3125
294.075	-68.4687
294.15	-68.4375
294.225	-68.3125
294.3	-68.3125
294.375	-68.5
294.45	-68.4687
294.525	-68.25
294.6	-68.4062
294.675	-68.5
294.75	-68.4062
294.825	-68.25
294.9	-68.4062
294.975	-68.4375
295.05	-68.4062
295.125	-68.375
295.2	-68.5
295.275	-68.5
295.35	-68.4062
295.425	-68.4375
295.5	-68.4687
295.575	-68.5
295.65	-68.5
295.725	-68.5
295.8	-68.4062
295.875	-68.4375
295.95	-68.4375
296.025	-68.4687
296.1	-68.375
296.175	-68.5
296.25	-68.5313
296.325	-68.4062
296.4	-68.5
296.475	-68.5937
296.55	-68.4687
296.625	-68.4687
296.7	-68.5937
296.775	-68.5937
296.85	-68.4687
296.925	-68.5313
297	-68.5
297.075	-68.4687
297.15	-68.4687
297.225	-68.5625
297.3	-68.5
297.375	-68.4687
297.45	-68.5937
297.525	-68.5
297.6	-68.5
297.675	-68.5937
297.75	-68.5
297.825	-68.5937
297.9	-68.5625
297.975	-68.5313
298.05	-68.5937
298.125	-68.625
298.2	-68.4687
298.275	-68.5
298.35	-68.5313
298.425	-68.5313
298.5	-68.5937
298.575	-68.4687
298.65	-68.5625
298.725	-68.5937
298.8	-68.4375
298.875	-68.5
298.95	-68.4687
299.025	-68.5625
299.1	-68.5
299.175	-68.4062
299.25	-68.5625
299.325	-68.5
299.4	-68.5
299.475	-68.4687
299.55	-68.5313
299.625	-68.5
299.7	-68.5313
299.775	-68.5
299.85	-68.5
299.925	-68.5937
300	-68.5313
300.075	-68.4687
300.15	-68.5937
300.225	-68.5
300.3	-68.5
300.375	-68.4687
300.45	-68.5625
300.525	-68.6563
300.6	-68.4375
300.675	-68.4687
300.75	-68.4687
300.825	-68.5
300.9	-68.4687
300.975	-68.4687
301.05	-68.4687
301.125	-68.5
301.2	-68.5
301.275	-68.4375
301.35	-68.5625
301.425	-68.5937
301.5	-68.4687
301.575	-68.5
301.65	-68.6563
301.725	-68.5625
301.8	-68.4375
301.875	-68.4062
301.95	-68.5
302.025	-68.625
302.1	-68.5
302.175	-68.4687
302.25	-68.6563
302.325	-68.625
302.4	-68.4375
302.475	-68.5
302.55	-68.625
302.625	-68.625
302.7	-68.5
302.775	-68.375
302.85	-68.6563
302.925	-68.625
303	-68.5313
303.075	-68.625
303.15	-68.7187
303.225	-68.625
303.3	-68.5
303.375	-68.5625
303.45	-68.6563
303.525	-68.5313
303.6	-68.625
303.675	-68.6563
303.75	-68.6563
303.825	-68.5937
303.9	-68.625
303.975	-68.625
304.05	-68.6563
304.125	-68.5937
304.2	-68.7187
304.275	-68.7187
304.35	-68.7187
304.425	-68.625
304.5	-68.7187
304.575	-68.625
304.65	-68.5625
304.725	-68.625
304.8	-68.625
304.875	-68.625
304.95	-68.7187
305.025	-68.6875
305.1	-68.5313
305.175	-68.6563
305.25	-68.625
305.325	-68.5937
305.4	-68.625
305.475	-68.6563
305.55	-68.5937
305.625	-68.7812
305.7	-68.75
305.775	-68.6563
305.85	-68.6875
305.925	-68.6875
306	-68.5937
306.075	-68.6563
306.15	-68.625
306.225	-68.5625
306.3	-68.75
306.375	-68.7187
306.45	-68.625
306.525	-68.7187
306.6	-68.625
306.675	-68.7187
306.75	-68.7187
306.825	-68.6563
306.9	-68.7812
306.975	-68.625
307.05	-68.625
307.125	-68.8125
307.2	-68.6875
307.275	-68.7812
307.35	-68.6563
307.425	-68.6875
307.5	-68.875
307.575	-68.625
307.65	-68.7812
307.725	-68.8125
307.8	-68.875
307.875	-68.75
307.95	-68.6563
308.025	-68.875
308.1	-68.8125
308.175	-68.8125
308.25	-68.6875
308.325	-68.9688
308.4	-68.875
308.475	-68.7812
308.55	-68.7812
308.625	-68.7812
308.7	-68.9688
308.775	-68.6875
308.85	-68.7812
308.925	-68.8438
309	-68.7812
309.075	-68.8125
309.15	-68.7812
309.225	-68.875
309.3	-68.8438
309.375	-68.8438
309.45	-68.8125
309.525	-68.9062
309.6	-68.875
309.675	-68.7187
309.75	-68.8438
309.825	-69.0313
309.9	-68.9375
309.975	-68.875
310.05	-68.7187
310.125	-68.875
310.2	-68.9062
310.275	-68.8438
310.35	-68.9062
310.425	-68.875
310.5	-68.9688
310.575	-68.9062
310.65	-68.8438
310.725	-68.9375
310.8	-68.875
310.875	-68.9062
310.95	-68.9062
311.025	-68.9062
311.1	-68.8438
311.175	-68.9062
311.25	-68.875
311.325	-68.9062
311.4	-68.8438
311.475	-68.9062
311.55	-68.9375
311.625	-68.9375
311.7	-68.9062
311.775	-68.9375
311.85	-68.9375
311.925	-68.9375
312	-68.9688
312.075	-68.9062
312.15	-68.875
312.225	-68.9688
312.3	-69
312.375	-68.9375
312.45	-68.9062
312.525	-69.0937
312.6	-68.9688
312.675	-68.9062
312.75	-69
312.825	-69.0313
312.9	-68.9375
312.975	-69.0313
313.05	-69.0625
313.125	-68.9688
313.2	-68.9688
313.275	-69.0313
313.35	-68.9688
313.425	-68.9375
313.5	-69
313.575	-69.0313
313.65	-68.9375
313.725	-69.0937
313.8	-69.0313
313.875	-68.9375
313.95	-69.125
314.025	-69.0937
314.1	-69
314.175	-69.0625
314.25	-69.0937
314.325	-69.0313
314.4	-69.125
314.475	-69.0625
314.55	-69.0313
314.625	-69.125
314.7	-69
314.775	-69.1563
314.85	-69.0625
314.925	-68.9375
