4200 2
0	-70.0938
0.075	-70.0312
0.15	-70.125
0.225	-70.1562
0.3	-70.0312
0.375	-70.0625
0.45	-70.1875
0.525	-70.125
0.6	-70
0.675	-70.125
0.75	-70.0938
0.825	-70
0.9	-70.125
0.975	-70.0938
1.05	-70.0938
1.125	-70.2187
1.2	-70.0938
1.275	-69.9688
1.35	-70.125
1.425	-70.0938
1.5	-70.0625
1.575	-70.1562
1.65	-70.1562
1.725	-70.125
1.8	-70.0938
1.875	-70.125
1.95	-70
2.025	-70.0625
2.1	-70.1562
2.175	-70
2.25	-70.125
2.325	-70.1875
2.4	-70.0625
2.475	-70.25
2.55	-70.125
2.625	-70.125
2.7	-70.1875
2.775	-70.0625
2.85	-70.125
2.925	-70.0938
3	-70.1562
3.075	-70.125
3.15	-70.0625
3.225	-70.1562
3.3	-70.125
3.375	-70.1562
3.45	-70.1875
3.525	-70.0625
3.6	-70.25
3.675	-70.1875
3.75	-70
3.825	-70.1562
3.9	-70.125
3.975	-70.1875
4.05	-70.0938
4.125	-70.125
4.2	-70.25
4.275	-70.125
4.35	-70.1562
4.425	-70.0938
4.5	-70.2187
4.575	-70.1562
4.65	-69.9688
4.725	-70.25
4.8	-70.1562
4.875	-70.1562
4.95	-70.0625
5.025	-70.125
5.1	-70.3125
5.175	-70.0938
5.25	-70.1562
5.325	-70.1562
5.4	-70.1562
5.475	-70.1562
5.55	-70.0938
5.625	-70.125
5.7	-70.2187
5.775	-70.2187
5.85	-70.125
5.925	-70.2187
6	-70.2813
6.075	-70.0625
6.15	-70
6.225	-70.1875
6.3	-70.25
6.375	-70.1875
6.45	-70.0625
6.525	-70.1875
6.6	-70.3437
6.675	-70.125
6.75	-70.0938
6.825	-70.2187
6.9	-70.3437
6.975	-70.2187
7.05	-70.0625
7.125	-70.25
7.2	-70.25
7.275	-70.2187
7.35	-70.125
7.425	-70.25
7.5	-70.3125
7.575	-70.125
7.65	-70.125
7.725	-70.3437
7.8	-70.2187
7.875	-70.125
7.95	-70.2187
8.025	-70.2813
8.1	-70.25
8.175	-70.0938
8.25	-70.2187
8.325	-70.25
8.4	-70.2187
8.475	-70.125
8.55	-70.25
8.625	-70.2187
8.7	-70.125
8.775	-70.2187
8.85	-70.2813
8.925	-70.2187
9	-70.1875
9.075	-70.2187
9.15	-70.25
9.225	-70.2187
9.3	-70.25
9.375	-70.25
9.45	-70.1562
9.525	-70.25
9.6	-70.2187
9.675	-70.2187
9.75	-70.25
9.825	-70.2813
9.9	-70.25
9.975	-70.3125
10.05	-70.25
10.125	-70.2187
10.2	-70.2813
10.275	-70.25
10.35	-70.1875
10.425	-70.25
10.5	-70.2813
10.575	-70.2187
10.65	-70.2813
10.725	-70.25
10.8	-70.2187
10.875	-70.3437
10.95	-70.25
11.025	-70.1875
11.1	-70.4063
11.175	-70.25
11.25	-70.25
11.325	-70.2813
11.4	-70.25
11.475	-70.4063
11.55	-70.2813
11.625	-70.125
11.7	-70.25
11.775	-70.2813
11.85	-70.3125
11.925	-70.2187
12	-70.2187
12.075	-70.375
12.15	-70.25
12.225	-70.2187
12.3	-70.3125
12.375	-70.3437
12.45	-70.3437
12.525	-70.1875
12.6	-70.25
12.675	-70.3437
12.75	-70.1875
12.825	-70.1875
12.9	-70.25
12.975	-70.375
13.05	-70.1875
13.125	-70.2813
13.2	-70.25
13.275	-70.3437
13.35	-70.25
13.425	-70.125
13.5	-70.25
13.575	-70.25
13.65	-70.2813
13.725	-70.125
13.8	-70.2187
13.875	-70.3437
13.95	-70.2187
14.025	-70.125
14.1	-70.2187
14.175	-70.2813
14.25	-70.25
14.325	-70.2187
14.4	-70.25
14.475	-70.25
14.55	-70.25
14.625	-70.1875
14.7	-70.2813
14.775	-70.25
14.85	-70.125
14.925	-70.1875
15	-70.625
15.075	-70.875
15.15	-70.9063
15.225	-71.0625
15.3	-71.3125
15.375	-71.2812
15.45	-71.125
15.525	-71.25
15.6	-71.4687
15.675	-71.375
15.75	-71.2812
15.825	-71.4063
15.9	-71.5625
15.975	-71.4375
16.05	-71.4375
16.125	-71.5625
16.2	-71.625
16.275	-71.5625
16.35	-71.5625
16.425	-71.7188
16.5	-71.6875
16.575	-71.6875
16.65	-71.75
16.725	-71.75
16.8	-71.7812
16.875	-71.8438
16.95	-71.8125
17.025	-71.875
17.1	-71.9375
17.175	-72
17.25	-71.875
17.325	-71.875
17.4	-72
17.475	-71.9687
17.55	-71.9063
17.625	-72.125
17.7	-72
17.775	-72
17.85	-72.125
17.925	-72.125
18	-72.125
18.075	-72.2188
18.15	-72.2188
18.225	-72.125
18.3	-72.2188
18.375	-72.25
18.45	-72.2188
18.525	-72.2188
18.6	-72.3438
18.675	-72.3125
18.75	-72.25
18.825	-72.3438
18.9	-72.3438
18.975	-72.25
19.05	-72.4375
19.125	-72.4688
19.2	-72.375
19.275	-72.5313
19.35	-72.4688
19.425	-72.4062
19.5	-72.5
19.575	-72.5
19.65	-72.5313
19.725	-72.5625
19.8	-72.4375
19.875	-72.5937
19.95	-72.5
20.025	-72.5
20.1	-72.5937
20.175	-72.5
20.25	-72.6563
20.325	-72.5937
20.4	-72.5
20.475	-72.6563
20.55	-72.6875
20.625	-72.6563
20.7	-72.5937
20.775	-72.6875
20.85	-72.8125
20.925	-72.625
21	-72.75
21.075	-72.7812
21.15	-72.875
21.225	-72.7812
21.3	-72.6563
21.375	-72.875
21.45	-72.8438
21.525	-72.9062
21.6	-72.7812
21.675	-72.9062
21.75	-72.9375
21.825	-72.7187
21.9	-72.8438
21.975	-72.9062
22.05	-73
22.125	-72.9375
22.2	-72.9062
22.275	-73
22.35	-73
22.425	-72.9688
22.5	-72.9062
22.575	-73.0625
22.65	-73.0937
22.725	-72.9375
22.8	-73
22.875	-73.1563
22.95	-73.125
23.025	-72.9688
23.1	-73
23.175	-73.1875
23.25	-73.2187
23.325	-73.0625
23.4	-73.0625
23.475	-73.1875
23.55	-73.25
23.625	-73
23.7	-73.1875
23.775	-73.2813
23.85	-73.2187
23.925	-73.125
24	-73.25
24.075	-73.375
24.15	-73.2187
24.225	-73.2187
24.3	-73.3125
24.375	-73.3437
24.45	-73.3125
24.525	-73.3125
24.6	-73.375
24.675	-73.4062
24.75	-73.3125
24.825	-73.375
24.9	-73.4062
24.975	-73.375
25.05	-73.4375
25.125	-73.375
25.2	-73.4062
25.275	-73.4062
25.35	-73.5312
25.425	-73.4375
25.5	-73.375
25.575	-73.4688
25.65	-73.5312
25.725	-73.4062
25.8	-73.4688
25.875	-73.5312
25.95	-73.5312
26.025	-73.4375
26.1	-73.4688
26.175	-73.6563
26.25	-73.625
26.325	-73.5
26.4	-73.5938
26.475	-73.5625
26.55	-73.5
26.625	-73.5625
26.7	-73.6563
26.775	-73.5312
26.85	-73.6875
26.925	-73.625
27	-73.5312
27.075	-73.75
27.15	-73.7187
27.225	-73.625
27.3	-73.6875
27.375	-73.5938
27.45	-73.6875
27.525	-73.75
27.6	-73.6875
27.675	-73.75
27.75	-73.75
27.825	-73.8125
27.9	-73.8437
27.975	-73.6875
28.05	-73.875
28.125	-73.7813
28.2	-73.75
28.275	-73.8437
28.35	-73.7813
28.425	-73.875
28.5	-73.9063
28.575	-73.75
28.65	-73.9688
28.725	-73.8437
28.8	-73.8437
28.875	-73.875
28.95	-73.875
29.025	-73.9688
29.1	-73.875
29.175	-73.8125
29.25	-74.0625
29.325	-73.875
29.4	-73.9375
29.475	-73.9063
29.55	-74
29.625	-74
29.7	-73.8437
29.775	-73.9688
29.85	-74
29.925	-74.1562
30	-73.9688
30.075	-73.9688
30.15	-74.0625
30.225	-74.0625
30.3	-74.0312
30.375	-74
30.45	-74
30.525	-74.1562
30.6	-74
30.675	-73.9688
30.75	-74.0938
30.825	-74.1875
30.9	-74.0938
30.975	-74.0312
31.05	-74.125
31.125	-74.125
31.2	-74.0625
31.275	-74.0938
31.35	-74.25
31.425	-74.125
31.5	-74
31.575	-74.125
31.65	-74.25
31.725	-74.1875
31.8	-74.0312
31.875	-74.1875
31.95	-74.2813
32.025	-74.1562
32.1	-74.0625
32.175	-74.2188
32.25	-74.2813
32.325	-74.125
32.4	-74.0625
32.475	-74.25
32.55	-74.25
32.625	-74.1875
32.7	-74.1875
32.775	-74.25
32.85	-74.25
32.925	-74.25
33	-74.25
33.075	-74.4063
33.15	-74.3437
33.225	-74.3437
33.3	-74.3125
33.375	-74.2813
33.45	-74.3437
33.525	-74.375
33.6	-74.2813
33.675	-74.2188
33.75	-74.4063
33.825	-74.3437
33.9	-74.3437
33.975	-74.25
34.05	-74.4063
34.125	-74.4063
34.2	-74.2813
34.275	-74.3437
34.35	-74.4063
34.425	-74.4063
34.5	-74.3437
34.575	-74.4063
34.65	-74.4375
34.725	-74.3437
34.8	-74.375
34.875	-74.4687
34.95	-74.3437
35.025	-74.3437
35.1	-74.4375
35.175	-74.4375
35.25	-74.3437
35.325	-74.4375
35.4	-74.375
35.475	-74.375
35.55	-74.5
35.625	-74.3437
35.7	-74.4375
35.775	-74.4375
35.85	-74.4063
35.925	-74.5
36	-74.4063
36.075	-74.4687
36.15	-74.4375
36.225	-74.4063
36.3	-74.5312
36.375	-74.4063
36.45	-74.4375
36.525	-74.5
36.6	-74.4375
36.675	-74.5
36.75	-74.5
36.825	-74.5
36.9	-74.5938
36.975	-74.4687
37.05	-74.5938
37.125	-74.5625
37.2	-74.5
37.275	-74.5
37.35	-74.375
37.425	-74.6562
37.5	-74.4687
37.575	-74.5
37.65	-74.5
37.725	-74.5312
37.8	-74.625
37.875	-74.4063
37.95	-74.5312
38.025	-74.6562
38.1	-74.6562
38.175	-74.5625
38.25	-74.4375
38.325	-74.7188
38.4	-74.5625
38.475	-74.5625
38.55	-74.5625
38.625	-74.6562
38.7	-74.7188
38.775	-74.5
38.85	-74.5
38.925	-74.7812
39	-74.6875
39.075	-74.5
39.15	-74.5
39.225	-74.6875
39.3	-74.6562
39.375	-74.5
39.45	-74.5
39.525	-74.625
39.6	-74.6875
39.675	-74.5625
39.75	-74.5625
39.825	-74.625
39.9	-74.75
39.975	-74.6562
40.05	-74.6875
40.125	-74.7812
40.2	-74.7812
40.275	-74.6875
40.35	-74.6562
40.425	-74.7188
40.5	-74.625
40.575	-74.7188
40.65	-74.625
40.725	-74.6562
40.8	-74.4687
40.875	-74.5
40.95	-74.6875
41.025	-74.625
41.1	-74.5312
41.175	-74.5938
41.25	-74.6562
41.325	-74.5938
41.4	-74.5312
41.475	-74.5
41.55	-74.5625
41.625	-74.5312
41.7	-74.5938
41.775	-74.625
41.85	-74.625
41.925	-74.5938
42	-74.5938
42.075	-74.5625
42.15	-74.4687
42.225	-74.5625
42.3	-74.5938
42.375	-74.5938
42.45	-74.5625
42.525	-74.625
42.6	-74.5625
42.675	-74.5
42.75	-74.5938
42.825	-74.5625
42.9	-74.5625
42.975	-74.6562
43.05	-74.5
43.125	-74.4687
43.2	-74.625
43.275	-74.5625
43.35	-74.5312
43.425	-74.6875
43.5	-74.6562
43.575	-74.625
43.65	-74.6875
43.725	-74.5938
43.8	-74.6562
43.875	-74.6875
43.95	-74.5938
44.025	-74.625
44.1	-74.6875
44.175	-74.625
44.25	-74.6562
44.325	-74.6562
44.4	-74.5625
44.475	-74.625
44.55	-74.6875
44.625	-74.625
44.7	-74.7812
44.775	-74.5938
44.85	-74.6562
44.925	-74.625
45	-74.625
45.075	-74.75
45.15	-74.5938
45.225	-74.6562
45.3	-74.7188
45.375	-74.5938
45.45	-74.75
45.525	-74.625
45.6	-74.75
45.675	-74.7812
45.75	-74.5625
45.825	-74.75
45.9	-74.7812
45.975	-74.7188
46.05	-74.6562
46.125	-74.5938
46.2	-74.7812
46.275	-74.6875
46.35	-74.7188
46.425	-74.5938
46.5	-74.75
46.575	-74.7812
46.65	-74.5625
46.725	-74.75
46.8	-74.6875
46.875	-74.75
46.95	-74.6562
47.025	-74.5625
47.1	-74.7812
47.175	-74.7812
47.25	-74.5625
47.325	-74.75
47.4	-74.8125
47.475	-74.7188
47.55	-74.5312
47.625	-74.7188
47.7	-74.8125
47.775	-74.75
47.85	-74.625
47.925	-74.6562
48	-74.8437
48.075	-74.7812
48.15	-74.7188
48.225	-74.75
48.3	-74.7812
48.375	-74.7188
48.45	-74.6875
48.525	-74.75
48.6	-74.875
48.675	-74.6875
48.75	-74.5625
48.825	-74.75
48.9	-74.7812
48.975	-74.6875
49.05	-74.6875
49.125	-74.7812
49.2	-74.7812
49.275	-74.6562
49.35	-74.75
49.425	-74.9063
49.5	-74.75
49.575	-74.6875
49.65	-74.8125
49.725	-74.7812
49.8	-74.7812
49.875	-74.7812
49.95	-74.7812
50.025	-74.7812
50.1	-74.6562
50.175	-74.8125
50.25	-74.8125
50.325	-74.7812
50.4	-74.7812
50.475	-74.7812
50.55	-74.7812
50.625	-74.7188
50.7	-74.8125
50.775	-74.75
50.85	-74.75
50.925	-74.8125
51	-74.875
51.075	-74.7812
51.15	-74.7812
51.225	-74.9375
51.3	-74.7812
51.375	-74.7812
51.45	-74.875
51.525	-74.75
51.6	-74.7812
51.675	-74.8437
51.75	-74.7812
51.825	-74.7812
51.9	-74.875
51.975	-74.7812
52.05	-74.7812
52.125	-74.875
52.2	-74.8125
52.275	-74.8125
52.35	-74.8437
52.425	-74.8125
52.5	-74.8437
52.575	-74.875
52.65	-74.75
52.725	-74.9063
52.8	-74.8437
52.875	-74.9063
52.95	-74.9063
53.025	-74.8125
53.1	-74.8437
53.175	-74.9063
53.25	-74.8125
53.325	-74.8437
53.4	-74.8125
53.475	-74.8125
53.55	-74.9375
53.625	-74.8125
53.7	-74.875
53.775	-74.9063
53.85	-74.9687
53.925	-74.875
54	-74.8437
54.075	-74.9687
54.15	-74.9063
54.225	-74.9063
54.3	-74.875
54.375	-74.9375
54.45	-75
54.525	-74.75
54.6	-74.9375
54.675	-74.9375
54.75	-74.9687
54.825	-74.8125
54.9	-74.8125
54.975	-74.9687
55.05	-74.7812
55.125	-74.8125
55.2	-74.7812
55.275	-74.9687
55.35	-74.875
55.425	-74.7188
55.5	-74.9063
55.575	-74.9687
55.65	-74.8125
55.725	-74.7188
55.8	-74.9063
55.875	-75.0313
55.95	-74.875
56.025	-74.8125
56.1	-74.8437
56.175	-74.875
56.25	-74.9063
56.325	-74.8125
56.4	-74.9063
56.475	-74.875
56.55	-74.8437
56.625	-74.6875
56.7	-74.875
56.775	-74.9063
56.85	-74.8437
56.925	-74.7812
57	-74.9063
57.075	-75
57.15	-74.9063
57.225	-74.8125
57.3	-74.9375
57.375	-74.9375
57.45	-74.8125
57.525	-74.75
57.6	-74.9687
57.675	-74.9375
57.75	-74.7812
57.825	-74.8125
57.9	-74.9375
57.975	-74.9063
58.05	-74.8125
58.125	-75.0313
58.2	-74.9375
58.275	-74.9063
58.35	-74.9063
58.425	-74.9063
58.5	-74.875
58.575	-74.9063
58.65	-74.875
58.725	-74.9375
58.8	-74.875
58.875	-74.9063
58.95	-74.8437
59.025	-74.8437
59.1	-74.9063
59.175	-74.9687
59.25	-74.875
59.325	-74.8437
59.4	-74.875
59.475	-74.9063
59.55	-74.9063
59.625	-74.8437
59.7	-74.9687
59.775	-74.9063
59.85	-74.8437
59.925	-74.9375
60	-75
60.075	-74.9375
60.15	-74.9375
60.225	-75
60.3	-74.8125
60.375	-74.9375
60.45	-74.9687
60.525	-74.9063
60.6	-74.9375
60.675	-74.9375
60.75	-74.9063
60.825	-74.9687
60.9	-74.8125
60.975	-74.9375
61.05	-75
61.125	-74.875
61.2	-74.9687
61.275	-74.875
61.35	-74.9375
61.425	-74.9375
61.5	-74.8437
61.575	-74.9687
61.65	-74.9063
61.725	-74.875
61.8	-74.9375
61.875	-74.875
61.95	-75.0313
62.025	-74.9375
62.1	-74.7812
62.175	-74.9687
62.25	-74.9687
62.325	-75
62.4	-74.9063
62.475	-74.875
62.55	-75.0625
62.625	-74.875
62.7	-74.875
62.775	-74.9063
62.85	-74.9375
62.925	-74.9375
63	-74.8125
63.075	-75.0313
63.15	-74.9687
63.225	-74.9375
63.3	-74.875
63.375	-74.9375
63.45	-75.0938
63.525	-74.9063
63.6	-74.9375
63.675	-74.9063
63.75	-74.9375
63.825	-75
63.9	-74.9063
63.975	-74.9687
64.05	-74.9687
64.125	-74.9063
64.2	-74.875
64.275	-74.9063
64.35	-74.9687
64.425	-74.9687
64.5	-74.9687
64.575	-75.0313
64.65	-75.125
64.725	-74.9375
64.8	-74.8437
64.875	-74.9687
64.95	-75.0313
65.025	-74.9687
65.1	-74.875
65.175	-74.875
65.25	-75.0313
65.325	-74.9687
65.4	-74.9375
65.475	-74.875
65.55	-74.9063
65.625	-74.9375
65.7	-74.875
65.775	-74.9687
65.85	-75.0313
65.925	-74.9687
66	-74.875
66.075	-74.9687
66.15	-75.0625
66.225	-74.9687
66.3	-74.9063
66.375	-75.0313
66.45	-75.0313
66.525	-74.9375
66.6	-74.9375
66.675	-75
66.75	-75
66.825	-74.8125
66.9	-75
66.975	-75.0625
67.05	-74.9063
67.125	-74.9375
67.2	-74.9687
67.275	-74.9063
67.35	-75
67.425	-75
67.5	-74.9375
67.575	-74.9375
67.65	-74.9687
67.725	-74.875
67.8	-74.9375
67.875	-75.0938
67.95	-74.9687
68.025	-74.9687
68.1	-75.0625
68.175	-75.0313
68.25	-74.9375
68.325	-75.0313
68.4	-74.9687
68.475	-74.9687
68.55	-74.9687
68.625	-74.9687
68.7	-74.9063
68.775	-74.9687
68.85	-75.0313
68.925	-74.875
69	-74.9063
69.075	-75.0625
69.15	-75
69.225	-75
69.3	-75.0625
69.375	-74.9063
69.45	-75.0313
69.525	-75.0313
69.6	-74.9063
69.675	-75
69.75	-75
69.825	-74.9375
69.9	-75.0313
69.975	-74.9063
70.05	-75.0625
70.125	-75.0313
70.2	-74.9063
70.275	-75
70.35	-75.0313
70.425	-75.0938
70.5	-75.0625
70.575	-74.9063
70.65	-75.0313
70.725	-74.9687
70.8	-75.0625
70.875	-74.9375
70.95	-75
71.025	-75.1562
71.1	-74.9375
71.175	-74.9375
71.25	-75.0313
71.325	-75.125
71.4	-74.9687
71.475	-74.9375
71.55	-75.0625
71.625	-75.0938
71.7	-75.0625
71.775	-74.8125
71.85	-75.125
71.925	-75.0313
72	-75.0625
72.075	-75
72.15	-75
72.225	-75.1562
72.3	-74.9687
72.375	-74.9063
72.45	-74.9687
72.525	-75.0938
72.6	-75.0313
72.675	-74.9063
72.75	-75
72.825	-75.0938
72.9	-74.9687
72.975	-74.875
73.05	-75.0938
73.125	-75.125
73.2	-75.0313
73.275	-74.9063
73.35	-75
73.425	-75.0625
73.5	-75.0938
73.575	-75.0313
73.65	-75
73.725	-75.125
73.8	-75.0625
73.875	-75.0313
73.95	-74.9375
74.025	-75.125
74.1	-75.0938
74.175	-74.9687
74.25	-75.0938
74.325	-75.0938
74.4	-75.0313
74.475	-75.0313
74.55	-75.0938
74.625	-75.125
74.7	-75.0313
74.775	-75
74.85	-75.0625
74.925	-75.0625
75	-74.9687
75.075	-75.0313
75.15	-75.0625
75.225	-75.1562
75.3	-75.0313
75.375	-75.0313
75.45	-75.125
75.525	-75.0938
75.6	-74.9687
75.675	-75.0625
75.75	-75.0938
75.825	-75.0313
75.9	-75.0625
75.975	-75.125
76.05	-75.0313
76.125	-75.125
76.2	-75.0625
76.275	-75.0313
76.35	-75
76.425	-75.125
76.5	-75.0313
76.575	-75.0313
76.65	-75.0625
76.725	-75.0313
76.8	-75.0313
76.875	-75.0938
76.95	-75.0313
77.025	-75
77.1	-75.0625
77.175	-75
77.25	-75.1562
77.325	-75.0625
77.4	-74.9375
77.475	-75.0625
77.55	-75.0938
77.625	-75.0313
77.7	-75.1562
77.775	-75.0313
77.85	-75.0313
77.925	-75.0938
78	-75.0313
78.075	-75.0938
78.15	-75.0313
78.225	-75
78.3	-75.0938
78.375	-75.0313
78.45	-74.9375
78.525	-75.0625
78.6	-75.0625
78.675	-75.0313
78.75	-75.0313
78.825	-75.0313
78.9	-75.1562
78.975	-75.0625
79.05	-74.9687
79.125	-75.125
79.2	-75
79.275	-75.0938
79.35	-74.9063
79.425	-75.0938
79.5	-75.125
79.575	-74.9063
79.65	-74.9375
79.725	-75.0313
79.8	-75.1562
79.875	-74.9687
79.95	-74.9687
80.025	-75.125
80.1	-75.0313
80.175	-75.0625
80.25	-74.9375
80.325	-75.1562
80.4	-75.0625
80.475	-74.9063
80.55	-75.0625
80.625	-75.1562
80.7	-75.0313
80.775	-74.9687
80.85	-75.0625
80.925	-75.2188
81	-75.0938
81.075	-74.9063
81.15	-74.9687
81.225	-75.2188
81.3	-75.125
81.375	-75.0313
81.45	-74.9687
81.525	-75
81.6	-75.0938
81.675	-75.1562
81.75	-75.0625
81.825	-75.1562
81.9	-75.0938
81.975	-75.0313
82.05	-75.0625
82.125	-75.125
82.2	-75.0625
82.275	-75.0313
82.35	-75.0313
82.425	-75.1562
82.5	-75.0313
82.575	-75.125
82.65	-75
82.725	-75.0938
82.8	-75.0313
82.875	-75.0313
82.95	-75.0625
83.025	-75.0938
83.1	-75.125
83.175	-75.0625
83.25	-75
83.325	-75.0938
83.4	-75.0938
83.475	-74.9375
83.55	-75
83.625	-75.1875
83.7	-75.0313
83.775	-75.0313
83.85	-75.1562
83.925	-75.1562
84	-75
84.075	-75.0313
84.15	-75.125
84.225	-75.0313
84.3	-75.0625
84.375	-75.125
84.45	-75.0313
84.525	-75
84.6	-75.0938
84.675	-75
84.75	-75.0313
84.825	-75.0313
84.9	-75.0625
84.975	-75.0313
85.05	-75.0938
85.125	-75.0625
85.2	-75.0313
85.275	-75.1562
85.35	-75.0313
85.425	-75.0313
85.5	-75.1562
85.575	-75.125
85.65	-75.0313
85.725	-75.125
85.8	-75.0625
85.875	-75.0938
85.95	-75.125
86.025	-75.0313
86.1	-75.1562
86.175	-75.0938
86.25	-74.9687
86.325	-75.125
86.4	-75.125
86.475	-75.0938
86.55	-75.1875
86.625	-75.0313
86.7	-75.125
86.775	-75.1875
86.85	-75.0313
86.925	-75.0938
87	-75.0625
87.075	-75.2188
87.15	-75.0938
87.225	-75
87.3	-75.2188
87.375	-75.0313
87.45	-75.0938
87.525	-75
87.6	-75.0938
87.675	-75.125
87.75	-74.9375
87.825	-75.0938
87.9	-75.125
87.975	-75.125
88.05	-75.0313
88.125	-75.0313
88.2	-75.125
88.275	-75
88.35	-75.0625
88.425	-74.9375
88.5	-75.125
88.575	-75.0938
88.65	-75.0625
88.725	-75.0938
88.8	-75.0313
88.875	-75.1875
88.95	-75.0938
89.025	-75.0625
89.1	-75.0938
89.175	-75.1562
89.25	-75.0625
89.325	-75.0938
89.4	-75.1562
89.475	-75.0938
89.55	-74.9063
89.625	-75.0625
89.7	-75.1562
89.775	-75.2812
89.85	-74.9687
89.925	-75
90	-75.0625
90.075	-75.0938
90.15	-75.0313
90.225	-75
90.3	-75.0938
90.375	-75.125
90.45	-75.0938
90.525	-75.0313
90.6	-75.0313
90.675	-75.125
90.75	-75.0938
90.825	-75.0625
90.9	-75.0313
90.975	-75.125
91.05	-75.0625
91.125	-75.0313
91.2	-75.1562
91.275	-75.1875
91.35	-75.0313
91.425	-75.0938
91.5	-75.125
91.575	-75.125
91.65	-75
91.725	-75.0938
91.8	-75.1875
91.875	-75.0625
91.95	-74.9687
92.025	-75.1562
92.1	-75.0938
92.175	-74.9687
92.25	-75.0313
92.325	-75.0938
92.4	-75
92.475	-75
92.55	-75.0313
92.625	-75
92.7	-74.875
92.775	-74.9687
92.85	-74.9063
92.925	-74.9063
93	-74.9375
93.075	-75.0313
93.15	-74.875
93.225	-74.9063
93.3	-74.9063
93.375	-74.8437
93.45	-74.8437
93.525	-74.9375
93.6	-74.8437
93.675	-74.9063
93.75	-74.9063
93.825	-74.9063
93.9	-74.8125
93.975	-74.9063
94.05	-74.8125
94.125	-74.8125
94.2	-74.8125
94.275	-74.7812
94.35	-74.9063
94.425	-74.9063
94.5	-74.75
94.575	-74.9063
94.65	-74.875
94.725	-74.8437
94.8	-74.8125
94.875	-74.8125
94.95	-74.875
95.025	-74.75
95.1	-74.75
95.175	-74.8437
95.25	-74.8125
95.325	-74.8125
95.4	-74.6875
95.475	-74.8125
95.55	-74.8125
95.625	-74.7188
95.7	-74.7188
95.775	-74.7812
95.85	-74.9063
95.925	-74.7188
96	-74.8125
96.075	-74.8125
96.15	-74.8125
96.225	-74.7812
96.3	-74.6875
96.375	-74.875
96.45	-74.8437
96.525	-74.75
96.6	-74.8437
96.675	-74.7812
96.75	-74.9063
96.825	-74.6562
96.9	-74.75
96.975	-74.875
97.05	-74.75
97.125	-74.7812
97.2	-74.75
97.275	-74.8437
97.35	-74.75
97.425	-74.7812
97.5	-74.8437
97.575	-74.8125
97.65	-74.6875
97.725	-74.7188
97.8	-74.875
97.875	-74.9063
97.95	-74.8437
98.025	-74.6562
98.1	-74.7188
98.175	-74.875
98.25	-74.875
98.325	-74.8125
98.4	-74.8125
98.475	-74.9063
98.55	-74.9063
98.625	-74.8437
98.7	-74.7812
98.775	-74.8437
98.85	-74.7812
98.925	-74.8437
99	-74.8125
99.075	-74.75
99.15	-74.7812
99.225	-74.6875
99.3	-74.7812
99.375	-74.7812
99.45	-74.7812
99.525	-74.8125
99.6	-74.75
99.675	-74.7812
99.75	-74.875
99.825	-74.7812
99.9	-74.6875
99.975	-74.8125
100.05	-74.8125
100.125	-74.7812
100.2	-74.8437
100.275	-74.9375
100.35	-74.75
100.425	-74.8125
100.5	-74.875
100.575	-74.7812
100.65	-74.75
100.725	-74.875
100.8	-74.875
100.875	-74.8437
100.95	-74.9063
101.025	-74.8437
101.1	-74.7812
101.175	-74.9063
101.25	-74.875
101.325	-74.7812
101.4	-74.875
101.475	-74.875
101.55	-74.7812
101.625	-74.8125
101.7	-74.9063
101.775	-74.7812
101.85	-74.9063
101.925	-74.9063
102	-74.8125
102.075	-74.7812
102.15	-74.9063
102.225	-74.8437
102.3	-74.75
102.375	-74.875
102.45	-74.8437
102.525	-74.7812
102.6	-74.9375
102.675	-74.8437
102.75	-74.8125
102.825	-74.9375
102.9	-74.7812
102.975	-74.8437
103.05	-74.9063
103.125	-74.7812
103.2	-74.9063
103.275	-74.7812
103.35	-74.875
103.425	-74.9687
103.5	-74.75
103.575	-74.875
103.65	-74.8437
103.725	-74.7812
103.8	-74.8437
103.875	-74.8125
103.95	-74.9375
104.025	-74.875
104.1	-74.7188
104.175	-74.75
104.25	-74.8125
104.325	-74.9687
104.4	-74.75
104.475	-74.875
104.55	-74.9063
104.625	-74.9375
104.7	-74.8437
104.775	-74.8125
104.85	-74.9687
104.925	-74.8125
105	-74.875
105.075	-74.8125
105.15	-74.9375
105.225	-74.875
105.3	-74.7812
105.375	-74.9375
105.45	-74.875
105.525	-74.875
105.6	-74.875
105.675	-74.8437
105.75	-74.875
105.825	-74.9063
105.9	-74.8437
105.975	-74.9375
106.05	-74.9063
106.125	-74.8125
106.2	-74.7812
106.275	-74.9375
106.35	-75.0313
106.425	-74.875
106.5	-74.8125
106.575	-74.875
106.65	-75
106.725	-75
106.8	-74.9063
106.875	-74.9063
106.95	-74.9687
107.025	-74.9375
107.1	-74.9063
107.175	-74.9375
107.25	-74.9063
107.325	-74.9375
107.4	-74.875
107.475	-74.8437
107.55	-74.875
107.625	-74.9687
107.7	-74.9063
107.775	-74.9687
107.85	-75
107.925	-74.9063
108	-74.875
108.075	-74.9063
108.15	-74.9063
108.225	-75
108.3	-74.9375
108.375	-74.9375
108.45	-75
108.525	-74.9375
108.6	-74.9687
108.675	-74.9375
108.75	-75
108.825	-74.875
108.9	-74.9063
108.975	-74.9375
109.05	-74.875
109.125	-74.9063
109.2	-75.0313
109.275	-74.9375
109.35	-74.9687
109.425	-74.8437
109.5	-74.9063
109.575	-74.875
109.65	-74.9687
109.725	-74.9687
109.8	-74.875
109.875	-74.9375
109.95	-75.0313
110.025	-74.875
110.1	-74.9063
110.175	-74.9375
110.25	-74.9375
110.325	-74.8437
110.4	-75.0313
110.475	-74.9687
110.55	-74.9063
110.625	-75.0313
110.7	-74.9063
110.775	-74.8437
110.85	-75.0313
110.925	-74.9375
111	-74.875
111.075	-74.9375
111.15	-74.9687
111.225	-74.9687
111.3	-75.0313
111.375	-74.875
111.45	-74.9687
111.525	-75.0625
111.6	-74.9063
111.675	-74.9375
111.75	-74.9375
111.825	-74.9687
111.9	-75.0313
111.975	-74.9063
112.05	-75.0938
112.125	-75.0313
112.2	-74.9375
112.275	-74.9375
112.35	-74.9375
112.425	-75.0625
112.5	-75
112.575	-74.9687
112.65	-75.0313
112.725	-75.0625
112.8	-75.0938
112.875	-74.8125
112.95	-74.9687
113.025	-75
113.1	-75
113.175	-74.9687
113.25	-74.9687
113.325	-75.0625
113.4	-74.9375
113.475	-75
113.55	-74.9687
113.625	-75.0625
113.7	-75.0625
113.775	-74.875
113.85	-75.0625
113.925	-75.125
114	-74.9375
114.075	-74.9375
114.15	-75.0313
114.225	-75.0938
114.3	-74.9687
114.375	-74.9687
114.45	-75.0938
114.525	-75.1562
114.6	-75.0313
114.675	-74.9375
114.75	-74.9687
114.825	-75
114.9	-75
114.975	-75
115.05	-75
115.125	-75.0313
115.2	-74.9063
115.275	-75
115.35	-75.0625
115.425	-75.0938
115.5	-74.875
115.575	-74.9687
115.65	-75.0625
115.725	-75
115.8	-74.9687
115.875	-75.0313
115.95	-75.0313
116.025	-75.0313
116.1	-74.9687
116.175	-75.0313
116.25	-75.0938
116.325	-74.9375
116.4	-74.9375
116.475	-75
116.55	-75
116.625	-74.9687
116.7	-74.9375
116.775	-75.0313
116.85	-75
116.925	-75.0625
117	-75.0625
117.075	-75
117.15	-75
117.225	-75.0625
117.3	-74.9375
117.375	-74.9063
117.45	-75.0625
117.525	-75
117.6	-74.9375
117.675	-75.125
117.75	-75.0625
117.825	-74.9375
117.9	-75.0625
117.975	-74.9063
118.05	-75.0625
118.125	-75.0938
118.2	-75
118.275	-75.0625
118.35	-75.0625
118.425	-74.9687
118.5	-75
118.575	-75.0625
118.65	-74.9375
118.725	-75.0938
118.8	-75.0625
118.875	-75
118.95	-75.0313
119.025	-75.0313
119.1	-75.0313
119.175	-75.0625
119.25	-75.0625
119.325	-75.0313
119.4	-75.0625
119.475	-75.0313
119.55	-75
119.625	-75.0938
119.7	-75.0938
119.775	-74.9687
119.85	-75.0313
119.925	-75.0938
120	-74.9375
120.075	-75.0313
120.15	-74.9375
120.225	-75.0938
120.3	-75.0938
120.375	-75
120.45	-75.0313
120.525	-75.0625
120.6	-75.0625
120.675	-75.125
120.75	-74.9375
120.825	-75.1562
120.9	-75.125
120.975	-75.0313
121.05	-74.9687
121.125	-75
121.2	-75.125
121.275	-74.9375
121.35	-75.0625
121.425	-75.0938
121.5	-75.1562
121.575	-75.0938
121.65	-75
121.725	-75.125
121.8	-75.0625
121.875	-75.0938
121.95	-74.9375
122.025	-75.1562
122.1	-75.125
122.175	-75
122.25	-74.9687
122.325	-75.1875
122.4	-75.1562
122.475	-75
122.55	-74.9063
122.625	-75.125
122.7	-75.1875
122.775	-75.0625
122.85	-75
122.925	-75.0938
123	-75.1875
123.075	-75.125
123.15	-75.0313
123.225	-75.0625
123.3	-75.0625
123.375	-75.0625
123.45	-75.0938
123.525	-75.1562
123.6	-75.0938
123.675	-75.0625
123.75	-75.0938
123.825	-75.2188
123.9	-75.1562
123.975	-75
124.05	-75.0625
124.125	-75.1562
124.2	-75.0313
124.275	-75
124.35	-75.0625
124.425	-75.125
124.5	-75.0313
124.575	-75.0625
124.65	-75.1875
124.725	-75.125
124.8	-75.0938
124.875	-75.0938
124.95	-75.0313
125.025	-75.0625
125.1	-75
125.175	-75.125
125.25	-75.0313
125.325	-75.0625
125.4	-75.1562
125.475	-75.0625
125.55	-75.0313
125.625	-75.0625
125.7	-75.125
125.775	-74.9687
125.85	-75.0938
125.925	-75.125
126	-75.0625
126.075	-75
126.15	-75.125
126.225	-75.0625
126.3	-75.0313
126.375	-75.125
126.45	-75.0625
126.525	-75.0313
126.6	-75.1562
126.675	-75.1562
126.75	-75
126.825	-75.1562
126.9	-75.1562
126.975	-75.0625
127.05	-75.0625
127.125	-75.0938
127.2	-75.0313
127.275	-75.125
127.35	-75.125
127.425	-75.0313
127.5	-75.125
127.575	-75.0938
127.65	-75
127.725	-75.125
127.8	-75.0625
127.875	-75.0938
127.95	-75.1562
128.025	-75.0313
128.1	-75.1875
128.175	-75.1875
128.25	-75.0313
128.325	-75.0938
128.4	-75.0313
128.475	-75.1562
128.55	-75.125
128.625	-75.0313
128.7	-75.0938
128.775	-75.125
128.85	-75
128.925	-75.0938
129	-75.0938
129.075	-75.25
129.15	-75.1562
129.225	-75
129.3	-75.1562
129.375	-75.0625
129.45	-75.0938
129.525	-75.0938
129.6	-75.125
129.675	-75.2812
129.75	-75
129.825	-75.125
129.9	-75.0625
129.975	-75.1562
130.05	-75.0313
130.125	-75.0938
130.2	-75.125
130.275	-75.0625
130.35	-75.125
130.425	-75
130.5	-75.0938
130.575	-75.2188
130.65	-75.0625
130.725	-74.9687
130.8	-75.125
130.875	-75.25
130.95	-75.0938
131.025	-74.9687
131.1	-75.0938
131.175	-75.1875
131.25	-75.0938
131.325	-75.0625
131.4	-75.25
131.475	-75.1562
131.55	-75
131.625	-75.0625
131.7	-75.25
131.775	-75.1875
131.85	-74.9375
131.925	-75.125
132	-75.1562
132.075	-75.0313
132.15	-74.9687
132.225	-75.0625
132.3	-75.1875
132.375	-75.0625
132.45	-74.9687
132.525	-75.1562
132.6	-75.1562
132.675	-75.0313
132.75	-74.9375
132.825	-75.0625
132.9	-75.0938
132.975	-75
133.05	-75.0625
133.125	-75.1875
133.2	-75.0938
133.275	-75.0313
133.35	-75.0938
133.425	-75.1562
133.5	-75.125
133.575	-75.1562
133.65	-75.1562
133.725	-75.1562
133.8	-75.0625
133.875	-75.125
133.95	-75.1875
134.025	-75.0938
134.1	-75.0625
134.175	-75.1875
134.25	-75.0938
134.325	-75.0625
134.4	-75.1875
134.475	-75.125
134.55	-75.0625
134.625	-75.125
134.7	-75.125
134.775	-75.125
134.85	-75.1562
134.925	-75.0625
135	-75.0625
135.075	-75.125
135.15	-75.0313
135.225	-75.0938
135.3	-75.0938
135.375	-75.0938
135.45	-75.1562
135.525	-75.0938
135.6	-74.9375
135.675	-75.0313
135.75	-75.1562
135.825	-75
135.9	-75.0938
135.975	-75.1562
136.05	-75.125
136.125	-75.0938
136.2	-75.0313
136.275	-75
136.35	-75.2188
136.425	-75.0625
136.5	-75
136.575	-75.1562
136.65	-75.0625
136.725	-75.125
136.8	-75.1562
136.875	-75.0625
136.95	-75.1875
137.025	-75.0625
137.1	-75.0938
137.175	-75.1562
137.25	-75.0938
137.325	-75.125
137.4	-75.0313
137.475	-75.1875
137.55	-75.1875
137.625	-75.0625
137.7	-75.125
137.775	-75.0625
137.85	-75.2812
137.925	-75.0625
138	-75.0938
138.075	-75.0625
138.15	-75.1562
138.225	-75.0625
138.3	-74.9687
138.375	-75.2188
138.45	-75.0625
138.525	-75.0938
138.6	-75.0313
138.675	-75.0938
138.75	-75.125
138.825	-75.0313
138.9	-75.0313
138.975	-75.25
139.05	-75.2812
139.125	-75.0625
139.2	-75.0313
139.275	-75.1562
139.35	-75.1562
139.425	-75.0938
139.5	-75.1562
139.575	-75.1562
139.65	-75.125
139.725	-74.9375
139.8	-75.0313
139.875	-75.1875
139.95	-75.1875
140.025	-74.9687
140.1	-75.0313
140.175	-75.1562
140.25	-75.1562
140.325	-75.125
140.4	-75.0313
140.475	-75.2812
140.55	-75.1562
140.625	-75.0625
140.7	-75.0313
140.775	-75.1562
140.85	-75.0625
140.925	-75.0625
141	-75
141.075	-75.2188
141.15	-75.1562
141.225	-75.0625
141.3	-75.1562
141.375	-75.2188
141.45	-75.0625
141.525	-75.0625
141.6	-75.1875
141.675	-75.2188
141.75	-75.125
141.825	-75.125
141.9	-75.2188
141.975	-75.125
142.05	-75.1562
142.125	-75.0625
142.2	-75.0625
142.275	-75.125
142.35	-75.0625
142.425	-75.0313
142.5	-75.0625
142.575	-75.2188
142.65	-75.0938
142.725	-75.0938
142.8	-75.2188
142.875	-75.0938
142.95	-75.0625
143.025	-75.1562
143.1	-75.1562
143.175	-75.0313
143.25	-75.0625
143.325	-75.1562
143.4	-75.1562
143.475	-75.0938
143.55	-75.1562
143.625	-75.0938
143.7	-75.0938
143.775	-75.1875
143.85	-75.125
143.925	-75.0625
144	-75.1562
144.075	-75.0938
144.15	-75.0625
144.225	-75.125
144.3	-75.0313
144.375	-75.1562
144.45	-75.1562
144.525	-75.0938
144.6	-75.125
144.675	-75.0938
144.75	-75
144.825	-75.125
144.9	-75
144.975	-75.0938
145.05	-75.0938
145.125	-75.0938
145.2	-75.2188
145.275	-75.0313
145.35	-75.125
145.425	-75.1562
145.5	-74.9687
145.575	-75.0625
145.65	-75.0625
145.725	-75.125
145.8	-75.0938
145.875	-74.9687
145.95	-75.1562
146.025	-75.0938
146.1	-75
146.175	-75
146.25	-75.125
146.325	-75.125
146.4	-74.9687
146.475	-75.0625
146.55	-75.0625
146.625	-75.0938
146.7	-74.9375
146.775	-75
146.85	-75.125
146.925	-75.0625
147	-75.0313
147.075	-75
147.15	-75.2188
147.225	-75.1875
147.3	-74.9375
147.375	-75.0938
147.45	-75.1875
147.525	-75.0625
147.6	-74.9687
147.675	-74.9687
147.75	-75.1562
147.825	-75.1562
147.9	-75.0938
147.975	-75.0625
148.05	-75.125
148.125	-75.0313
148.2	-75.0313
148.275	-75.1562
148.35	-75.1562
148.425	-75.0625
148.5	-75
148.575	-75.0625
148.65	-75.1875
148.725	-75.125
148.8	-74.9687
148.875	-75.125
148.95	-75.25
149.025	-75.0938
149.1	-75
149.175	-75.1562
149.25	-75.1875
149.325	-75.0625
149.4	-75
149.475	-75.1562
149.55	-75.125
149.625	-75.0625
149.7	-75.0938
149.775	-75.1562
149.85	-75.0938
149.925	-75.1562
150	-75.1562
150.075	-75.0938
150.15	-75.0313
150.225	-75.125
150.3	-75.125
150.375	-75.0938
150.45	-75.1562
150.525	-75.1562
150.6	-75.0625
150.675	-75.125
150.75	-75.1875
150.825	-75.0938
150.9	-75.0313
150.975	-75.1562
151.05	-75.1875
151.125	-75.0625
151.2	-75.125
151.275	-75.125
151.35	-75.0625
151.425	-75.0313
151.5	-75.125
151.575	-75.0625
151.65	-75.1562
151.725	-75.1562
151.8	-75
151.875	-75.0625
151.95	-75.0625
152.025	-75.0625
152.1	-75.1562
152.175	-75.0938
152.25	-75.0938
152.325	-75.2188
152.4	-75.125
152.475	-75.0938
152.55	-75.1562
152.625	-75.0938
152.7	-75.0313
152.775	-75.125
152.85	-75.0938
152.925	-75.125
153	-75.2188
153.075	-75.0313
153.15	-75.125
153.225	-75.2188
153.3	-75.0938
153.375	-75.0625
153.45	-75.0313
153.525	-75.0313
153.6	-75.1562
153.675	-75.0625
153.75	-75.125
153.825	-75.2188
153.9	-75.0313
153.975	-75.125
154.05	-75.0313
154.125	-75.1875
154.2	-75.1562
154.275	-75
154.35	-75.125
154.425	-75.125
154.5	-75.1875
154.575	-75
154.65	-75.125
154.725	-75.1875
154.8	-75.1562
154.875	-75.0313
154.95	-75.0938
155.025	-75.1875
155.1	-75.125
155.175	-75.0625
155.25	-74.9687
155.325	-75.2188
155.4	-75.125
155.475	-74.9687
155.55	-75.0313
155.625	-75.1875
155.7	-75.0625
155.775	-74.9687
155.85	-75.125
155.925	-75.1562
156	-75.0938
156.075	-75.0313
156.15	-75.0625
156.225	-75.125
156.3	-75.0938
156.375	-75.0938
156.45	-75.1562
156.525	-75.0938
156.6	-75.0938
156.675	-75
156.75	-75.0938
156.825	-75.1562
156.9	-75.0625
156.975	-75
157.05	-75.125
157.125	-75.2812
157.2	-75.0625
157.275	-75
157.35	-75.1875
157.425	-75.125
157.5	-75
157.575	-75
157.65	-75.2188
157.725	-75.0938
157.8	-75.0625
157.875	-75.0938
157.95	-75.125
158.025	-75.0625
158.1	-75.0313
158.175	-75.125
158.25	-75.0938
158.325	-75.125
158.4	-75.125
158.475	-75.0938
158.55	-74.9375
158.625	-75.0938
158.7	-75.0625
158.775	-75.0313
158.85	-75.0313
158.925	-75.1562
159	-75.0938
159.075	-75.0625
159.15	-75.1562
159.225	-75.1562
159.3	-75.0313
159.375	-75.0625
159.45	-75.1562
159.525	-75.0313
159.6	-75.0313
159.675	-75.1875
159.75	-75.1875
159.825	-75.0938
159.9	-75.0625
159.975	-75.125
160.05	-75.0313
160.125	-75.0938
160.2	-75.125
160.275	-75.0625
160.35	-75.1562
160.425	-75.0938
160.5	-75
160.575	-75.0625
160.65	-75.0625
160.725	-75
160.8	-75.125
160.875	-75.0313
160.95	-75.125
161.025	-75.125
161.1	-75.0625
161.175	-75.125
161.25	-75
161.325	-75.0938
161.4	-75.125
161.475	-74.9687
161.55	-75.0938
161.625	-75
161.7	-75.0625
161.775	-75.125
161.85	-74.9687
161.925	-75.0938
162	-75.0938
162.075	-75.0938
162.15	-75.0938
162.225	-75.0938
162.3	-75.1562
162.375	-75.125
162.45	-75
162.525	-75.125
162.6	-75.1562
162.675	-75.0625
162.75	-75
162.825	-74.9687
162.9	-75.2188
162.975	-75.0625
163.05	-75.0625
163.125	-75.0938
163.2	-75.125
163.275	-75.125
163.35	-74.9063
163.425	-75.125
163.5	-75.0625
163.575	-75.0938
163.65	-75
163.725	-75.0313
163.8	-75.1562
163.875	-75.0313
163.95	-74.9687
164.025	-75.1562
164.1	-75.2188
164.175	-75.0625
164.25	-74.9687
164.325	-75.0313
164.4	-75.1562
164.475	-75.0938
164.55	-75.0938
164.625	-75.125
164.7	-75.125
164.775	-75.0625
164.85	-74.9687
164.925	-75.125
165	-75.1875
165.075	-75.0313
165.15	-74.9687
165.225	-75.125
165.3	-75.1562
165.375	-75.0625
165.45	-74.9687
165.525	-75.1562
165.6	-75.1562
165.675	-75
165.75	-75
165.825	-75.125
165.9	-75.0625
165.975	-75
166.05	-75.0313
166.125	-75.0938
166.2	-75.0313
166.275	-75
166.35	-75.0625
166.425	-75.0625
166.5	-75.0313
166.575	-75.0938
166.65	-75.0313
166.725	-75.0938
166.8	-75.0625
166.875	-75.0625
166.95	-75.0625
167.025	-75.0625
167.1	-75.0938
167.175	-75.0938
167.25	-75
167.325	-75.125
167.4	-75.125
167.475	-75.0313
167.55	-75.0313
167.625	-75.1875
167.7	-75.0625
167.775	-75.0625
167.85	-75.125
167.925	-75.0938
168	-75.0313
168.075	-75.0938
168.15	-75
168.225	-75.0313
168.3	-75.125
168.375	-75.0313
168.45	-75.0625
168.525	-75.125
168.6	-75.0938
168.675	-75.0313
168.75	-75.125
168.825	-75.0938
168.9	-75
168.975	-75.125
169.05	-75.0625
169.125	-75.0625
169.2	-75.125
169.275	-75.0313
169.35	-75.0625
169.425	-75.0313
169.5	-75
169.575	-75.125
169.65	-75.0313
169.725	-75.0313
169.8	-75.0938
169.875	-75.0313
169.95	-75.0938
170.025	-75.0625
170.1	-75
170.175	-75.125
170.25	-75.0938
170.325	-75.0313
170.4	-75.0938
170.475	-75.0313
170.55	-75.1562
170.625	-75.0625
170.7	-75.0938
170.775	-75.2188
170.85	-75.0625
170.925	-75.0313
171	-75.1562
171.075	-75.0625
171.15	-75.1562
171.225	-74.9687
171.3	-75.0938
171.375	-75.1562
171.45	-75.0625
171.525	-75.0625
171.6	-74.9687
171.675	-75.125
171.75	-75
171.825	-75.0313
171.9	-75.0625
171.975	-75.125
172.05	-75.0625
172.125	-75
172.2	-75.125
172.275	-75.1562
172.35	-74.9687
172.425	-74.9063
172.5	-75.0625
172.575	-75.1562
172.65	-75.0313
172.725	-74.9687
172.8	-74.9687
172.875	-75.125
172.95	-75.0313
173.025	-75.0313
173.1	-75.0625
173.175	-75.0625
173.25	-74.9063
173.325	-74.9375
173.4	-75.125
173.475	-75.125
173.55	-74.9375
173.625	-74.9375
173.7	-75.0625
173.775	-75
173.85	-74.9375
173.925	-75
174	-75.0313
174.075	-75
174.15	-74.9375
174.225	-75.0313
174.3	-74.9687
174.375	-74.9063
174.45	-74.9687
174.525	-74.9375
174.6	-74.9375
174.675	-75.0313
174.75	-75.0313
174.825	-75.0313
174.9	-75
174.975	-74.9687
175.05	-74.9687
175.125	-75
175.2	-74.9063
175.275	-75
175.35	-75
175.425	-75
175.5	-74.9375
175.575	-75.0313
175.65	-74.9063
175.725	-74.9063
175.8	-75
175.875	-75.0313
175.95	-74.9687
176.025	-75
176.1	-75.0313
176.175	-74.9375
176.25	-74.9063
176.325	-75
176.4	-74.9375
176.475	-74.875
176.55	-74.9687
176.625	-74.9375
176.7	-74.8125
176.775	-74.9375
176.85	-74.9063
176.925	-74.9063
177	-75
177.075	-74.8437
177.15	-74.9375
177.225	-75
177.3	-74.875
177.375	-75.0313
177.45	-74.9687
177.525	-74.875
177.6	-74.9375
177.675	-75.0313
177.75	-74.875
177.825	-74.9375
177.9	-74.875
177.975	-74.9375
178.05	-75
178.125	-74.9063
178.2	-74.9375
178.275	-74.875
178.35	-74.9375
178.425	-74.9687
178.5	-74.8125
178.575	-75.0313
178.65	-75.0313
178.725	-75
178.8	-74.9687
178.875	-74.875
178.95	-75
179.025	-74.9375
179.1	-74.9063
179.175	-75.0313
179.25	-74.9375
179.325	-74.9687
179.4	-74.8437
179.475	-74.875
179.55	-75.0625
179.625	-74.875
179.7	-74.875
179.775	-74.9687
179.85	-75
179.925	-74.9375
180	-74.875
180.075	-75
180.15	-74.875
180.225	-74.9687
180.3	-74.875
180.375	-75
180.45	-75.0313
180.525	-74.9063
180.6	-74.9375
180.675	-75.0313
180.75	-75.0313
180.825	-74.8125
180.9	-74.8437
180.975	-75
181.05	-75
181.125	-74.9063
181.2	-74.8437
181.275	-74.8437
181.35	-74.9687
181.425	-74.9063
181.5	-74.9063
181.575	-75.0313
181.65	-75.0313
181.725	-74.9063
181.8	-74.875
181.875	-75
181.95	-75.0625
182.025	-74.9063
182.1	-74.8125
182.175	-75.0625
182.25	-75.0313
182.325	-74.9063
182.4	-74.9063
182.475	-75.0625
182.55	-75.0625
182.625	-74.875
182.7	-74.9375
182.775	-75.125
182.85	-75
182.925	-74.9687
183	-75.0313
183.075	-75.0313
183.15	-74.9375
183.225	-74.9687
183.3	-74.9687
183.375	-74.9375
183.45	-74.875
183.525	-74.9375
183.6	-74.875
183.675	-74.9063
183.75	-75
183.825	-74.875
183.9	-74.9687
183.975	-75
184.05	-74.9063
184.125	-74.8437
184.2	-74.875
184.275	-75.0313
184.35	-74.9063
184.425	-74.8125
184.5	-74.9687
184.575	-74.9687
184.65	-74.9063
184.725	-75
184.8	-75.0625
184.875	-74.9375
184.95	-74.9687
185.025	-74.9687
185.1	-74.9063
185.175	-74.9063
185.25	-75
185.325	-74.9063
185.4	-74.875
185.475	-74.9375
185.55	-74.875
185.625	-74.9687
185.7	-75
185.775	-74.9375
185.85	-74.9687
185.925	-74.9687
186	-74.9063
186.075	-74.9375
186.15	-75
186.225	-74.9063
186.3	-75.0313
186.375	-74.9063
186.45	-74.9375
186.525	-75.0313
186.6	-74.9375
186.675	-74.9375
186.75	-75.0313
186.825	-74.9063
186.9	-74.9375
186.975	-74.8437
187.05	-74.9063
187.125	-75.0625
187.2	-74.8437
187.275	-74.9063
187.35	-75
187.425	-75
187.5	-74.9375
187.575	-74.8125
187.65	-75.0313
187.725	-74.9687
187.8	-74.9375
187.875	-74.9063
187.95	-74.9687
188.025	-75.0313
188.1	-74.75
188.175	-74.9375
188.25	-74.9375
188.325	-75
188.4	-74.875
188.475	-74.8437
188.55	-75
188.625	-74.9687
188.7	-75.0313
188.775	-74.9375
188.85	-75
188.925	-75.0625
189	-74.9063
189.075	-74.8125
189.15	-74.9063
189.225	-74.9375
189.3	-74.875
189.375	-74.875
189.45	-75
189.525	-74.875
189.6	-74.875
189.675	-74.9375
189.75	-74.9687
189.825	-74.875
189.9	-74.9063
189.975	-74.9063
190.05	-75
190.125	-74.9375
190.2	-74.8437
190.275	-74.9063
190.35	-75
190.425	-74.9375
190.5	-74.7812
190.575	-74.9375
190.65	-75.125
190.725	-74.9687
190.8	-74.8125
190.875	-74.9063
190.95	-75.0625
191.025	-74.9375
191.1	-74.8125
191.175	-74.9375
191.25	-75.0313
191.325	-74.9687
191.4	-74.9063
191.475	-74.9687
191.55	-75
191.625	-74.9063
191.7	-74.8125
191.775	-74.9687
191.85	-74.9687
191.925	-74.8437
192	-74.875
192.075	-75.0313
192.15	-74.9687
192.225	-74.875
192.3	-74.9375
192.375	-74.9063
192.45	-74.9063
192.525	-74.8437
192.6	-74.9375
192.675	-74.9063
192.75	-74.9063
192.825	-75.0313
192.9	-74.9687
192.975	-74.9063
193.05	-74.9375
193.125	-74.9375
193.2	-74.875
193.275	-74.9687
193.35	-75.0313
193.425	-74.875
193.5	-74.9375
193.575	-74.9375
193.65	-74.9063
193.725	-75
193.8	-74.9687
193.875	-74.9063
193.95	-75
194.025	-74.9375
194.1	-74.875
194.175	-74.9687
194.25	-74.9063
194.325	-74.9375
194.4	-74.9687
194.475	-74.8437
194.55	-74.9687
194.625	-74.9375
194.7	-74.875
194.775	-75.0313
194.85	-74.9375
194.925	-75.0313
195	-74.9687
195.075	-74.875
195.15	-74.9375
195.225	-75.0313
195.3	-74.9375
195.375	-74.9375
195.45	-74.9375
195.525	-75.0938
195.6	-75
195.675	-74.9063
195.75	-74.9375
195.825	-74.9375
195.9	-75.0313
195.975	-74.8437
196.05	-74.875
196.125	-75.0313
196.2	-74.9687
196.275	-75
196.35	-74.8125
196.425	-75
196.5	-75.0313
196.575	-74.9063
196.65	-74.9063
196.725	-74.9687
196.8	-75.0938
196.875	-74.8437
196.95	-74.875
197.025	-75.0313
197.1	-74.9375
197.175	-74.9375
197.25	-75.0313
197.325	-75.0313
197.4	-74.9063
197.475	-74.9687
197.55	-75.0313
197.625	-75.0625
197.7	-74.9687
197.775	-74.875
197.85	-74.875
197.925	-75.0625
198	-75.0625
198.075	-74.9687
198.15	-74.875
198.225	-75
198.3	-75.0938
198.375	-74.9375
198.45	-74.9687
198.525	-75.0313
198.6	-75
198.675	-75
198.75	-75.0313
198.825	-75
198.9	-75.0313
198.975	-74.9375
199.05	-74.9687
199.125	-75.0313
199.2	-75.0313
199.275	-74.9687
199.35	-74.9063
199.425	-75.0313
199.5	-75.0313
199.575	-74.9687
199.65	-75.0313
199.725	-74.9375
199.8	-75
199.875	-74.9687
199.95	-75
200.025	-75.0313
200.1	-74.9687
200.175	-74.875
200.25	-74.9375
200.325	-75.0313
200.4	-75
200.475	-74.9063
200.55	-75.0313
200.625	-75.0938
200.7	-74.9375
200.775	-74.875
200.85	-75.0625
200.925	-75.0313
201	-74.9375
201.075	-75.0938
201.15	-75
201.225	-74.9687
201.3	-75.0313
201.375	-75
201.45	-74.9375
201.525	-75.0313
201.6	-74.9687
201.675	-74.9063
201.75	-75.0625
201.825	-74.9375
201.9	-74.9687
201.975	-75.125
202.05	-75
202.125	-74.875
202.2	-75.125
202.275	-75.0313
202.35	-74.9687
202.425	-75.0313
202.5	-74.9687
202.575	-75.0625
202.65	-75
202.725	-74.9375
202.8	-75.0938
202.875	-75.0313
202.95	-75
203.025	-75.0938
203.1	-75.0313
203.175	-75.0625
203.25	-75.0313
203.325	-75
203.4	-75.0625
203.475	-75.0313
203.55	-74.9687
203.625	-74.9687
203.7	-75
203.775	-75.0625
203.85	-75
203.925	-74.9687
204	-75.0938
204.075	-75
204.15	-74.9687
204.225	-74.9687
204.3	-75
204.375	-75.125
204.45	-74.9063
204.525	-75.0625
204.6	-75.0313
204.675	-75.0625
204.75	-74.9375
204.825	-74.9063
204.9	-75.0625
204.975	-74.9375
205.05	-75.0313
205.125	-74.9687
205.2	-75.1562
205.275	-74.9687
205.35	-74.875
205.425	-75.0625
205.5	-75.1562
205.575	-75.0313
205.65	-74.9687
205.725	-75
205.8	-75.0625
205.875	-74.9375
205.95	-74.8437
206.025	-75.0313
206.1	-75.125
206.175	-75.0625
206.25	-74.875
206.325	-74.9375
206.4	-75.0313
206.475	-75.0625
206.55	-74.9375
206.625	-75
206.7	-75.0938
206.775	-75.0938
206.85	-75
206.925	-75
207	-75.0625
207.075	-75.125
207.15	-75.0313
207.225	-74.9687
207.3	-75
207.375	-75.125
207.45	-75
207.525	-75
207.6	-75.0938
207.675	-75
207.75	-74.9063
207.825	-75.0313
207.9	-75.125
207.975	-75
208.05	-75
208.125	-75.0625
208.2	-75.125
208.275	-75.0313
208.35	-74.9375
208.425	-75.1562
208.5	-75.0313
208.575	-74.9063
208.65	-74.9687
208.725	-75.0938
208.8	-75.0313
208.875	-74.9687
208.95	-74.9687
209.025	-75
209.1	-75
209.175	-74.9375
209.25	-75.0313
209.325	-75
209.4	-74.9687
209.475	-74.9687
209.55	-75.0938
209.625	-74.9687
209.7	-74.9687
209.775	-75.0313
209.85	-75.0313
209.925	-74.9375
210	-75
210.075	-75.0313
210.15	-74.9063
210.225	-75
210.3	-75
210.375	-74.9375
210.45	-75.0625
210.525	-74.9375
210.6	-74.9063
210.675	-75.0313
210.75	-74.9375
210.825	-75
210.9	-75
210.975	-74.9063
211.05	-75.0313
211.125	-74.9063
211.2	-74.9375
211.275	-75.0625
211.35	-74.9687
211.425	-75.0313
211.5	-75
211.575	-74.9063
211.65	-75
211.725	-74.9375
211.8	-75
211.875	-75.0313
211.95	-74.9687
212.025	-74.9375
212.1	-74.9375
212.175	-75.125
212.25	-75.0625
212.325	-74.9375
212.4	-75.0313
212.475	-75.0313
212.55	-75
212.625	-74.9375
212.7	-74.9063
212.775	-75.0313
212.85	-74.9375
212.925	-74.9375
213	-74.9375
213.075	-75.0938
213.15	-74.9687
213.225	-74.9063
213.3	-74.9687
213.375	-74.9375
213.45	-74.9687
213.525	-74.875
213.6	-75
213.675	-75.1562
213.75	-74.9375
213.825	-74.875
213.9	-75.0313
213.975	-74.9687
214.05	-74.9063
214.125	-74.9063
214.2	-75.0313
214.275	-75.0625
214.35	-74.875
214.425	-74.8125
214.5	-75
214.575	-75.0938
214.65	-75
214.725	-74.9063
214.8	-74.9375
214.875	-75.0938
214.95	-75.0625
215.025	-74.9687
215.1	-74.6875
215.175	-74.4063
215.25	-74.1875
215.325	-74.0938
215.4	-74.0938
215.475	-74
215.55	-74
215.625	-73.9063
215.7	-73.9063
215.775	-73.9063
215.85	-73.9063
215.925	-73.75
216	-73.7187
216.075	-73.6875
216.15	-73.7187
216.225	-73.625
216.3	-73.5625
216.375	-73.6563
216.45	-73.625
216.525	-73.4375
216.6	-73.5938
216.675	-73.625
216.75	-73.4375
216.825	-73.375
216.9	-73.4688
216.975	-73.375
217.05	-73.25
217.125	-73.375
217.2	-73.375
217.275	-73.2813
217.35	-73.3125
217.425	-73.2813
217.5	-73.1875
217.575	-73.25
217.65	-73.1875
217.725	-73.1563
217.8	-73.2187
217.875	-73.1563
217.95	-73
218.025	-73.0937
218.1	-73.125
218.175	-73.0937
218.25	-73
218.325	-73.125
218.4	-73
218.475	-72.9375
218.55	-73
218.625	-73
218.7	-72.9688
218.775	-73
218.85	-72.9062
218.925	-72.9688
219	-72.8438
219.075	-72.8125
219.15	-72.8125
219.225	-72.8438
219.3	-72.75
219.375	-72.8438
219.45	-72.9062
219.525	-72.7187
219.6	-72.8438
219.675	-72.8125
219.75	-72.6875
219.825	-72.8125
219.9	-72.6875
219.975	-72.6875
220.05	-72.7812
220.125	-72.5625
220.2	-72.6563
220.275	-72.6563
220.35	-72.7187
220.425	-72.7187
220.5	-72.4688
220.575	-72.6563
220.65	-72.6875
220.725	-72.5313
220.8	-72.5625
220.875	-72.5
220.95	-72.6563
221.025	-72.5
221.1	-72.4375
221.175	-72.5313
221.25	-72.5
221.325	-72.5313
221.4	-72.3438
221.475	-72.5
221.55	-72.5
221.625	-72.4688
221.7	-72.375
221.775	-72.375
221.85	-72.5
221.925	-72.2812
222	-72.3438
222.075	-72.25
222.15	-72.375
222.225	-72.4062
222.3	-72.25
222.375	-72.25
222.45	-72.3438
222.525	-72.3125
222.6	-72.2188
222.675	-72.25
222.75	-72.25
222.825	-72.125
222.9	-72.1563
222.975	-72.2188
223.05	-72.1875
223.125	-72.0937
223.2	-72
223.275	-72.2188
223.35	-72.25
223.425	-72.0937
223.5	-72.0313
223.575	-72.1875
223.65	-72.2188
223.725	-72.125
223.8	-71.9687
223.875	-72
223.95	-72.2188
224.025	-72
224.1	-71.9687
224.175	-72
224.25	-72.1563
224.325	-72
224.4	-71.9687
224.475	-72
224.55	-72.0313
224.625	-71.9375
224.7	-71.9063
224.775	-72
224.85	-72
224.925	-71.875
225	-71.9063
225.075	-72
225.15	-71.9063
225.225	-71.875
225.3	-72
225.375	-71.9687
225.45	-71.8125
225.525	-71.9063
225.6	-71.875
225.675	-71.7812
225.75	-71.8125
225.825	-71.875
225.9	-71.7812
225.975	-71.8125
226.05	-71.875
226.125	-71.7812
226.2	-71.75
226.275	-71.8438
226.35	-71.8438
226.425	-71.6875
226.5	-71.8125
226.575	-71.8125
226.65	-71.7188
226.725	-71.7812
226.8	-71.75
226.875	-71.625
226.95	-71.6875
227.025	-71.75
227.1	-71.7188
227.175	-71.7812
227.25	-71.75
227.325	-71.625
227.4	-71.6875
227.475	-71.6562
227.55	-71.5625
227.625	-71.6562
227.7	-71.6562
227.775	-71.5937
227.85	-71.6875
227.925	-71.5625
228	-71.625
228.075	-71.6562
228.15	-71.5625
228.225	-71.6875
228.3	-71.625
228.375	-71.5313
228.45	-71.5625
228.525	-71.5313
228.6	-71.5313
228.675	-71.4063
228.75	-71.5313
228.825	-71.6562
228.9	-71.5313
228.975	-71.375
229.05	-71.5313
229.125	-71.5
229.2	-71.5625
229.275	-71.4375
229.35	-71.4687
229.425	-71.5625
229.5	-71.4375
229.575	-71.4063
229.65	-71.4375
229.725	-71.5313
229.8	-71.4063
229.875	-71.2812
229.95	-71.5
230.025	-71.4063
230.1	-71.4063
230.175	-71.3437
230.25	-71.4063
230.325	-71.4687
230.4	-71.3125
230.475	-71.2812
230.55	-71.4687
230.625	-71.4375
230.7	-71.2812
230.775	-71.3125
230.85	-71.4687
230.925	-71.4687
231	-71.2812
231.075	-71.2188
231.15	-71.3437
231.225	-71.5
231.3	-71.3125
231.375	-71.2812
231.45	-71.3437
231.525	-71.2812
231.6	-71.2812
231.675	-71.375
231.75	-71.375
231.825	-71.375
231.9	-71.125
231.975	-71.25
232.05	-71.3437
232.125	-71.25
232.2	-71.2188
232.275	-71.2812
232.35	-71.2812
232.425	-71.25
232.5	-71.25
232.575	-71.25
232.65	-71.2812
232.725	-71.3437
232.8	-71.25
232.875	-71.25
232.95	-71.2188
233.025	-71.2812
233.1	-71.1562
233.175	-71.1562
233.25	-71.2188
233.325	-71.2188
233.4	-71.1875
233.475	-71.125
233.55	-71.1562
233.625	-71.2188
233.7	-71.1562
233.775	-71.1562
233.85	-71.1875
233.925	-71.2188
234	-71.0938
234.075	-71.0938
234.15	-71.2188
234.225	-71.125
234.3	-71.0625
234.375	-71.0938
234.45	-71.125
234.525	-71.0938
234.6	-71.125
234.675	-71.125
234.75	-71.0313
234.825	-71.125
234.9	-71.125
234.975	-71.0625
235.05	-71.125
235.125	-71.125
235.2	-71.0313
235.275	-71.1562
235.35	-71.0313
235.425	-71.0313
235.5	-71.0313
235.575	-71.0313
235.65	-71.0313
235.725	-71.1562
235.8	-71.0625
235.875	-71
235.95	-71.1562
236.025	-71.0938
236.1	-71.0938
236.175	-71.125
236.25	-71
236.325	-71
236.4	-71.0625
236.475	-70.9375
236.55	-71.0313
236.625	-71.0625
236.7	-71.0313
236.775	-71.0313
236.85	-70.9063
236.925	-71.0938
237	-71.0938
237.075	-70.875
237.15	-70.9375
237.225	-71
237.3	-71.0625
237.375	-70.9687
237.45	-70.9375
237.525	-71.0625
237.6	-71.0313
237.675	-71.0313
237.75	-70.9063
237.825	-71
237.9	-71.0313
237.975	-70.9063
238.05	-70.9063
238.125	-70.875
238.2	-70.9375
238.275	-70.8437
238.35	-70.9063
238.425	-70.9687
238.5	-70.9063
238.575	-70.9687
238.65	-70.8125
238.725	-70.9063
238.8	-71.0313
238.875	-70.875
238.95	-70.8125
239.025	-70.9063
239.1	-71.0313
239.175	-70.8125
239.25	-70.7813
239.325	-70.8125
239.4	-70.8437
239.475	-70.75
239.55	-70.8125
239.625	-70.9375
239.7	-70.9063
239.775	-70.75
239.85	-70.9063
239.925	-70.9687
240	-70.875
240.075	-70.6875
240.15	-70.8125
240.225	-70.9687
240.3	-70.875
240.375	-70.7188
240.45	-70.875
240.525	-71.0313
240.6	-70.8125
240.675	-70.75
240.75	-70.8437
240.825	-70.875
240.9	-70.7813
240.975	-70.7813
241.05	-70.8437
241.125	-70.9375
241.2	-70.8437
241.275	-70.7813
241.35	-70.875
241.425	-70.875
241.5	-70.6875
241.575	-70.75
241.65	-70.8125
241.725	-70.7813
241.8	-70.75
241.875	-70.8437
241.95	-70.8125
242.025	-70.7813
242.1	-70.8437
242.175	-70.7813
242.25	-70.7188
242.325	-70.8125
242.4	-70.75
242.475	-70.7813
242.55	-70.6875
242.625	-70.8125
242.7	-70.7813
242.775	-70.6875
242.85	-70.7813
242.925	-70.8437
243	-70.6562
243.075	-70.7813
243.15	-70.7188
243.225	-70.6875
243.3	-70.6562
243.375	-70.7188
243.45	-70.6875
243.525	-70.6562
243.6	-70.75
243.675	-70.75
243.75	-70.625
243.825	-70.75
243.9	-70.6562
243.975	-70.6875
244.05	-70.8125
244.125	-70.6875
244.2	-70.7188
244.275	-70.75
244.35	-70.625
244.425	-70.6875
244.5	-70.6875
244.575	-70.625
244.65	-70.6562
244.725	-70.5938
244.8	-70.75
244.875	-70.7813
244.95	-70.6562
245.025	-70.6562
245.1	-70.625
245.175	-70.8125
245.25	-70.5938
245.325	-70.5312
245.4	-70.7813
245.475	-70.6562
245.55	-70.6562
245.625	-70.6562
245.7	-70.5938
245.775	-70.7188
245.85	-70.5938
245.925	-70.5625
246	-70.75
246.075	-70.6875
246.15	-70.5625
246.225	-70.625
246.3	-70.5938
246.375	-70.7813
246.45	-70.4375
246.525	-70.5938
246.6	-70.625
246.675	-70.625
246.75	-70.5938
246.825	-70.5312
246.9	-70.6875
246.975	-70.5938
247.05	-70.5625
247.125	-70.5625
247.2	-70.6562
247.275	-70.6875
247.35	-70.6562
247.425	-70.5312
247.5	-70.5938
247.575	-70.6562
247.65	-70.5625
247.725	-70.6562
247.8	-70.7188
247.875	-70.5625
247.95	-70.5
248.025	-70.6562
248.1	-70.7188
248.175	-70.5938
248.25	-70.4688
248.325	-70.4375
248.4	-70.625
248.475	-70.7188
248.55	-70.5625
248.625	-70.5938
248.7	-70.5938
248.775	-70.6562
248.85	-70.5312
248.925	-70.5312
249	-70.625
249.075	-70.625
249.15	-70.5312
249.225	-70.5
249.3	-70.6562
249.375	-70.625
249.45	-70.5312
249.525	-70.4375
249.6	-70.6875
249.675	-70.5938
249.75	-70.5
249.825	-70.5625
249.9	-70.6562
249.975	-70.5312
250.05	-70.5
250.125	-70.6562
250.2	-70.5938
250.275	-70.4688
250.35	-70.5625
250.425	-70.5625
250.5	-70.5
250.575	-70.5
250.65	-70.625
250.725	-70.5
250.8	-70.5938
250.875	-70.625
250.95	-70.4688
251.025	-70.5625
251.1	-70.5938
251.175	-70.5312
251.25	-70.5
251.325	-70.5938
251.4	-70.5
251.475	-70.5
251.55	-70.5
251.625	-70.5
251.7	-70.4688
251.775	-70.625
251.85	-70.5312
251.925	-70.5
252	-70.6562
252.075	-70.5312
252.15	-70.4688
252.225	-70.5
252.3	-70.4688
252.375	-70.4688
252.45	-70.6562
252.525	-70.5
252.6	-70.4375
252.675	-70.5938
252.75	-70.5
252.825	-70.5
252.9	-70.5
252.975	-70.4688
253.05	-70.5
253.125	-70.4688
253.2	-70.4063
253.275	-70.5625
253.35	-70.4688
253.425	-70.4375
253.5	-70.5625
253.575	-70.4063
253.65	-70.4688
253.725	-70.4375
253.8	-70.4688
253.875	-70.5625
253.95	-70.4063
254.025	-70.4688
254.1	-70.375
254.175	-70.5
254.25	-70.5
254.325	-70.2813
254.4	-70.4063
254.475	-70.4375
254.55	-70.4375
254.625	-70.3125
254.7	-70.4063
254.775	-70.625
254.85	-70.4375
254.925	-70.4375
255	-70.3437
255.075	-70.5625
255.15	-70.4375
255.225	-70.4063
255.3	-70.4688
255.375	-70.4688
255.45	-70.4688
255.525	-70.4375
255.6	-70.4063
255.675	-70.5
255.75	-70.5
255.825	-70.3437
255.9	-70.4063
255.975	-70.4063
256.05	-70.4063
256.125	-70.375
256.2	-70.4688
256.275	-70.5312
256.35	-70.5
256.425	-70.4063
256.5	-70.375
256.575	-70.5625
256.65	-70.4688
256.725	-70.3437
256.8	-70.3437
256.875	-70.4688
256.95	-70.4688
257.025	-70.4063
257.1	-70.4375
257.175	-70.4688
257.25	-70.4063
257.325	-70.4688
257.4	-70.4375
257.475	-70.4063
257.55	-70.375
257.625	-70.4063
257.7	-70.375
257.775	-70.4063
257.85	-70.4688
257.925	-70.4063
258	-70.375
258.075	-70.375
258.15	-70.4063
258.225	-70.3437
258.3	-70.25
258.375	-70.4063
258.45	-70.375
258.525	-70.2813
258.6	-70.3437
258.675	-70.375
258.75	-70.3125
258.825	-70.2813
258.9	-70.3125
258.975	-70.3437
259.05	-70.2813
259.125	-70.3125
259.2	-70.375
259.275	-70.25
259.35	-70.2813
259.425	-70.3437
259.5	-70.25
259.575	-70.3125
259.65	-70.3437
259.725	-70.2187
259.8	-70.25
259.875	-70.25
259.95	-70.25
260.025	-70.3437
260.1	-70.25
260.175	-70.1875
260.25	-70.25
260.325	-70.25
260.4	-70.2187
260.475	-70.3437
260.55	-70.2187
260.625	-70.1875
260.7	-70.3125
260.775	-70.2813
260.85	-70.1875
260.925	-70.375
261	-70.125
261.075	-70.1875
261.15	-70.2813
261.225	-70.2187
261.3	-70.2813
261.375	-70.2187
261.45	-70.1875
261.525	-70.25
261.6	-70.1562
261.675	-70.1562
261.75	-70.25
261.825	-70.2813
261.9	-70.1875
261.975	-70.25
262.05	-70.1875
262.125	-70.3125
262.2	-70.1875
262.275	-70.2187
262.35	-70.2187
262.425	-70.2187
262.5	-70.1562
262.575	-70.1562
262.65	-70.25
262.725	-70.25
262.8	-70.0625
262.875	-70.2187
262.95	-70.1562
263.025	-70.1875
263.1	-70.0312
263.175	-70.2187
263.25	-70.2187
263.325	-70.125
263.4	-70.0938
263.475	-70.0625
263.55	-70.3125
263.625	-70.1875
263.7	-70
263.775	-70.2187
263.85	-70.125
263.925	-70.0938
264	-70.0938
264.075	-70.125
264.15	-70.125
264.225	-70.0625
264.3	-70.0938
264.375	-70.1562
264.45	-70.125
264.525	-70.0312
264.6	-69.9375
264.675	-70.125
264.75	-70.25
264.825	-70.0938
264.9	-69.9688
264.975	-70.0938
265.05	-70.1875
265.125	-70.1875
265.2	-70.0312
265.275	-70.0625
265.35	-70.0938
265.425	-70.125
265.5	-70
265.575	-70
265.65	-70.1562
265.725	-70.0938
265.8	-70
265.875	-69.9688
265.95	-70.125
266.025	-70
266.1	-70.0312
266.175	-70.0625
266.25	-70.125
266.325	-70.0938
266.4	-69.9688
266.475	-70.0938
266.55	-70.125
266.625	-70.0312
266.7	-69.9688
266.775	-70.125
266.85	-70.125
266.925	-70.0312
267	-70
267.075	-70.125
267.15	-70
267.225	-69.9688
267.3	-70.0625
267.375	-70.0625
267.45	-69.9688
267.525	-70.0625
267.6	-70.0312
267.675	-70.0312
267.75	-70.0625
267.825	-70.0312
267.9	-70
267.975	-70.0938
268.05	-70.0938
268.125	-69.9688
268.2	-69.9688
268.275	-70
268.35	-69.9688
268.425	-69.9375
268.5	-70.0938
268.575	-70.0312
268.65	-69.9688
268.725	-70.1562
268.8	-70.0625
268.875	-69.9375
268.95	-70.0312
269.025	-70.0625
269.1	-70
269.175	-70.0938
269.25	-70.0312
269.325	-70.0312
269.4	-70.0938
269.475	-69.9688
269.55	-70
269.625	-70.125
269.7	-70
269.775	-70
269.85	-70.0312
269.925	-70.0312
270	-70.1562
270.075	-69.9688
270.15	-70
270.225	-70.125
270.3	-69.9375
270.375	-70.0312
270.45	-69.9688
270.525	-70.1562
270.6	-70
270.675	-69.9375
270.75	-70.0625
270.825	-70.0625
270.9	-70.0625
270.975	-70.0312
271.05	-70.0938
271.125	-70.125
271.2	-70
271.275	-70.0625
271.35	-69.9688
271.425	-70.1562
271.5	-69.9688
271.575	-70
271.65	-70.0938
271.725	-70.0938
271.8	-70.0625
271.875	-69.9375
271.95	-70.0312
272.025	-70.0625
272.1	-69.9062
272.175	-70
272.25	-70.0625
272.325	-70.0938
272.4	-70
272.475	-69.9688
272.55	-70.0625
272.625	-70.0625
272.7	-69.9062
272.775	-69.8437
272.85	-70.0625
272.925	-70.125
273	-69.9688
273.075	-69.9062
273.15	-70.0312
273.225	-70.125
273.3	-70.0312
273.375	-70.0312
273.45	-70.0625
273.525	-70.0312
273.6	-70
273.675	-69.9688
273.75	-70
273.825	-69.9688
273.9	-70
273.975	-70.0312
274.05	-70.0312
274.125	-70.0312
274.2	-69.9688
274.275	-70
274.35	-70
274.425	-70.0312
274.5	-70
274.575	-70.0312
274.65	-70.0312
274.725	-70
274.8	-70.0625
274.875	-70.0625
274.95	-70
275.025	-70.0938
275.1	-70.0625
275.175	-69.9688
275.25	-70.125
275.325	-70.125
275.4	-69.9688
275.475	-69.9375
275.55	-70.1562
275.625	-70
275.7	-69.9062
275.775	-70.125
275.85	-70.0312
275.925	-69.9062
276	-69.9062
276.075	-70
276.15	-69.9688
276.225	-69.9062
276.3	-70
276.375	-69.9062
276.45	-69.7813
276.525	-69.9375
276.6	-69.9375
276.675	-69.8125
276.75	-69.9688
276.825	-69.9375
276.9	-69.875
276.975	-69.875
277.05	-69.8437
277.125	-69.7813
277.2	-69.9062
277.275	-69.8125
277.35	-69.8125
277.425	-69.9688
277.5	-69.7813
277.575	-69.8437
277.65	-69.8437
277.725	-69.8125
277.8	-69.8437
277.875	-69.9062
277.95	-69.75
278.025	-69.8125
278.1	-69.9062
278.175	-69.75
278.25	-69.8125
278.325	-69.7813
278.4	-69.8437
278.475	-69.9062
278.55	-69.625
278.625	-69.8125
278.7	-69.9062
278.775	-69.7187
278.85	-69.75
278.925	-69.6875
279	-69.9062
279.075	-69.7813
279.15	-69.7813
279.225	-69.8125
279.3	-69.8125
279.375	-69.8125
279.45	-69.6563
279.525	-69.8437
279.6	-69.9062
279.675	-69.75
279.75	-69.8437
279.825	-69.75
279.9	-69.9688
279.975	-69.6875
280.05	-69.7813
280.125	-69.7813
280.2	-69.7813
280.275	-69.8437
280.35	-69.6875
280.425	-69.75
280.5	-69.9375
280.575	-69.7187
280.65	-69.6875
280.725	-69.9062
280.8	-69.875
280.875	-69.75
280.95	-69.625
281.025	-69.8125
281.1	-69.9062
281.175	-69.7187
281.25	-69.625
281.325	-69.7813
281.4	-69.8125
281.475	-69.7813
281.55	-69.8125
281.625	-69.8125
281.7	-69.8125
281.775	-69.8437
281.85	-69.7813
281.925	-69.8437
282	-69.7813
282.075	-69.7187
282.15	-69.8125
282.225	-69.8437
282.3	-69.75
282.375	-69.7187
282.45	-69.8437
282.525	-69.8437
282.6	-69.7187
282.675	-69.6875
282.75	-69.875
282.825	-69.9062
282.9	-69.75
282.975	-69.625
283.05	-69.75
283.125	-69.7813
283.2	-69.6875
283.275	-69.75
283.35	-69.7813
283.425	-69.7187
283.5	-69.8437
283.575	-69.8125
283.65	-69.6875
283.725	-69.8125
283.8	-69.8125
283.875	-69.7813
283.95	-69.75
284.025	-69.9062
284.1	-69.7187
284.175	-69.75
284.25	-69.8437
284.325	-69.8125
284.4	-69.7813
284.475	-69.8125
284.55	-69.8125
284.625	-69.7813
284.7	-69.8125
284.775	-69.75
284.85	-69.7813
284.925	-69.75
285	-69.8125
285.075	-69.7813
285.15	-69.7813
285.225	-69.8125
285.3	-69.7187
285.375	-69.8437
285.45	-69.8125
285.525	-69.7187
285.6	-69.75
285.675	-69.7813
285.75	-69.6563
285.825	-69.8125
285.9	-69.8437
285.975	-69.7813
286.05	-69.8437
286.125	-69.8437
286.2	-69.6875
286.275	-69.8437
286.35	-69.7813
286.425	-69.7187
286.5	-69.8125
286.575	-69.8437
286.65	-69.7187
286.725	-69.8125
286.8	-69.75
286.875	-69.7813
286.95	-69.7813
287.025	-69.625
287.1	-69.9062
287.175	-69.875
287.25	-69.7813
287.325	-69.8125
287.4	-69.75
287.475	-69.9688
287.55	-69.7813
287.625	-69.7813
287.7	-69.8125
287.775	-69.9062
287.85	-69.8437
287.925	-69.75
288	-69.9062
288.075	-69.8437
288.15	-69.8125
288.225	-69.75
288.3	-69.7813
288.375	-69.9062
288.45	-69.75
288.525	-69.7813
288.6	-69.8125
288.675	-69.9062
288.75	-69.75
288.825	-69.6563
288.9	-69.875
288.975	-69.9062
289.05	-69.75
289.125	-69.6875
289.2	-69.8437
289.275	-69.9062
289.35	-69.7813
289.425	-69.75
289.5	-69.8125
289.575	-69.8437
289.65	-69.7813
289.725	-69.75
289.8	-69.8437
289.875	-69.7813
289.95	-69.625
290.025	-69.7187
290.1	-69.9062
290.175	-69.7813
290.25	-69.6875
290.325	-69.7187
290.4	-69.875
290.475	-69.9062
290.55	-69.75
290.625	-69.75
290.7	-69.9375
290.775	-69.9375
290.85	-69.625
290.925	-69.75
291	-69.9375
291.075	-69.7813
291.15	-69.7187
291.225	-69.8125
291.3	-69.8125
291.375	-69.75
291.45	-69.75
291.525	-69.8125
291.6	-69.75
291.675	-69.7813
291.75	-69.8125
291.825	-69.7187
291.9	-69.75
291.975	-69.875
292.05	-69.7813
292.125	-69.6875
292.2	-69.9062
292.275	-69.75
292.35	-69.6875
292.425	-69.8437
292.5	-69.875
292.575	-69.75
292.65	-69.7187
292.725	-69.8437
292.8	-69.8125
292.875	-69.6875
292.95	-69.7813
293.025	-69.75
293.1	-69.7187
293.175	-69.8125
293.25	-69.8437
293.325	-69.7813
293.4	-69.8125
293.475	-69.7813
293.55	-69.75
293.625	-69.8437
293.7	-69.8125
293.775	-69.75
293.85	-69.7813
293.925	-69.9062
294	-69.7813
294.075	-69.8437
294.15	-69.8125
294.225	-69.7813
294.3	-69.7813
294.375	-69.875
294.45	-69.7813
294.525	-69.7813
294.6	-69.7813
294.675	-69.7187
294.75	-69.8437
294.825	-69.7813
294.9	-69.7187
294.975	-69.9062
295.05	-69.8125
295.125	-69.625
295.2	-69.8125
295.275	-69.7813
295.35	-69.875
295.425	-69.8125
295.5	-69.7187
295.575	-69.9062
295.65	-69.7813
295.725	-69.8437
295.8	-69.75
295.875	-69.7813
295.95	-69.9062
296.025	-69.6875
296.1	-69.8125
296.175	-69.7813
296.25	-69.8125
296.325	-69.75
296.4	-69.7813
296.475	-69.9375
296.55	-69.7187
296.625	-69.8437
296.7	-69.7813
296.775	-69.875
296.85	-69.9062
296.925	-69.75
297	-69.7813
297.075	-69.8125
297.15	-69.8437
297.225	-69.8437
297.3	-69.7187
297.375	-69.7187
297.45	-69.8125
297.525	-69.7813
297.6	-69.75
297.675	-69.875
297.75	-69.8125
297.825	-69.7813
297.9	-69.875
297.975	-69.9062
298.05	-69.7813
298.125	-69.6875
298.2	-69.7813
298.275	-69.9062
298.35	-69.8437
298.425	-69.75
298.5	-69.7187
298.575	-69.9375
298.65	-69.8437
298.725	-69.8125
298.8	-69.7813
298.875	-69.9062
298.95	-69.9062
299.025	-69.8125
299.1	-69.7813
299.175	-69.875
299.25	-69.9062
299.325	-69.7813
299.4	-69.875
299.475	-69.9375
299.55	-69.8437
299.625	-69.7813
299.7	-69.7813
299.775	-69.9688
299.85	-69.8125
299.925	-69.75
300	-69.75
300.075	-69.9375
300.15	-69.8125
300.225	-69.7813
300.3	-69.9062
300.375	-69.8437
300.45	-69.7813
300.525	-69.8437
300.6	-69.9062
300.675	-69.8125
300.75	-69.8125
300.825	-69.9375
300.9	-69.8437
300.975	-69.8437
301.05	-69.9375
301.125	-69.8125
301.2	-69.8437
301.275	-69.875
301.35	-69.9062
301.425	-69.8125
301.5	-69.9062
301.575	-69.8125
301.65	-69.7813
301.725	-69.9062
301.8	-69.8437
301.875	-69.7813
301.95	-69.8125
302.025	-69.8125
302.1	-69.75
302.175	-69.9062
302.25	-69.8125
302.325	-69.8125
302.4	-69.9062
302.475	-69.8125
302.55	-69.8125
302.625	-69.9062
302.7	-69.7813
302.775	-69.8125
302.85	-69.8437
302.925	-69.8125
303	-69.875
303.075	-69.7813
303.15	-69.8437
303.225	-69.875
303.3	-69.7813
303.375	-69.8437
303.45	-69.8437
303.525	-69.8437
303.6	-69.875
303.675	-69.8437
303.75	-69.875
303.825	-69.9688
303.9	-69.7813
303.975	-69.9062
304.05	-69.9375
304.125	-69.8437
304.2	-69.8437
304.275	-69.7813
304.35	-69.9062
304.425	-69.9375
304.5	-69.6563
304.575	-69.875
304.65	-69.9062
304.725	-69.9375
304.8	-69.8125
304.875	-69.8125
304.95	-69.9062
305.025	-69.8125
305.1	-69.8125
305.175	-69.7813
305.25	-69.9375
305.325	-69.875
305.4	-69.7813
305.475	-69.875
305.55	-69.8437
305.625	-69.875
305.7	-69.7813
305.775	-69.875
305.85	-69.9375
305.925	-69.8125
306	-69.8437
306.075	-70.0312
306.15	-69.9688
306.225	-69.875
306.3	-69.7813
306.375	-69.8125
306.45	-70
306.525	-69.9375
306.6	-69.8125
306.675	-69.7813
306.75	-69.9375
306.825	-69.9375
306.9	-69.7813
306.975	-69.7813
307.05	-69.9688
307.125	-69.9688
307.2	-69.8125
307.275	-69.875
307.35	-69.9062
307.425	-69.9062
307.5	-69.875
307.575	-69.875
307.65	-69.9375
307.725	-69.9375
307.8	-69.9062
307.875	-69.9062
307.95	-69.9375
308.025	-69.875
308.1	-69.9062
308.175	-69.875
308.25	-70.0312
308.325	-69.9062
308.4	-69.8437
308.475	-69.9375
308.55	-69.9375
308.625	-69.9062
308.7	-69.8437
308.775	-69.9375
308.85	-69.9688
308.925	-69.875
309	-69.9062
309.075	-70.0312
309.15	-69.9375
309.225	-69.8437
309.3	-69.9062
309.375	-70
309.45	-69.9375
309.525	-69.9688
309.6	-69.9062
309.675	-69.9062
309.75	-69.9062
309.825	-70
309.9	-69.9375
309.975	-69.8437
310.05	-69.9375
310.125	-69.9375
310.2	-69.9062
310.275	-69.9688
310.35	-69.9688
310.425	-69.8437
310.5	-70
310.575	-69.875
310.65	-69.8437
310.725	-69.9375
310.8	-69.875
310.875	-69.9062
310.95	-69.9375
311.025	-69.875
311.1	-69.9688
311.175	-69.8125
311.25	-69.8437
311.325	-69.9688
311.4	-69.875
311.475	-69.875
311.55	-69.9062
311.625	-69.9062
311.7	-69.9375
311.775	-69.8437
311.85	-69.8125
311.925	-69.9688
312	-69.9062
312.075	-69.9375
312.15	-69.9688
312.225	-69.9375
312.3	-70.0625
312.375	-69.7813
312.45	-69.875
312.525	-69.9375
312.6	-69.8125
312.675	-69.9375
312.75	-69.8437
312.825	-70
312.9	-69.9062
312.975	-69.875
313.05	-69.9688
313.125	-69.9375
313.2	-70
313.275	-69.7813
313.35	-69.9688
313.425	-69.9375
313.5	-69.9375
313.575	-69.8437
313.65	-69.9375
313.725	-70.0312
313.8	-69.875
313.875	-69.8125
313.95	-69.9688
314.025	-70.0312
314.1	-69.875
314.175	-69.7187
314.25	-70.0312
314.325	-70.0625
314.4	-69.9062
314.475	-69.8125
314.55	-69.7813
314.625	-69.9375
314.7	-69.9375
314.775	-69.9375
314.85	-70
314.925	-70.0312
