4200 2
0	-70.0312
0.075	-69.9375
0.15	-70.0312
0.225	-70.0312
0.3	-69.9688
0.375	-70.0312
0.45	-70.0625
0.525	-70
0.6	-69.9688
0.675	-70.0938
0.75	-69.9375
0.825	-70.0312
0.9	-70.0625
0.975	-70
1.05	-70
1.125	-70.0312
1.2	-69.9688
1.275	-70
1.35	-69.9375
1.425	-69.9688
1.5	-70.0938
1.575	-69.9375
1.65	-70.0625
1.725	-70.0625
1.8	-69.9375
1.875	-70.0938
1.95	-69.9375
2.025	-70.0938
2.1	-70.0625
2.175	-69.9688
2.25	-70.0625
2.325	-70
2.4	-70
2.475	-70
2.55	-69.9062
2.625	-70.0938
2.7	-70
2.775	-69.9688
2.85	-69.9375
2.925	-69.9375
3	-70.0938
3.075	-69.9375
3.15	-70.0312
3.225	-70.0938
3.3	-70
3.375	-70.0312
3.45	-69.9062
3.525	-70.125
3.6	-70.0625
3.675	-69.9688
3.75	-69.9375
3.825	-70
3.9	-70.0938
3.975	-69.9062
4.05	-70.0312
4.125	-70.125
4.2	-70.0938
4.275	-70.0312
4.35	-69.9375
4.425	-70
4.5	-70.0625
4.575	-69.9688
4.65	-69.9375
4.725	-70.0625
4.8	-70.0625
4.875	-69.9688
4.95	-69.9688
5.025	-70.0625
5.1	-70.0312
5.175	-69.9688
5.25	-70.0625
5.325	-70.0625
5.4	-70.0625
5.475	-69.9062
5.55	-70.0625
5.625	-70.1562
5.7	-70
5.775	-69.9062
5.85	-70.0312
5.925	-70.0625
6	-70.0312
6.075	-69.875
6.15	-70
6.225	-70.0938
6.3	-70.0312
6.375	-70.0312
6.45	-70.0312
6.525	-70.1562
6.6	-70
6.675	-69.8125
6.75	-70
6.825	-70.0625
6.9	-69.9688
6.975	-69.9688
7.05	-70.0938
7.125	-70.0625
7.2	-69.9375
7.275	-70.0312
7.35	-70.0938
7.425	-70.0312
7.5	-70
7.575	-70.0625
7.65	-70.0312
7.725	-69.9688
7.8	-70
7.875	-70.0312
7.95	-70
8.025	-70.0938
8.1	-70.0625
8.175	-69.9375
8.25	-70.0312
8.325	-70.0625
8.4	-69.9062
8.475	-70.0312
8.55	-70.0625
8.625	-70
8.7	-69.9375
8.775	-70.0312
8.85	-69.9375
8.925	-70.0312
9	-70.0312
9.075	-69.9688
9.15	-70.0625
9.225	-70
9.3	-69.9688
9.375	-70.0312
9.45	-70.0312
9.525	-70
9.6	-70
9.675	-70
9.75	-69.9688
9.825	-70.0625
9.9	-70.0312
9.975	-70
10.05	-70.0312
10.125	-69.9375
10.2	-70.0312
10.275	-70.0312
10.35	-69.9062
10.425	-70.0312
10.5	-70
10.575	-69.9375
10.65	-69.9688
10.725	-69.9062
10.8	-70.0938
10.875	-70.0312
10.95	-69.9688
11.025	-70.0625
11.1	-70
11.175	-70.0625
11.25	-69.9375
11.325	-69.9062
11.4	-70.0625
11.475	-70
11.55	-70.0312
11.625	-69.9375
11.7	-70.0625
11.775	-70
11.85	-69.875
11.925	-70.0312
12	-70
12.075	-70.0938
12.15	-69.875
12.225	-70.0938
12.3	-70.0312
12.375	-70.0625
12.45	-69.9375
12.525	-69.9375
12.6	-70.125
12.675	-70
12.75	-69.9375
12.825	-70.0625
12.9	-70.0312
12.975	-69.9062
13.05	-69.9062
13.125	-70.0625
13.2	-70.125
13.275	-70.0625
13.35	-69.875
13.425	-69.9688
13.5	-70.1562
13.575	-70.0312
13.65	-69.9375
13.725	-69.9688
13.8	-69.9688
13.875	-70.0625
13.95	-69.9688
14.025	-69.9375
14.1	-70.0312
14.175	-70.0312
14.25	-70.0312
14.325	-70.0312
14.4	-70
14.475	-69.9688
14.55	-69.9375
14.625	-70.0625
14.7	-70
14.775	-69.9688
14.85	-69.9688
14.925	-70.0312
15	-69.8125
15.075	-69.5
15.15	-69.3438
15.225	-69.25
15.3	-69.2187
15.375	-69.2813
15.45	-69.2187
15.525	-69.125
15.6	-69.0937
15.675	-69.1875
15.75	-69.0937
15.825	-68.9688
15.9	-69.0625
15.975	-69.0625
16.05	-68.9062
16.125	-68.9062
16.2	-69
16.275	-68.9062
16.35	-68.7812
16.425	-68.9375
16.5	-68.9375
16.575	-68.7812
16.65	-68.75
16.725	-68.875
16.8	-68.7812
16.875	-68.7812
16.95	-68.8125
17.025	-68.6563
17.1	-68.6875
17.175	-68.8125
17.25	-68.6875
17.325	-68.625
17.4	-68.75
17.475	-68.5625
17.55	-68.6563
17.625	-68.5625
17.7	-68.5
17.775	-68.5937
17.85	-68.4375
17.925	-68.5
18	-68.5313
18.075	-68.4375
18.15	-68.5313
18.225	-68.4375
18.3	-68.4062
18.375	-68.5937
18.45	-68.4687
18.525	-68.3438
18.6	-68.4062
18.675	-68.4375
18.75	-68.375
18.825	-68.375
18.9	-68.2812
18.975	-68.4062
19.05	-68.375
19.125	-68.2188
19.2	-68.25
19.275	-68.25
19.35	-68.2188
19.425	-68.1875
19.5	-68.1562
19.575	-68.3438
19.65	-68.2812
19.725	-68.1875
19.8	-68.2188
19.875	-68.1562
19.95	-68.25
20.025	-68.0937
20.1	-68.0625
20.175	-68.2188
20.25	-68.0937
20.325	-68.0625
20.4	-68
20.475	-68.1875
20.55	-68.0625
20.625	-68
20.7	-68
20.775	-68
20.85	-68
20.925	-67.875
21	-68
21.075	-68
21.15	-67.9063
21.225	-67.9063
21.3	-67.9687
21.375	-67.9063
21.45	-67.8438
21.525	-67.8125
21.6	-67.9687
21.675	-68.0313
21.75	-67.8438
21.825	-67.7812
21.9	-67.7188
21.975	-67.8125
22.05	-67.7188
22.125	-67.7812
22.2	-67.7812
22.275	-67.9063
22.35	-67.75
22.425	-67.625
22.5	-67.75
22.575	-67.9063
22.65	-67.625
22.725	-67.5313
22.8	-67.75
22.875	-67.7812
22.95	-67.625
23.025	-67.5313
23.1	-67.75
23.175	-67.625
23.25	-67.5
23.325	-67.5313
23.4	-67.6562
23.475	-67.5313
23.55	-67.5
23.625	-67.5313
23.7	-67.6562
23.775	-67.5313
23.85	-67.4687
23.925	-67.5625
24	-67.5313
24.075	-67.4375
24.15	-67.4687
24.225	-67.5625
24.3	-67.4375
24.375	-67.4375
24.45	-67.4687
24.525	-67.4063
24.6	-67.4375
24.675	-67.5
24.75	-67.4375
24.825	-67.3125
24.9	-67.4687
24.975	-67.4063
25.05	-67.25
25.125	-67.3125
25.2	-67.25
25.275	-67.2188
25.35	-67.2813
25.425	-67.2188
25.5	-67.1562
25.575	-67.25
25.65	-67.2188
25.725	-67.0625
25.8	-67.1875
25.875	-67.0938
25.95	-66.9687
26.025	-67.0625
26.1	-67.0938
26.175	-66.9687
26.25	-67.0625
26.325	-67
26.4	-66.9063
26.475	-67.0312
26.55	-66.9687
26.625	-66.9375
26.7	-66.9375
26.775	-66.9063
26.85	-66.9063
26.925	-67
27	-66.8125
27.075	-66.9375
27.15	-66.9687
27.225	-66.8125
27.3	-66.875
27.375	-66.8437
27.45	-66.9375
27.525	-66.875
27.6	-66.7813
27.675	-66.875
27.75	-66.8125
27.825	-66.9063
27.9	-66.7187
27.975	-66.75
28.05	-66.9063
28.125	-66.7187
28.2	-66.8125
28.275	-66.7813
28.35	-66.75
28.425	-66.7813
28.5	-66.5625
28.575	-66.6875
28.65	-66.6562
28.725	-66.625
28.8	-66.5312
28.875	-66.5
28.95	-66.5938
29.025	-66.4063
29.1	-66.5625
29.175	-66.4375
29.25	-66.5
29.325	-66.5
29.4	-66.3125
29.475	-66.4375
29.55	-66.5312
29.625	-66.3437
29.7	-66.1875
29.775	-66.4375
29.85	-66.4375
29.925	-66.3125
30	-66.25
30.075	-66.3125
30.15	-66.4375
30.225	-66.3437
30.3	-66.2187
30.375	-66.25
30.45	-66.1875
30.525	-66.1875
30.6	-66.1875
30.675	-66.2187
30.75	-66.25
30.825	-66.25
30.9	-66.1875
30.975	-66.25
31.05	-66.125
31.125	-66.125
31.2	-66.1563
31.275	-66.125
31.35	-66.1875
31.425	-66.125
31.5	-66.125
31.575	-66.0625
31.65	-66.125
31.725	-66.0625
31.8	-66.0938
31.875	-66.125
31.95	-66.1563
32.025	-66.0312
32.1	-66
32.175	-66.0625
32.25	-66.125
32.325	-65.9688
32.4	-66
32.475	-66.125
32.55	-66.0938
32.625	-65.9688
32.7	-66
32.775	-66.0312
32.85	-65.9375
32.925	-65.875
33	-65.9375
33.075	-65.9688
33.15	-65.875
33.225	-65.9062
33.3	-65.9688
33.375	-65.875
33.45	-65.875
33.525	-65.9375
33.6	-65.9062
33.675	-65.875
33.75	-65.9688
33.825	-65.875
33.9	-65.8438
33.975	-65.9375
34.05	-65.8125
34.125	-65.8125
34.2	-65.875
34.275	-65.75
34.35	-65.8438
34.425	-65.875
34.5	-65.7813
34.575	-65.9062
34.65	-65.875
34.725	-65.7813
34.8	-65.875
34.875	-65.8125
34.95	-65.7813
35.025	-65.9688
35.1	-65.8125
35.175	-65.75
35.25	-65.875
35.325	-65.8125
35.4	-65.8438
35.475	-65.7813
35.55	-65.6875
35.625	-65.875
35.7	-65.7813
35.775	-65.7187
35.85	-65.75
35.925	-65.6875
36	-65.8125
36.075	-65.625
36.15	-65.7813
36.225	-65.8125
36.3	-65.7187
36.375	-65.7813
36.45	-65.6875
36.525	-65.8125
36.6	-65.7187
36.675	-65.625
36.75	-65.7813
36.825	-65.7187
36.9	-65.75
36.975	-65.5625
37.05	-65.6875
37.125	-65.7813
37.2	-65.6563
37.275	-65.6563
37.35	-65.6875
37.425	-65.7813
37.5	-65.6563
37.575	-65.5
37.65	-65.6875
37.725	-65.7187
37.8	-65.5625
37.875	-65.5625
37.95	-65.75
38.025	-65.6875
38.1	-65.5312
38.175	-65.5937
38.25	-65.7187
38.325	-65.8125
38.4	-65.6563
38.475	-65.5625
38.55	-65.625
38.625	-65.7187
38.7	-65.625
38.775	-65.5312
38.85	-65.5937
38.925	-65.625
39	-65.6563
39.075	-65.5937
39.15	-65.6563
39.225	-65.6563
39.3	-65.5625
39.375	-65.5625
39.45	-65.6563
39.525	-65.5937
39.6	-65.5312
39.675	-65.6875
39.75	-65.7187
39.825	-65.5937
39.9	-65.4688
39.975	-65.6563
40.05	-65.6563
40.125	-65.5625
40.2	-65.5
40.275	-65.6563
40.35	-65.625
40.425	-65.5625
40.5	-65.5937
40.575	-65.5937
40.65	-65.5937
40.725	-65.5937
40.8	-65.5625
40.875	-65.5625
40.95	-65.5
41.025	-65.5625
41.1	-65.5625
41.175	-65.4688
41.25	-65.6563
41.325	-65.5625
41.4	-65.4688
41.475	-65.5937
41.55	-65.5937
41.625	-65.4375
41.7	-65.5
41.775	-65.5312
41.85	-65.4375
41.925	-65.5625
42	-65.5625
42.075	-65.5
42.15	-65.5312
42.225	-65.5312
42.3	-65.4375
42.375	-65.5937
42.45	-65.4688
42.525	-65.4062
42.6	-65.5312
42.675	-65.5625
42.75	-65.4688
42.825	-65.5
42.9	-65.4688
42.975	-65.375
43.05	-65.4688
43.125	-65.5
43.2	-65.375
43.275	-65.5312
43.35	-65.4688
43.425	-65.4688
43.5	-65.5312
43.575	-65.4375
43.65	-65.4375
43.725	-65.5312
43.8	-65.4375
43.875	-65.5625
43.95	-65.4688
44.025	-65.5
44.1	-65.5937
44.175	-65.4375
44.25	-65.5
44.325	-65.5
44.4	-65.5312
44.475	-65.4688
44.55	-65.4062
44.625	-65.5625
44.7	-65.5
44.775	-65.5312
44.85	-65.4375
44.925	-65.4375
45	-65.5937
45.075	-65.4062
45.15	-65.4688
45.225	-65.4062
45.3	-65.5
45.375	-65.5
45.45	-65.4062
45.525	-65.5
45.6	-65.5
45.675	-65.4375
45.75	-65.3125
45.825	-65.5
45.9	-65.5625
45.975	-65.375
46.05	-65.4688
46.125	-65.4688
46.2	-65.4688
46.275	-65.4375
46.35	-65.4375
46.425	-65.4688
46.5	-65.4375
46.575	-65.4062
46.65	-65.375
46.725	-65.5312
46.8	-65.5
46.875	-65.3438
46.95	-65.3438
47.025	-65.5312
47.1	-65.5312
47.175	-65.4688
47.25	-65.375
47.325	-65.4375
47.4	-65.5
47.475	-65.375
47.55	-65.375
47.625	-65.4688
47.7	-65.375
47.775	-65.4375
47.85	-65.375
47.925	-65.4062
48	-65.4688
48.075	-65.4375
48.15	-65.4062
48.225	-65.4375
48.3	-65.4688
48.375	-65.4062
48.45	-65.4062
48.525	-65.375
48.6	-65.4688
48.675	-65.375
48.75	-65.375
48.825	-65.375
48.9	-65.4375
48.975	-65.4062
49.05	-65.3438
49.125	-65.4375
49.2	-65.4688
49.275	-65.3125
49.35	-65.4062
49.425	-65.4688
49.5	-65.4688
49.575	-65.2812
49.65	-65.4688
49.725	-65.4688
49.8	-65.3438
49.875	-65.3125
49.95	-65.4375
50.025	-65.4062
50.1	-65.3438
50.175	-65.4062
50.25	-65.375
50.325	-65.3438
50.4	-65.3438
50.475	-65.4375
50.55	-65.3438
50.625	-65.375
50.7	-65.4688
50.775	-65.375
50.85	-65.3438
50.925	-65.4375
51	-65.3125
51.075	-65.4375
51.15	-65.375
51.225	-65.25
51.3	-65.4688
51.375	-65.25
51.45	-65.375
51.525	-65.375
51.6	-65.3438
51.675	-65.5
51.75	-65.4062
51.825	-65.3125
51.9	-65.4062
51.975	-65.3438
52.05	-65.375
52.125	-65.3438
52.2	-65.3125
52.275	-65.4375
52.35	-65.3125
52.425	-65.3125
52.5	-65.375
52.575	-65.25
52.65	-65.3438
52.725	-65.2812
52.8	-65.4375
52.875	-65.4062
52.95	-65.3125
53.025	-65.3438
53.1	-65.3438
53.175	-65.4375
53.25	-65.2812
53.325	-65.375
53.4	-65.5
53.475	-65.3438
53.55	-65.3125
53.625	-65.1875
53.7	-65.4375
53.775	-65.4688
53.85	-65.3125
53.925	-65.2812
54	-65.3125
54.075	-65.4375
54.15	-65.1563
54.225	-65.3125
54.3	-65.4062
54.375	-65.2812
54.45	-65.25
54.525	-65.3438
54.6	-65.4375
54.675	-65.3438
54.75	-65.25
54.825	-65.3438
54.9	-65.4375
54.975	-65.375
55.05	-65.2187
55.125	-65.25
55.2	-65.4375
55.275	-65.4688
55.35	-65.2812
55.425	-65.1875
55.5	-65.4062
55.575	-65.4688
55.65	-65.375
55.725	-65.4062
55.8	-65.4062
55.875	-65.4375
55.95	-65.4062
56.025	-65.4062
56.1	-65.375
56.175	-65.3125
56.25	-65.4062
56.325	-65.375
56.4	-65.375
56.475	-65.4062
56.55	-65.3125
56.625	-65.375
56.7	-65.3438
56.775	-65.4062
56.85	-65.375
56.925	-65.3125
57	-65.375
57.075	-65.4062
57.15	-65.3125
57.225	-65.3125
57.3	-65.4375
57.375	-65.3438
57.45	-65.2812
57.525	-65.375
57.6	-65.375
57.675	-65.2187
57.75	-65.2812
57.825	-65.375
57.9	-65.375
57.975	-65.2187
58.05	-65.375
58.125	-65.3125
58.2	-65.25
58.275	-65.3125
58.35	-65.3438
58.425	-65.25
58.5	-65.375
58.575	-65.3438
58.65	-65.25
58.725	-65.4062
58.8	-65.4062
58.875	-65.3125
58.95	-65.4062
59.025	-65.3125
59.1	-65.2812
59.175	-65.3438
59.25	-65.3125
59.325	-65.2187
59.4	-65.4062
59.475	-65.3125
59.55	-65.2187
59.625	-65.25
59.7	-65.3438
59.775	-65.25
59.85	-65.3438
59.925	-65.25
60	-65.2812
60.075	-65.375
60.15	-65.25
60.225	-65.25
60.3	-65.25
60.375	-65.2187
60.45	-65.4062
60.525	-65.25
60.6	-65.3125
60.675	-65.4062
60.75	-65.375
60.825	-65.3438
60.9	-65.25
60.975	-65.3438
61.05	-65.3438
61.125	-65.2187
61.2	-65.25
61.275	-65.3125
61.35	-65.3125
61.425	-65.25
61.5	-65.1875
61.575	-65.4688
61.65	-65.25
61.725	-65.2187
61.8	-65.25
61.875	-65.4062
61.95	-65.375
62.025	-65.125
62.1	-65.3438
62.175	-65.3125
62.25	-65.4062
62.325	-65.1875
62.4	-65.2187
62.475	-65.4062
62.55	-65.2187
62.625	-65.3438
62.7	-65.3438
62.775	-65.3438
62.85	-65.2812
62.925	-65.25
63	-65.25
63.075	-65.2812
63.15	-65.25
63.225	-65.125
63.3	-65.25
63.375	-65.3125
63.45	-65.1875
63.525	-65.0937
63.6	-65.2187
63.675	-65.375
63.75	-65.3438
63.825	-65.125
63.9	-65.125
63.975	-65.2812
64.05	-65.2187
64.125	-65.0937
64.2	-65.1563
64.275	-65.3438
64.35	-65.2812
64.425	-65.125
64.5	-65.125
64.575	-65.2187
64.65	-65.2812
64.725	-65.125
64.8	-65.125
64.875	-65.25
64.95	-65.2812
65.025	-65.125
65.1	-65.1563
65.175	-65.3125
65.25	-65.125
65.325	-65.125
65.4	-65.2187
65.475	-65.2187
65.55	-65.1563
65.625	-65.0937
65.7	-65.3125
65.775	-65.25
65.85	-65.0625
65.925	-65.2187
66	-65.2187
66.075	-65.1563
66.15	-65.125
66.225	-65.1875
66.3	-65.2187
66.375	-65.125
66.45	-65.1563
66.525	-65.1875
66.6	-65.1563
66.675	-65.125
66.75	-65.1563
66.825	-65.1875
66.9	-65.1563
66.975	-65.1875
67.05	-65.125
67.125	-65.2187
67.2	-65.1875
67.275	-65.125
67.35	-65.1875
67.425	-65.1875
67.5	-65.0625
67.575	-65.1875
67.65	-65.125
67.725	-65.1563
67.8	-65.2187
67.875	-65.125
67.95	-65.1875
68.025	-65.25
68.1	-65.0937
68.175	-65.2187
68.25	-65.1563
68.325	-65.1563
68.4	-65.2812
68.475	-65.0937
68.55	-65.0937
68.625	-65.25
68.7	-65.0937
68.775	-65.1563
68.85	-65.1875
68.925	-65.1563
69	-65.1563
69.075	-65.0937
69.15	-65.125
69.225	-65.1875
69.3	-65.1563
69.375	-65.0937
69.45	-65.25
69.525	-65.1563
69.6	-65.125
69.675	-65.1563
69.75	-65.2187
69.825	-65.2187
69.9	-65
69.975	-65.1563
70.05	-65.1563
70.125	-65.125
70.2	-65.0937
70.275	-65.0625
70.35	-65.1875
70.425	-65.0625
70.5	-65.0625
70.575	-65
70.65	-65.125
70.725	-65.0313
70.8	-65
70.875	-65.0625
70.95	-65.0937
71.025	-65.1563
71.1	-65
71.175	-65
71.25	-65.2812
71.325	-65.0937
71.4	-64.9375
71.475	-64.9687
71.55	-65
71.625	-65
71.7	-64.9375
71.775	-65.0313
71.85	-65
71.925	-65
72	-64.9375
72.075	-65.0625
72.15	-65.0313
72.225	-64.9687
72.3	-64.9375
72.375	-65.1563
72.45	-65.0937
72.525	-65.0313
72.6	-64.9687
72.675	-65.1563
72.75	-65.1875
72.825	-65
72.9	-64.875
72.975	-65
73.05	-65.125
73.125	-64.9687
73.2	-64.9062
73.275	-65.1563
73.35	-65
73.425	-64.9062
73.5	-64.9062
73.575	-65.0625
73.65	-65
73.725	-64.9062
73.8	-65
73.875	-65
73.95	-64.9687
74.025	-64.9375
74.1	-65
74.175	-65
74.25	-64.9687
74.325	-65
74.4	-64.9687
74.475	-64.9687
74.55	-65
74.625	-64.9687
74.7	-64.875
74.775	-64.9687
74.85	-65
74.925	-64.9687
75	-64.9062
75.075	-65.0937
75.15	-65
75.225	-64.9375
75.3	-65
75.375	-65.0313
75.45	-64.9062
75.525	-65
75.6	-65
75.675	-64.9062
75.75	-65
75.825	-65
75.9	-64.8438
75.975	-65
76.05	-65
76.125	-64.9687
76.2	-65
76.275	-64.9375
76.35	-64.9062
76.425	-65
76.5	-64.9062
76.575	-65
76.65	-65
76.725	-64.875
76.8	-65.0313
76.875	-64.9062
76.95	-64.9375
77.025	-65.0313
77.1	-64.9687
77.175	-64.9375
77.25	-65
77.325	-64.9687
77.4	-64.9687
77.475	-64.9375
77.55	-64.9375
77.625	-65.0937
77.7	-64.9062
77.775	-65
77.85	-64.9375
77.925	-65
78	-65
78.075	-64.9062
78.15	-65.0313
78.225	-64.9687
78.3	-64.9687
78.375	-64.9062
78.45	-64.8438
78.525	-65.125
78.6	-65
78.675	-64.9375
78.75	-65
78.825	-65
78.9	-64.9375
78.975	-64.8438
79.05	-65
79.125	-65
79.2	-65
79.275	-64.9375
79.35	-64.9687
79.425	-65.0625
79.5	-64.9687
79.575	-64.9062
79.65	-65.0625
79.725	-65.125
79.8	-64.9687
79.875	-64.875
79.95	-64.9062
80.025	-65.0313
80.1	-64.9687
80.175	-64.9375
80.25	-65
80.325	-64.9687
80.4	-64.9375
80.475	-65
80.55	-65.0625
80.625	-65.0937
80.7	-64.9062
80.775	-64.9062
80.85	-65
80.925	-65.0313
81	-64.9062
81.075	-64.875
81.15	-65.0625
81.225	-65.0937
81.3	-64.9062
81.375	-64.9375
81.45	-65.0625
81.525	-64.9687
81.6	-64.875
81.675	-65
81.75	-65.0937
81.825	-65
81.9	-64.9062
81.975	-65.0313
82.05	-65
82.125	-64.875
82.2	-64.9687
82.275	-64.9375
82.35	-64.9687
82.425	-65
82.5	-65
82.575	-65
82.65	-64.9375
82.725	-65.0313
82.8	-64.9687
82.875	-64.9375
82.95	-65.0313
83.025	-65
83.1	-64.875
83.175	-65
83.25	-65
83.325	-64.9375
83.4	-64.9687
83.475	-64.9687
83.55	-64.875
83.625	-65.0625
83.7	-65
83.775	-64.9375
83.85	-65
83.925	-65
84	-64.9687
84.075	-65.0313
84.15	-64.9687
84.225	-64.9062
84.3	-64.9687
84.375	-65
84.45	-64.9375
84.525	-65
84.6	-64.9687
84.675	-64.9375
84.75	-65
84.825	-65
84.9	-64.9687
84.975	-65.0625
85.05	-64.9375
85.125	-65
85.2	-65
85.275	-64.9687
85.35	-65.0313
85.425	-65
85.5	-64.9687
85.575	-65
85.65	-64.9375
85.725	-65
85.8	-65
85.875	-64.9687
85.95	-65
86.025	-64.9062
86.1	-65.0625
86.175	-65
86.25	-64.9062
86.325	-65
86.4	-65
86.475	-65.125
86.55	-64.9062
86.625	-65.0625
86.7	-65.0937
86.775	-64.9687
86.85	-65
86.925	-64.9687
87	-65.125
87.075	-64.9687
87.15	-64.9687
87.225	-65
87.3	-64.9375
87.375	-65.0625
87.45	-64.9375
87.525	-65.0937
87.6	-65.125
87.675	-64.9375
87.75	-65.0313
87.825	-65.0313
87.9	-65.0625
87.975	-64.9687
88.05	-65.0625
88.125	-65.125
88.2	-65.125
88.275	-64.9687
88.35	-64.9062
88.425	-65.0937
88.5	-65.1563
88.575	-65
88.65	-65
88.725	-65
88.8	-65.0313
88.875	-64.9687
88.95	-64.9687
89.025	-65.0625
89.1	-65.0625
89.175	-64.9687
89.25	-65.0625
89.325	-65.0937
89.4	-65.0313
89.475	-65.0937
89.55	-65.0625
89.625	-65.125
89.7	-65.0625
89.775	-65
89.85	-65
89.925	-65.0313
90	-65.0937
90.075	-65.0937
90.15	-65.0625
90.225	-65.0937
90.3	-65.0625
90.375	-65.0937
90.45	-65.0625
90.525	-65
90.6	-65.125
90.675	-65.0625
90.75	-65
90.825	-65.125
90.9	-65.0625
90.975	-65
91.05	-65.0937
91.125	-65.0937
91.2	-65
91.275	-65
91.35	-65.0937
91.425	-65.0937
91.5	-65
91.575	-65.125
91.65	-65.0625
91.725	-65.0313
91.8	-65.125
91.875	-65.0313
91.95	-65.0625
92.025	-65.1563
92.1	-65.0937
92.175	-65
92.25	-65.125
92.325	-65.125
92.4	-65
92.475	-65.2187
92.55	-65.1563
92.625	-65
92.7	-65.2187
92.775	-65.0625
92.85	-65
92.925	-65.1563
93	-65.0937
93.075	-65.0313
93.15	-65.125
93.225	-65.0625
93.3	-65.0625
93.375	-65.1875
93.45	-65
93.525	-65.125
93.6	-65.0937
93.675	-65.0625
93.75	-65.1563
93.825	-65
93.9	-65.0937
93.975	-65.125
94.05	-65.0313
94.125	-65.1563
94.2	-65.0937
94.275	-65.2187
94.35	-65.125
94.425	-65
94.5	-65.2187
94.575	-65.125
94.65	-65.0313
94.725	-65.0937
94.8	-65.0313
94.875	-65.2187
94.95	-65.0937
95.025	-64.9375
95.1	-65.0937
95.175	-65.0937
95.25	-65.1563
95.325	-65
95.4	-65.0625
95.475	-65.125
95.55	-65
95.625	-65.0937
95.7	-65.0625
95.775	-65.2187
95.85	-65.0313
95.925	-65
96	-65.25
96.075	-65.125
96.15	-65.0625
96.225	-65.125
96.3	-65.125
96.375	-65.0937
96.45	-65.0625
96.525	-65.125
96.6	-65.125
96.675	-65.1563
96.75	-65.0625
96.825	-65.0937
96.9	-65.25
96.975	-65.1563
97.05	-65
97.125	-65
97.2	-65.2187
97.275	-65.25
97.35	-65.0625
97.425	-65.0313
97.5	-65.25
97.575	-65.2812
97.65	-65
97.725	-65
97.8	-65.2187
97.875	-65.1875
97.95	-65.125
98.025	-65.0937
98.1	-65.1875
98.175	-65.125
98.25	-64.9687
98.325	-65
98.4	-65.2187
98.475	-65.2187
98.55	-65
98.625	-65.1563
98.7	-65.25
98.775	-65.125
98.85	-65
98.925	-65.125
99	-65.1875
99.075	-65
99.15	-65.125
99.225	-65.1563
99.3	-65.0937
99.375	-65.1875
99.45	-65.1563
99.525	-65.125
99.6	-65.1563
99.675	-65.1875
99.75	-65.125
99.825	-65.0313
99.9	-65.1875
99.975	-65.1875
100.05	-65.0625
100.125	-65.1563
100.2	-65.2187
100.275	-65.125
100.35	-65.1563
100.425	-65.2187
100.5	-65.125
100.575	-65.1563
100.65	-65.2187
100.725	-65.0625
100.8	-65.125
100.875	-65.1875
100.95	-65.125
101.025	-65.125
101.1	-65.2187
101.175	-65.0625
101.25	-65.2187
101.325	-65.2187
101.4	-65.0937
101.475	-65.25
101.55	-65.1875
101.625	-65.0937
101.7	-65.1563
101.775	-65.125
101.85	-65.1563
101.925	-65.1875
102	-65.0625
102.075	-65.1875
102.15	-65.125
102.225	-65.0937
102.3	-65.1875
102.375	-65.1563
102.45	-65.1875
102.525	-65.1875
102.6	-65.0937
102.675	-65.2187
102.75	-65.0937
102.825	-65.125
102.9	-65.0937
102.975	-65.125
103.05	-65.3125
103.125	-65.125
103.2	-65.2187
103.275	-65.2187
103.35	-65.25
103.425	-65.2187
103.5	-65
103.575	-65.2812
103.65	-65.1875
103.725	-65.1875
103.8	-65.0625
103.875	-65.25
103.95	-65.2187
104.025	-65.0625
104.1	-65.125
104.175	-65.1563
104.25	-65.25
104.325	-65.0937
104.4	-65
104.475	-65.1875
104.55	-65.1875
104.625	-65
104.7	-65
104.775	-65.25
104.85	-65.2187
104.925	-65
105	-65
105.075	-65.0625
105.15	-65.125
105.225	-65
105.3	-65.0937
105.375	-65.0625
105.45	-65.0625
105.525	-65.0625
105.6	-65.0937
105.675	-65.125
105.75	-65.0937
105.825	-65
105.9	-65.0937
105.975	-65.125
106.05	-65
106.125	-64.9687
106.2	-65.0625
106.275	-65.0625
106.35	-65.0313
106.425	-65
106.5	-65.0937
106.575	-65.125
106.65	-65
106.725	-65.0313
106.8	-65.0625
106.875	-65.0625
106.95	-65
107.025	-65.125
107.1	-65
107.175	-65.0313
107.25	-65.0937
107.325	-65
107.4	-64.9375
107.475	-65
107.55	-65
107.625	-65
107.7	-65
107.775	-65.0937
107.85	-65
107.925	-64.9375
108	-65.0937
108.075	-65
108.15	-64.9375
108.225	-65
108.3	-65.0625
108.375	-64.9375
108.45	-65
108.525	-65
108.6	-64.9062
108.675	-65.0625
108.75	-65
108.825	-64.9062
108.9	-65
108.975	-65
109.05	-64.9687
109.125	-65.125
109.2	-64.9687
109.275	-64.9062
109.35	-65.0625
109.425	-65.0313
109.5	-64.9375
109.575	-65
109.65	-65.0937
109.725	-65
109.8	-65.0625
109.875	-65.0313
109.95	-65
110.025	-65.125
110.1	-65.0313
110.175	-64.9375
110.25	-65.0937
110.325	-64.9687
110.4	-65.0313
110.475	-65
110.55	-65.0313
110.625	-65.125
110.7	-64.9687
110.775	-64.9375
110.85	-65.125
110.925	-65.0625
111	-65
111.075	-65
111.15	-65.0937
111.225	-65.125
111.3	-64.9687
111.375	-65.0625
111.45	-65
111.525	-65.0937
111.6	-65
111.675	-64.9687
111.75	-65.125
111.825	-65.0625
111.9	-65.0313
111.975	-65
112.05	-65.125
112.125	-65.125
112.2	-65
112.275	-65.0937
112.35	-65.0937
112.425	-65.1563
112.5	-64.9062
112.575	-65
112.65	-65.1875
112.725	-65.0313
112.8	-64.9375
112.875	-65.0313
112.95	-65.1563
113.025	-65
113.1	-64.9687
113.175	-65.0625
113.25	-65.2187
113.325	-65.0937
113.4	-64.9687
113.475	-65
113.55	-65.0937
113.625	-65.0937
113.7	-65.0625
113.775	-65.125
113.85	-65.1875
113.925	-65
114	-65
114.075	-65.1563
114.15	-65.1875
114.225	-65.0625
114.3	-65
114.375	-65.0625
114.45	-65.125
114.525	-65.0625
114.6	-65.0625
114.675	-65
114.75	-65.0625
114.825	-65.0625
114.9	-65.0313
114.975	-64.9687
115.05	-65.1875
115.125	-65.0625
115.2	-65
115.275	-65.0625
115.35	-65.1563
115.425	-65.0625
115.5	-65
115.575	-65.1875
115.65	-65.125
115.725	-65.0625
115.8	-65.0625
115.875	-65.1563
115.95	-65.0625
116.025	-65
116.1	-65.0937
116.175	-65.0313
116.25	-65.0625
116.325	-65.0937
116.4	-65
116.475	-65
116.55	-65.125
116.625	-65.125
116.7	-65
116.775	-65.125
116.85	-65.1563
116.925	-65
117	-65
117.075	-65.0937
117.15	-65.0625
117.225	-65.0937
117.3	-65.125
117.375	-65.0625
117.45	-65.0625
117.525	-65.0937
117.6	-65
117.675	-65.1563
117.75	-65.1563
117.825	-65.0625
117.9	-65.125
117.975	-65.125
118.05	-64.9687
118.125	-65.125
118.2	-65.125
118.275	-65
118.35	-65.2187
118.425	-65.1875
118.5	-65.125
118.575	-65.125
118.65	-65
118.725	-65.2187
118.8	-65.1875
118.875	-65.0313
118.95	-65.125
119.025	-65.0625
119.1	-65.2812
119.175	-65.0937
119.25	-65
119.325	-65.1875
119.4	-65.125
119.475	-65.0625
119.55	-65.0625
119.625	-65.0625
119.7	-65.125
119.775	-65.0313
119.85	-65.125
119.925	-65.125
120	-65.125
120.075	-65
120.15	-65.0625
120.225	-65.1875
120.3	-65.0625
120.375	-65.0937
120.45	-65.0625
120.525	-65.2187
120.6	-65.0625
120.675	-65
120.75	-65.0625
120.825	-65.0625
120.9	-65.1563
120.975	-64.9687
121.05	-65.0937
121.125	-65.125
121.2	-65.0625
121.275	-64.9687
121.35	-65
121.425	-65.125
121.5	-65.1563
121.575	-65.0313
121.65	-65
121.725	-65.0313
121.8	-65.0313
121.875	-65
121.95	-65.1563
122.025	-65.125
122.1	-65
122.175	-64.9062
122.25	-65
122.325	-65.2187
122.4	-65.0313
122.475	-64.875
122.55	-65
122.625	-65.125
122.7	-65.0313
122.775	-64.9062
122.85	-65
122.925	-65.125
123	-64.9375
123.075	-64.875
123.15	-65
123.225	-65.1563
123.3	-64.9687
123.375	-64.9062
123.45	-65.0625
123.525	-65
123.6	-64.9375
123.675	-64.9687
123.75	-65.0937
123.825	-65
123.9	-64.9062
123.975	-65.0313
124.05	-65.0937
124.125	-64.9375
124.2	-64.9687
124.275	-65.0625
124.35	-65
124.425	-64.9062
124.5	-65
124.575	-65.0625
124.65	-65
124.725	-65.0313
124.8	-64.9375
124.875	-65
124.95	-65.0313
125.025	-65.0625
125.1	-65
125.175	-65
125.25	-65
125.325	-64.9687
125.4	-64.9687
125.475	-65
125.55	-64.9375
125.625	-64.9687
125.7	-65
125.775	-64.9687
125.85	-64.9375
125.925	-65.0313
126	-64.9375
126.075	-64.9687
126.15	-65
126.225	-64.9375
126.3	-65
126.375	-65
126.45	-64.9062
126.525	-65.0313
126.6	-65
126.675	-65
126.75	-64.9687
126.825	-65
126.9	-65
126.975	-64.9687
127.05	-64.875
127.125	-65
127.2	-64.9687
127.275	-65
127.35	-64.9062
127.425	-64.9062
127.5	-65
127.575	-65.0313
127.65	-64.9062
127.725	-65.0313
127.8	-65
127.875	-65.0313
127.95	-64.9375
128.025	-64.9375
128.1	-65.125
128.175	-65
128.25	-64.9687
128.325	-65
128.4	-65
128.475	-65.0625
128.55	-64.9062
128.625	-65.0313
128.7	-65.0625
128.775	-65
128.85	-64.875
128.925	-65
129	-65
129.075	-64.9375
129.15	-64.9687
129.225	-65
129.3	-65.0937
129.375	-65
129.45	-64.875
129.525	-64.9687
129.6	-65.125
129.675	-65
129.75	-64.9687
129.825	-65
129.9	-65.1875
129.975	-65.0625
130.05	-64.9375
130.125	-64.9687
130.2	-65
130.275	-65
130.35	-65
130.425	-65
130.5	-65.0937
130.575	-65.0313
130.65	-65.0625
130.725	-65.0625
130.8	-65.125
130.875	-64.9375
130.95	-65
131.025	-65.0625
131.1	-65.0625
131.175	-64.9375
131.25	-65.0313
131.325	-65.0937
131.4	-65
131.475	-65
131.55	-65.0937
131.625	-65
131.7	-64.9375
131.775	-65.0313
131.85	-65.0625
131.925	-65.0625
132	-65
132.075	-65.0625
132.15	-65
132.225	-65.0625
132.3	-65.0313
132.375	-65
132.45	-65
132.525	-65.0625
132.6	-65.125
132.675	-64.9687
132.75	-65
132.825	-65.125
132.9	-65.0937
132.975	-64.9687
133.05	-65.0625
133.125	-65.0937
133.2	-65
133.275	-65.0625
133.35	-65.125
133.425	-65
133.5	-64.9375
133.575	-65.0937
133.65	-64.9375
133.725	-65
133.8	-65.0937
133.875	-65
133.95	-65
134.025	-65.0313
134.1	-65
134.175	-65
134.25	-65.125
134.325	-65
134.4	-65.0313
134.475	-65.0313
134.55	-64.9062
134.625	-65
134.7	-65
134.775	-64.9375
134.85	-65.0313
134.925	-65
135	-64.9687
135.075	-65.125
135.15	-65.0313
135.225	-65
135.3	-65.0625
135.375	-65.0625
135.45	-65
135.525	-64.9687
135.6	-65
135.675	-65.1875
135.75	-65
135.825	-65.0313
135.9	-65.0313
135.975	-65
136.05	-65.0937
136.125	-64.9687
136.2	-65
136.275	-65.1563
136.35	-64.9687
136.425	-64.9687
136.5	-65.0313
136.575	-65.0313
136.65	-65.0937
136.725	-64.9687
136.8	-65
136.875	-65.125
136.95	-64.9687
137.025	-64.9687
137.1	-65
137.175	-65.1563
137.25	-65
137.325	-64.9375
137.4	-65.0625
137.475	-65.125
137.55	-65.0625
137.625	-65
137.7	-65.0937
137.775	-65.1563
137.85	-65
137.925	-64.9062
138	-65
138.075	-65.125
138.15	-65
138.225	-64.875
138.3	-65
138.375	-65.125
138.45	-64.9687
138.525	-64.9375
138.6	-65
138.675	-65.125
138.75	-65.1563
138.825	-65
138.9	-65
138.975	-65
139.05	-65
139.125	-64.9687
139.2	-65
139.275	-65.125
139.35	-65.0937
139.425	-65.0937
139.5	-65
139.575	-65
139.65	-65.0625
139.725	-65
139.8	-65.0625
139.875	-65.0625
139.95	-65.0937
140.025	-65
140.1	-65.0313
140.175	-65.125
140.25	-65
140.325	-65
140.4	-65.0937
140.475	-65.1563
140.55	-65.0313
140.625	-65.0625
140.7	-65.125
140.775	-65.1875
140.85	-65.125
140.925	-64.9687
141	-65.125
141.075	-65.0937
141.15	-65
141.225	-65.125
141.3	-65.2187
141.375	-65.0625
141.45	-65
141.525	-65.125
141.6	-65.0625
141.675	-65
141.75	-65.2187
141.825	-65.0625
141.9	-65
141.975	-65.125
142.05	-65.125
142.125	-65
142.2	-65.1875
142.275	-65.0937
142.35	-65.0937
142.425	-65.2187
142.5	-65.0937
142.575	-65.1563
142.65	-65.125
142.725	-65.0937
142.8	-65.0625
142.875	-65.2187
142.95	-65.1563
143.025	-65.1563
143.1	-65.1875
143.175	-65.1875
143.25	-65.1563
143.325	-65.1563
143.4	-65.0625
143.475	-65.1563
143.55	-65.25
143.625	-65.125
143.7	-65.125
143.775	-65.1875
143.85	-65.125
143.925	-65.1563
144	-65
144.075	-65.125
144.15	-65.1875
144.225	-65.0313
144.3	-65.0937
144.375	-65.0625
144.45	-65.2187
144.525	-65.0313
144.6	-65.0625
144.675	-65.2187
144.75	-65.0937
144.825	-65.125
144.9	-65.0313
144.975	-65.0937
145.05	-65.2187
145.125	-65.0625
145.2	-65.0625
145.275	-65.0937
145.35	-65.2187
145.425	-65.1563
145.5	-64.9687
145.575	-65.2187
145.65	-65.125
145.725	-65
145.8	-65.125
145.875	-65.0625
145.95	-65.25
146.025	-65.125
146.1	-65
146.175	-65.2187
146.25	-65.1875
146.325	-64.9375
146.4	-65
146.475	-65.1563
146.55	-65.125
146.625	-65
146.7	-64.9687
146.775	-65.1875
146.85	-65.2187
146.925	-65
147	-65
147.075	-65.0625
147.15	-65.2187
147.225	-65.125
147.3	-65.0937
147.375	-65.1563
147.45	-65.25
147.525	-65.125
147.6	-65.0625
147.675	-65.0937
147.75	-65.125
147.825	-65.0625
147.9	-65.0313
147.975	-65.0937
148.05	-65.1563
148.125	-65.0625
148.2	-65.0937
148.275	-65.125
148.35	-65.125
148.425	-65.125
148.5	-65.0937
148.575	-65.125
148.65	-65.2187
148.725	-65.0937
148.8	-65
148.875	-65.125
148.95	-65.1563
149.025	-65.0937
149.1	-65.0625
149.175	-65.2187
149.25	-65.125
149.325	-65.0937
149.4	-65.0937
149.475	-65.1563
149.55	-65.0625
149.625	-65.0313
149.7	-65.2187
149.775	-65.1563
149.85	-65
149.925	-65.125
150	-65.1875
150.075	-65.0937
150.15	-65.1875
150.225	-65.0625
150.3	-65
150.375	-65.1563
150.45	-65.125
150.525	-65.0313
150.6	-65.125
150.675	-65.125
150.75	-65.0313
150.825	-65.25
150.9	-65.1563
150.975	-65.0313
151.05	-65.2187
151.125	-65.125
151.2	-65.125
151.275	-65.125
151.35	-65
151.425	-65.1875
151.5	-65.2187
151.575	-65.125
151.65	-65.2812
151.725	-65.1563
151.8	-65.0937
151.875	-65.2187
151.95	-65.1563
152.025	-65.125
152.1	-65.1875
152.175	-65.0937
152.25	-65.125
152.325	-65.1875
152.4	-65.125
152.475	-65.125
152.55	-65.1563
152.625	-65.1875
152.7	-65.125
152.775	-65
152.85	-65.25
152.925	-65.125
153	-65.1563
153.075	-65.0313
153.15	-65.25
153.225	-65.1875
153.3	-65.0625
153.375	-65.125
153.45	-65.0937
153.525	-65.2812
153.6	-65.0625
153.675	-65.1563
153.75	-65.1563
153.825	-65.2187
153.9	-65.0937
153.975	-65
154.05	-65.25
154.125	-65.2187
154.2	-65.0937
154.275	-65.125
154.35	-65.1563
154.425	-65.125
154.5	-65.1563
154.575	-65.1875
154.65	-65.2187
154.725	-65.125
154.8	-65.125
154.875	-65.1875
154.95	-65.2812
155.025	-65.1563
155.1	-65.0625
155.175	-65.125
155.25	-65.1875
155.325	-65.2187
155.4	-65.0313
155.475	-65.0625
155.55	-65.2187
155.625	-65.25
155.7	-65.125
155.775	-65.125
155.85	-65.2187
155.925	-65.25
156	-65.125
156.075	-65.0625
156.15	-65.2187
156.225	-65.1875
156.3	-65
156.375	-65.0625
156.45	-65.2187
156.525	-65.2187
156.6	-65.0625
156.675	-65.0937
156.75	-65.2812
156.825	-65.125
156.9	-65.0625
156.975	-65.1875
157.05	-65.25
157.125	-65.125
157.2	-65.0937
157.275	-65.1875
157.35	-65.1875
157.425	-65.0625
157.5	-65.125
157.575	-65.2187
157.65	-65.0937
157.725	-65.125
157.8	-65.1563
157.875	-65.125
157.95	-65.0937
158.025	-65.1563
158.1	-65.125
158.175	-65.0625
158.25	-65.2187
158.325	-65.1563
158.4	-65.125
158.475	-65.1563
158.55	-65.1563
158.625	-65.125
158.7	-65
158.775	-65.1563
158.85	-65.1875
158.925	-65.125
159	-65.1875
159.075	-65.1563
159.15	-65.0937
159.225	-65.2187
159.3	-65.125
159.375	-65.0625
159.45	-65.1563
159.525	-65.0625
159.6	-65.125
159.675	-65.1563
159.75	-65
159.825	-65.2187
159.9	-65.125
159.975	-65.0937
160.05	-65.1875
160.125	-65.2187
160.2	-65.1563
160.275	-65.1563
160.35	-65
160.425	-65.1875
160.5	-65.125
160.575	-65
160.65	-65.1563
160.725	-65.1875
160.8	-65.2187
160.875	-65.1875
160.95	-65.0625
161.025	-65.3125
161.1	-65.2187
161.175	-65.125
161.25	-65.1563
161.325	-65.125
161.4	-65.25
161.475	-65.0625
161.55	-65.1875
161.625	-65.1875
161.7	-65.3125
161.775	-65.1563
161.85	-65.125
161.925	-65.3438
162	-65.2187
162.075	-65.2187
162.15	-65.0937
162.225	-65.3438
162.3	-65.1875
162.375	-65.0937
162.45	-65.2187
162.525	-65.2187
162.6	-65.2812
162.675	-65.1563
162.75	-65.2187
162.825	-65.2187
162.9	-65.3125
162.975	-65.25
163.05	-65.1875
163.125	-65.2812
163.2	-65.125
163.275	-65.2187
163.35	-65.25
163.425	-65.3438
163.5	-65.25
163.575	-65.0625
163.65	-65.2187
163.725	-65.4062
163.8	-65.25
163.875	-65.125
163.95	-65.2187
164.025	-65.4062
164.1	-65.2812
164.175	-65.1875
164.25	-65.25
164.325	-65.3125
164.4	-65.3125
164.475	-65.1563
164.55	-65.2187
164.625	-65.375
164.7	-65.3125
164.775	-65.1563
164.85	-65.25
164.925	-65.3438
165	-65.1563
165.075	-65.125
165.15	-65.25
165.225	-65.2812
165.3	-65.1563
165.375	-65.1875
165.45	-65.4062
165.525	-65.3438
165.6	-65.125
165.675	-65.2812
165.75	-65.25
165.825	-65.2812
165.9	-65.2187
165.975	-65.25
166.05	-65.2812
166.125	-65.25
166.2	-65.3438
166.275	-65.3125
166.35	-65.25
166.425	-65.3438
166.5	-65.2812
166.575	-65.2187
166.65	-65.2187
166.725	-65.3438
166.8	-65.2812
166.875	-65.2187
166.95	-65.3438
167.025	-65.3125
167.1	-65.25
167.175	-65.3125
167.25	-65.2812
167.325	-65.2187
167.4	-65.3125
167.475	-65.3438
167.55	-65.25
167.625	-65.4062
167.7	-65.2812
167.775	-65.1875
167.85	-65.3125
167.925	-65.25
168	-65.3125
168.075	-65.375
168.15	-65.2812
168.225	-65.2812
168.3	-65.3438
168.375	-65.2812
168.45	-65.3125
168.525	-65.25
168.6	-65.3438
168.675	-65.3125
168.75	-65.25
168.825	-65.3125
168.9	-65.2812
168.975	-65.2812
169.05	-65.3438
169.125	-65.25
169.2	-65.375
169.275	-65.3438
169.35	-65.2187
169.425	-65.3438
169.5	-65.375
169.575	-65.4688
169.65	-65.3125
169.725	-65.2187
169.8	-65.4688
169.875	-65.3438
169.95	-65.2812
170.025	-65.375
170.1	-65.4062
170.175	-65.4688
170.25	-65.1875
170.325	-65.3125
170.4	-65.375
170.475	-65.3438
170.55	-65.3438
170.625	-65.2187
170.7	-65.5
170.775	-65.4062
170.85	-65.3125
170.925	-65.3438
171	-65.375
171.075	-65.4375
171.15	-65.3438
171.225	-65.25
171.3	-65.375
171.375	-65.375
171.45	-65.3125
171.525	-65.375
171.6	-65.3125
171.675	-65.375
171.75	-65.3125
171.825	-65.3438
171.9	-65.375
171.975	-65.2812
172.05	-65.3125
172.125	-65.4688
172.2	-65.4375
172.275	-65.2812
172.35	-65.25
172.425	-65.375
172.5	-65.4375
172.575	-65.2812
172.65	-65.25
172.725	-65.4375
172.8	-65.4375
172.875	-65.2812
172.95	-65.2812
173.025	-65.4375
173.1	-65.375
173.175	-65.25
173.25	-65.3125
173.325	-65.375
173.4	-65.4062
173.475	-65.2812
173.55	-65.375
173.625	-65.4062
173.7	-65.375
173.775	-65.3438
173.85	-65.4062
173.925	-65.375
174	-65.3438
174.075	-65.3125
174.15	-65.4375
174.225	-65.375
174.3	-65.3125
174.375	-65.3438
174.45	-65.375
174.525	-65.3125
174.6	-65.4375
174.675	-65.4062
174.75	-65.3125
174.825	-65.4375
174.9	-65.4062
174.975	-65.3125
175.05	-65.3438
175.125	-65.4688
175.2	-65.375
175.275	-65.375
175.35	-65.4688
175.425	-65.4062
175.5	-65.375
175.575	-65.4688
175.65	-65.4375
175.725	-65.375
175.8	-65.5
175.875	-65.4688
175.95	-65.375
176.025	-65.4375
176.1	-65.4688
176.175	-65.4062
176.25	-65.4688
176.325	-65.4062
176.4	-65.375
176.475	-65.5
176.55	-65.4062
176.625	-65.4062
176.7	-65.4062
176.775	-65.3438
176.85	-65.4688
176.925	-65.4375
177	-65.3438
177.075	-65.4688
177.15	-65.4688
177.225	-65.3125
177.3	-65.4375
177.375	-65.4688
177.45	-65.375
177.525	-65.375
177.6	-65.4062
177.675	-65.5625
177.75	-65.5312
177.825	-65.3438
177.9	-65.4062
177.975	-65.4688
178.05	-65.5
178.125	-65.375
178.2	-65.4062
178.275	-65.5
178.35	-65.4062
178.425	-65.4688
178.5	-65.4062
178.575	-65.5312
178.65	-65.4688
178.725	-65.3125
178.8	-65.5312
178.875	-65.4688
178.95	-65.4688
179.025	-65.4062
179.1	-65.4062
179.175	-65.5312
179.25	-65.4375
179.325	-65.4375
179.4	-65.5625
179.475	-65.5625
179.55	-65.4688
179.625	-65.4375
179.7	-65.4688
179.775	-65.5312
179.85	-65.375
179.925	-65.4062
180	-65.5625
180.075	-65.5
180.15	-65.4062
180.225	-65.3438
180.3	-65.5625
180.375	-65.5937
180.45	-65.4375
180.525	-65.3438
180.6	-65.4688
180.675	-65.5937
180.75	-65.5
180.825	-65.4062
180.9	-65.5
180.975	-65.5937
181.05	-65.5
181.125	-65.4062
181.2	-65.4375
181.275	-65.5625
181.35	-65.4688
181.425	-65.375
181.5	-65.4375
181.575	-65.5312
181.65	-65.4688
181.725	-65.4062
181.8	-65.4688
181.875	-65.5
181.95	-65.4375
182.025	-65.4062
182.1	-65.5625
182.175	-65.5312
182.25	-65.4062
182.325	-65.4375
182.4	-65.5937
182.475	-65.5
182.55	-65.375
182.625	-65.4688
182.7	-65.5312
182.775	-65.4688
182.85	-65.4062
182.925	-65.5312
183	-65.5
183.075	-65.4375
183.15	-65.5312
183.225	-65.4688
183.3	-65.4375
183.375	-65.5312
183.45	-65.4375
183.525	-65.4688
183.6	-65.5
183.675	-65.5
183.75	-65.4062
183.825	-65.5312
183.9	-65.5312
183.975	-65.4375
184.05	-65.5625
184.125	-65.5312
184.2	-65.4062
184.275	-65.5625
184.35	-65.5312
184.425	-65.4688
184.5	-65.5625
184.575	-65.5312
184.65	-65.4375
184.725	-65.5312
184.8	-65.4688
184.875	-65.4062
184.95	-65.5937
185.025	-65.4375
185.1	-65.4375
185.175	-65.5312
185.25	-65.4375
185.325	-65.5312
185.4	-65.5625
185.475	-65.5
185.55	-65.6563
185.625	-65.5312
185.7	-65.5312
185.775	-65.5625
185.85	-65.5
185.925	-65.5625
186	-65.4688
186.075	-65.5312
186.15	-65.5625
186.225	-65.4688
186.3	-65.5
186.375	-65.4688
186.45	-65.5625
186.525	-65.5625
186.6	-65.5
186.675	-65.5312
186.75	-65.5625
186.825	-65.5937
186.9	-65.4062
186.975	-65.5312
187.05	-65.625
187.125	-65.5937
187.2	-65.5
187.275	-65.4688
187.35	-65.6563
187.425	-65.4688
187.5	-65.4688
187.575	-65.5937
187.65	-65.5625
187.725	-65.5
187.8	-65.4688
187.875	-65.5312
187.95	-65.5625
188.025	-65.5312
188.1	-65.4688
188.175	-65.5937
188.25	-65.625
188.325	-65.4375
188.4	-65.375
188.475	-65.5312
188.55	-65.5937
188.625	-65.5
188.7	-65.4375
188.775	-65.5312
188.85	-65.625
188.925	-65.5
189	-65.4688
189.075	-65.4688
189.15	-65.625
189.225	-65.5312
189.3	-65.4688
189.375	-65.5
189.45	-65.625
189.525	-65.5937
189.6	-65.4375
189.675	-65.5312
189.75	-65.5937
189.825	-65.5312
189.9	-65.4688
189.975	-65.5312
190.05	-65.5625
190.125	-65.5312
190.2	-65.4375
190.275	-65.5
190.35	-65.5625
190.425	-65.5
190.5	-65.4688
190.575	-65.5625
190.65	-65.5625
190.725	-65.4688
190.8	-65.5
190.875	-65.625
190.95	-65.5
191.025	-65.4688
191.1	-65.5625
191.175	-65.5625
191.25	-65.4688
191.325	-65.5625
191.4	-65.5625
191.475	-65.4688
191.55	-65.5937
191.625	-65.5
191.7	-65.5
191.775	-65.5625
191.85	-65.5937
191.925	-65.4688
192	-65.5625
192.075	-65.5625
192.15	-65.5312
192.225	-65.5937
192.3	-65.5625
192.375	-65.5
192.45	-65.5
192.525	-65.5937
192.6	-65.4688
192.675	-65.5312
192.75	-65.5
192.825	-65.4375
192.9	-65.5
192.975	-65.5937
193.05	-65.4062
193.125	-65.5312
193.2	-65.5625
193.275	-65.4688
193.35	-65.5937
193.425	-65.5625
193.5	-65.5312
193.575	-65.5312
193.65	-65.5312
193.725	-65.5625
193.8	-65.5625
193.875	-65.5312
193.95	-65.5625
194.025	-65.5937
194.1	-65.4688
194.175	-65.5
194.25	-65.4375
194.325	-65.5937
194.4	-65.5
194.475	-65.4062
194.55	-65.5937
194.625	-65.5625
194.7	-65.5312
194.775	-65.4375
194.85	-65.5
194.925	-65.6563
195	-65.4688
195.075	-65.4375
195.15	-65.5
195.225	-65.625
195.3	-65.5625
195.375	-65.5
195.45	-65.625
195.525	-65.625
195.6	-65.5312
195.675	-65.4062
195.75	-65.6563
195.825	-65.5937
195.9	-65.5
195.975	-65.5
196.05	-65.5937
196.125	-65.5937
196.2	-65.5625
196.275	-65.5
196.35	-65.5312
196.425	-65.5937
196.5	-65.5312
196.575	-65.5312
196.65	-65.5937
196.725	-65.5625
196.8	-65.4062
196.875	-65.4062
196.95	-65.5625
197.025	-65.5937
197.1	-65.5312
197.175	-65.4375
197.25	-65.5625
197.325	-65.625
197.4	-65.5
197.475	-65.4688
197.55	-65.5
197.625	-65.5312
197.7	-65.5
197.775	-65.4688
197.85	-65.5625
197.925	-65.5937
198	-65.5312
198.075	-65.4688
198.15	-65.5
198.225	-65.6563
198.3	-65.5312
198.375	-65.4688
198.45	-65.5625
198.525	-65.5937
198.6	-65.5
198.675	-65.5312
198.75	-65.6563
198.825	-65.6563
198.9	-65.5312
198.975	-65.4688
199.05	-65.6563
199.125	-65.5937
199.2	-65.5625
199.275	-65.5312
199.35	-65.625
199.425	-65.5312
199.5	-65.5
199.575	-65.5937
199.65	-65.6563
199.725	-65.5625
199.8	-65.5312
199.875	-65.6563
199.95	-65.5625
200.025	-65.5
200.1	-65.625
200.175	-65.5937
200.25	-65.5937
200.325	-65.5937
200.4	-65.5312
200.475	-65.5
200.55	-65.5625
200.625	-65.5312
200.7	-65.5625
200.775	-65.5937
200.85	-65.5937
200.925	-65.5937
201	-65.625
201.075	-65.5625
201.15	-65.5312
201.225	-65.6563
201.3	-65.5625
201.375	-65.625
201.45	-65.625
201.525	-65.5
201.6	-65.6875
201.675	-65.5625
201.75	-65.5625
201.825	-65.5625
201.9	-65.4688
201.975	-65.625
202.05	-65.5312
202.125	-65.625
202.2	-65.625
202.275	-65.5
202.35	-65.5937
202.425	-65.5312
202.5	-65.625
202.575	-65.5937
202.65	-65.5312
202.725	-65.625
202.8	-65.5937
202.875	-65.5312
202.95	-65.5312
203.025	-65.5937
203.1	-65.6875
203.175	-65.5937
203.25	-65.5312
203.325	-65.6875
203.4	-65.625
203.475	-65.5625
203.55	-65.5
203.625	-65.625
203.7	-65.7187
203.775	-65.4688
203.85	-65.5625
203.925	-65.6563
204	-65.7813
204.075	-65.5
204.15	-65.5312
204.225	-65.6563
204.3	-65.6563
204.375	-65.5625
204.45	-65.5625
204.525	-65.625
204.6	-65.5625
204.675	-65.5
204.75	-65.5625
204.825	-65.6875
204.9	-65.5625
204.975	-65.5625
205.05	-65.5625
205.125	-65.6875
205.2	-65.625
205.275	-65.5312
205.35	-65.5937
205.425	-65.6563
205.5	-65.6875
205.575	-65.5
205.65	-65.625
205.725	-65.6875
205.8	-65.6563
205.875	-65.5312
205.95	-65.5
206.025	-65.7187
206.1	-65.5625
206.175	-65.5
206.25	-65.4375
206.325	-65.7187
206.4	-65.5937
206.475	-65.5312
206.55	-65.5312
206.625	-65.7187
206.7	-65.625
206.775	-65.5625
206.85	-65.625
206.925	-65.7187
207	-65.5937
207.075	-65.5
207.15	-65.6563
207.225	-65.6875
207.3	-65.6563
207.375	-65.5625
207.45	-65.6875
207.525	-65.7187
207.6	-65.5625
207.675	-65.625
207.75	-65.6875
207.825	-65.6563
207.9	-65.5625
207.975	-65.6563
208.05	-65.5937
208.125	-65.5625
208.2	-65.5625
208.275	-65.6563
208.35	-65.5312
208.425	-65.625
208.5	-65.6563
208.575	-65.625
208.65	-65.6563
208.725	-65.625
208.8	-65.5625
208.875	-65.5625
208.95	-65.6875
209.025	-65.4688
209.1	-65.5937
209.175	-65.6563
209.25	-65.5312
209.325	-65.5937
209.4	-65.5937
209.475	-65.5312
209.55	-65.625
209.625	-65.6563
209.7	-65.5937
209.775	-65.6563
209.85	-65.625
209.925	-65.5625
210	-65.5625
210.075	-65.6563
210.15	-65.5
210.225	-65.7187
210.3	-65.6563
210.375	-65.625
210.45	-65.625
210.525	-65.5625
210.6	-65.6875
210.675	-65.6875
210.75	-65.5625
210.825	-65.5937
210.9	-65.5937
210.975	-65.625
211.05	-65.5312
211.125	-65.5937
211.2	-65.6563
211.275	-65.5937
211.35	-65.625
211.425	-65.4375
211.5	-65.6563
211.575	-65.7187
211.65	-65.5312
211.725	-65.5937
211.8	-65.5625
211.875	-65.625
211.95	-65.5625
212.025	-65.4375
212.1	-65.75
212.175	-65.6563
212.25	-65.6563
212.325	-65.625
212.4	-65.7813
212.475	-65.6563
212.55	-65.4688
212.625	-65.6563
212.7	-65.625
212.775	-65.625
212.85	-65.5937
212.925	-65.625
213	-65.6875
213.075	-65.5937
213.15	-65.5312
213.225	-65.6563
213.3	-65.7187
213.375	-65.625
213.45	-65.5312
213.525	-65.5625
213.6	-65.7813
213.675	-65.6875
213.75	-65.5937
213.825	-65.5937
213.9	-65.5937
213.975	-65.6563
214.05	-65.6875
214.125	-65.6563
214.2	-65.7187
214.275	-65.7187
214.35	-65.5625
214.425	-65.6563
214.5	-65.6875
214.575	-65.5
214.65	-65.6563
214.725	-65.625
214.8	-65.625
214.875	-65.6563
214.95	-65.6563
215.025	-65.625
215.1	-65.875
215.175	-66.1563
215.25	-66.25
215.325	-66.25
215.4	-66.4375
215.475	-66.4375
215.55	-66.3437
215.625	-66.4375
215.7	-66.5312
215.775	-66.4375
215.85	-66.5312
215.925	-66.625
216	-66.5938
216.075	-66.625
216.15	-66.6875
216.225	-66.6875
216.3	-66.7187
216.375	-66.75
216.45	-66.6875
216.525	-66.7813
216.6	-66.8437
216.675	-66.8125
216.75	-66.8437
216.825	-66.9063
216.9	-66.9063
216.975	-66.8437
217.05	-66.9375
217.125	-66.9375
217.2	-66.875
217.275	-67
217.35	-66.9687
217.425	-66.9375
217.5	-67
217.575	-67.0625
217.65	-67
217.725	-67.125
217.8	-67.0312
217.875	-67.0312
217.95	-67.125
218.025	-67.0312
218.1	-67.125
218.175	-67.2188
218.25	-67.0938
218.325	-67.1875
218.4	-67.1875
218.475	-67.125
218.55	-67.3125
218.625	-67.125
218.7	-67.2188
218.775	-67.2813
218.85	-67.2188
218.925	-67.3437
219	-67.3437
219.075	-67.4063
219.15	-67.4375
219.225	-67.25
219.3	-67.3437
219.375	-67.4063
219.45	-67.3437
219.525	-67.375
219.6	-67.375
219.675	-67.4687
219.75	-67.5625
219.825	-67.375
219.9	-67.5
219.975	-67.5313
220.05	-67.5625
220.125	-67.5
220.2	-67.5
220.275	-67.5625
220.35	-67.5938
220.425	-67.5313
220.5	-67.4687
220.575	-67.75
220.65	-67.5938
220.725	-67.5938
220.8	-67.5313
220.875	-67.625
220.95	-67.6875
221.025	-67.5313
221.1	-67.5313
221.175	-67.7812
221.25	-67.8125
221.325	-67.6875
221.4	-67.5938
221.475	-67.7812
221.55	-67.875
221.625	-67.7812
221.7	-67.75
221.775	-67.7812
221.85	-67.75
221.925	-67.7188
222	-67.8438
222.075	-67.9687
222.15	-67.8125
222.225	-67.6875
222.3	-67.8125
222.375	-67.9375
222.45	-67.8438
222.525	-67.75
222.6	-67.9063
222.675	-68
222.75	-67.9687
222.825	-67.8125
222.9	-68.0313
222.975	-68.0625
223.05	-67.9687
223.125	-67.9063
223.2	-68.0313
223.275	-68.0625
223.35	-68
223.425	-68
223.5	-68.125
223.575	-68.125
223.65	-67.9687
223.725	-68.0937
223.8	-68.0625
223.875	-68.0625
223.95	-68.125
224.025	-68.1562
224.1	-68.125
224.175	-68.125
224.25	-68.1875
224.325	-68.125
224.4	-68.1562
224.475	-68.25
224.55	-68.25
224.625	-68.0937
224.7	-68.2812
224.775	-68.1875
224.85	-68.125
224.925	-68.3125
225	-68.3438
225.075	-68.1875
225.15	-68.2812
225.225	-68.25
225.3	-68.1875
225.375	-68.25
225.45	-68.2812
225.525	-68.25
225.6	-68.375
225.675	-68.4062
225.75	-68.25
225.825	-68.2812
225.9	-68.3438
225.975	-68.25
226.05	-68.375
226.125	-68.4062
226.2	-68.3438
226.275	-68.4062
226.35	-68.375
226.425	-68.375
226.5	-68.5
226.575	-68.4687
226.65	-68.4375
226.725	-68.5313
226.8	-68.4062
226.875	-68.4375
226.95	-68.4687
227.025	-68.4062
227.1	-68.5
227.175	-68.5
227.25	-68.5
227.325	-68.5
227.4	-68.4062
227.475	-68.5
227.55	-68.5
227.625	-68.5
227.7	-68.5313
227.775	-68.4062
227.85	-68.625
227.925	-68.5625
228	-68.5
228.075	-68.625
228.15	-68.6563
228.225	-68.6875
228.3	-68.5
228.375	-68.6563
228.45	-68.625
228.525	-68.6563
228.6	-68.5
228.675	-68.5313
228.75	-68.75
228.825	-68.5937
228.9	-68.625
228.975	-68.625
229.05	-68.75
229.125	-68.6563
229.2	-68.5313
229.275	-68.6563
229.35	-68.7812
229.425	-68.625
229.5	-68.6563
229.575	-68.75
229.65	-68.6875
229.725	-68.6875
229.8	-68.6875
229.875	-68.7812
229.95	-68.75
230.025	-68.6563
230.1	-68.5625
230.175	-68.75
230.25	-68.9062
230.325	-68.875
230.4	-68.6563
230.475	-68.7187
230.55	-68.875
230.625	-68.875
230.7	-68.7812
230.775	-68.7812
230.85	-68.9062
230.925	-68.9062
231	-68.8125
231.075	-68.8125
231.15	-68.875
231.225	-68.875
231.3	-68.8438
231.375	-68.875
231.45	-68.9062
231.525	-68.9688
231.6	-68.8125
231.675	-68.8125
231.75	-68.9062
231.825	-68.8438
231.9	-68.8125
231.975	-68.9062
232.05	-69.0313
232.125	-68.9375
232.2	-68.75
232.275	-68.9375
232.35	-69
232.425	-68.875
232.5	-69
232.575	-69
232.65	-69
232.725	-68.9375
232.8	-69.0625
232.875	-69
232.95	-68.9688
233.025	-68.9688
233.1	-68.9375
233.175	-68.9688
233.25	-69.0937
233.325	-69
233.4	-68.9375
233.475	-69.0313
233.55	-69.0625
233.625	-69
233.7	-69.0937
233.775	-69.0937
233.85	-69
233.925	-69.0625
234	-69.0625
234.075	-69
234.15	-69.0937
234.225	-69.0937
234.3	-69.0313
234.375	-69.125
234.45	-69.1563
234.525	-69.0937
234.6	-69.125
234.675	-69.125
234.75	-69.0625
234.825	-69.1875
234.9	-69.125
234.975	-69.0937
235.05	-69.2187
235.125	-69.1563
235.2	-69.2187
235.275	-69.125
235.35	-69.1563
235.425	-69.2813
235.5	-69.1875
235.575	-69.1563
235.65	-69.2187
235.725	-69.2187
235.8	-69.25
235.875	-69.2187
235.95	-69.2187
236.025	-69.375
236.1	-69.2187
236.175	-69.1875
236.25	-69.2813
236.325	-69.2813
236.4	-69.375
236.475	-69.2187
236.55	-69.25
236.625	-69.4062
236.7	-69.25
236.775	-69.25
236.85	-69.2187
236.925	-69.3125
237	-69.3125
237.075	-69.1875
237.15	-69.2813
237.225	-69.4062
237.3	-69.3125
237.375	-69.1875
237.45	-69.4062
237.525	-69.375
237.6	-69.4062
237.675	-69.3125
237.75	-69.3438
237.825	-69.4375
237.9	-69.4062
237.975	-69.2813
238.05	-69.3125
238.125	-69.4375
238.2	-69.4062
238.275	-69.375
238.35	-69.4688
238.425	-69.4375
238.5	-69.3125
238.575	-69.375
238.65	-69.5
238.725	-69.5
238.8	-69.2813
238.875	-69.2813
238.95	-69.5
239.025	-69.5312
239.1	-69.2813
239.175	-69.3125
239.25	-69.4688
239.325	-69.5
239.4	-69.3125
239.475	-69.2813
239.55	-69.5
239.625	-69.5625
239.7	-69.4062
239.775	-69.3125
239.85	-69.5312
239.925	-69.4375
240	-69.375
240.075	-69.4688
240.15	-69.5625
240.225	-69.4688
240.3	-69.375
240.375	-69.4688
240.45	-69.5
240.525	-69.4688
240.6	-69.5
240.675	-69.5
240.75	-69.4688
240.825	-69.4375
240.9	-69.5312
240.975	-69.5312
241.05	-69.5
241.125	-69.5
241.2	-69.5
241.275	-69.4688
241.35	-69.5312
241.425	-69.5937
241.5	-69.5312
241.575	-69.4375
241.65	-69.5625
241.725	-69.5312
241.8	-69.4688
241.875	-69.6563
241.95	-69.625
242.025	-69.5625
242.1	-69.5625
242.175	-69.625
242.25	-69.5625
242.325	-69.5625
242.4	-69.625
242.475	-69.5
242.55	-69.5937
242.625	-69.5
242.7	-69.5
242.775	-69.5625
242.85	-69.5625
242.925	-69.5937
243	-69.5937
243.075	-69.5
243.15	-69.5937
243.225	-69.625
243.3	-69.5937
243.375	-69.625
243.45	-69.5937
243.525	-69.5625
243.6	-69.75
243.675	-69.625
243.75	-69.625
243.825	-69.6563
243.9	-69.5937
243.975	-69.6875
244.05	-69.5937
244.125	-69.6563
244.2	-69.7187
244.275	-69.5625
244.35	-69.6563
244.425	-69.7187
244.5	-69.625
244.575	-69.7187
244.65	-69.5937
244.725	-69.6563
244.8	-69.8125
244.875	-69.6563
244.95	-69.625
245.025	-69.6875
245.1	-69.8125
245.175	-69.75
245.25	-69.5625
245.325	-69.7813
245.4	-69.7813
245.475	-69.8125
245.55	-69.5937
245.625	-69.75
245.7	-69.8125
245.775	-69.7187
245.85	-69.6875
245.925	-69.75
246	-69.9688
246.075	-69.75
246.15	-69.625
246.225	-69.8437
246.3	-69.8125
246.375	-69.6875
246.45	-69.6563
246.525	-69.8437
246.6	-69.9062
246.675	-69.7813
246.75	-69.625
246.825	-69.8125
246.9	-69.8125
246.975	-69.7813
247.05	-69.8437
247.125	-69.875
247.2	-69.875
247.275	-69.7187
247.35	-69.7813
247.425	-69.875
247.5	-69.875
247.575	-69.7187
247.65	-69.75
247.725	-69.9062
247.8	-69.8125
247.875	-69.6875
247.95	-69.8437
248.025	-69.875
248.1	-69.875
248.175	-69.75
248.25	-69.9062
248.325	-69.8125
248.4	-69.7813
248.475	-69.7813
248.55	-69.8437
248.625	-69.875
248.7	-69.8125
248.775	-69.9062
248.85	-69.9062
248.925	-69.8437
249	-69.7813
249.075	-69.875
249.15	-69.875
249.225	-69.8125
249.3	-69.875
249.375	-69.875
249.45	-69.8437
249.525	-69.9688
249.6	-69.9062
249.675	-69.875
249.75	-69.875
249.825	-70
249.9	-69.875
249.975	-69.8437
250.05	-69.9688
250.125	-69.8437
250.2	-69.875
250.275	-70
250.35	-70
250.425	-69.8125
250.5	-69.9688
250.575	-69.875
250.65	-69.8437
250.725	-70
250.8	-69.9062
250.875	-69.9688
250.95	-69.9375
251.025	-69.875
251.1	-69.9062
251.175	-69.9688
251.25	-69.8125
251.325	-69.9375
251.4	-70
251.475	-69.9062
251.55	-69.9375
251.625	-69.9062
251.7	-69.9062
251.775	-70.0312
251.85	-69.9375
251.925	-69.9062
252	-70
252.075	-69.9688
252.15	-69.9375
252.225	-69.9375
252.3	-69.9062
252.375	-70
252.45	-69.9375
252.525	-69.9062
252.6	-70
252.675	-69.875
252.75	-70.0312
252.825	-69.875
252.9	-70
252.975	-70.0938
253.05	-69.875
253.125	-69.9375
253.2	-70
253.275	-70.0938
253.35	-69.9375
253.425	-69.9375
253.5	-70.0312
253.575	-70.0312
253.65	-70
253.725	-69.8125
253.8	-70.0625
253.875	-69.9688
253.95	-70
254.025	-69.9375
254.1	-70.0312
254.175	-70.0938
254.25	-69.8125
254.325	-70
254.4	-70.0625
254.475	-69.9688
254.55	-69.9062
254.625	-69.9688
254.7	-70.0938
254.775	-70.0625
254.85	-69.875
254.925	-69.9375
255	-70.125
255.075	-70.0625
255.15	-70
255.225	-70.0312
255.3	-70
255.375	-70.1875
255.45	-70.0312
255.525	-70.0312
255.6	-70.0312
255.675	-70.0312
255.75	-70
255.825	-70
255.9	-70.0625
255.975	-70.0625
256.05	-70.0312
256.125	-70.0625
256.2	-70.125
256.275	-70.0938
256.35	-70.0312
256.425	-70.0625
256.5	-70
256.575	-70.0625
256.65	-70.0625
256.725	-70.0625
256.8	-70.0625
256.875	-70.125
256.95	-70.0625
257.025	-70.0312
257.1	-70.1875
257.175	-70.0312
257.25	-69.9688
257.325	-70.0625
257.4	-70.2187
257.475	-70.0312
257.55	-70
257.625	-70.125
257.7	-70.2187
257.775	-70.0312
257.85	-70.125
257.925	-70.125
258	-70.1562
258.075	-70.0312
258.15	-70.125
258.225	-70.0938
258.3	-70.0938
258.375	-70.1562
258.45	-70.125
258.525	-70.125
258.6	-70.0938
258.675	-70.1562
258.75	-70.0625
258.825	-70.0625
258.9	-70.1875
258.975	-70.0938
259.05	-70.125
259.125	-70.1875
259.2	-70.0312
259.275	-70.1875
259.35	-70.1562
259.425	-70.0312
259.5	-70.1562
259.575	-70.0625
259.65	-70.0938
259.725	-70.25
259.8	-70.1562
259.875	-70.0312
259.95	-70.25
260.025	-70.1562
260.1	-70.0938
260.175	-70.2187
260.25	-70.125
260.325	-70.2187
260.4	-70.1562
260.475	-70.125
260.55	-70.1875
260.625	-70.0938
260.7	-70.0625
260.775	-70.1875
260.85	-70
260.925	-70.125
261	-70.0312
261.075	-70.1562
261.15	-70.2187
261.225	-70
261.3	-70.1875
261.375	-70.0625
261.45	-70.2187
261.525	-70.0625
261.6	-70.0625
261.675	-70.1562
261.75	-70.1562
261.825	-70.125
261.9	-70
261.975	-70.25
262.05	-70.1875
262.125	-70.125
262.2	-70.0625
262.275	-70.2187
262.35	-70.25
262.425	-70.0625
262.5	-70.125
262.575	-70.1875
262.65	-70.25
262.725	-70.125
262.8	-70.0625
262.875	-70.375
262.95	-70.25
263.025	-70.0938
263.1	-70.125
263.175	-70.25
263.25	-70.3437
263.325	-70.125
263.4	-70.1562
263.475	-70.2187
263.55	-70.25
263.625	-70.1562
263.7	-70.1875
263.775	-70.25
263.85	-70.2187
263.925	-70.125
264	-70.2187
264.075	-70.2813
264.15	-70.2187
264.225	-70.0625
264.3	-70.1875
264.375	-70.3125
264.45	-70.2813
264.525	-70.125
264.6	-70.1875
264.675	-70.3125
264.75	-70.2187
264.825	-70.0625
264.9	-70.25
264.975	-70.2187
265.05	-70.1875
265.125	-70.1875
265.2	-70.25
265.275	-70.25
265.35	-70.1562
265.425	-70.2813
265.5	-70.1562
265.575	-70.0625
265.65	-70.2187
265.725	-70.1875
265.8	-70.125
265.875	-70.25
265.95	-70.2187
266.025	-70.1875
266.1	-70.1875
266.175	-70.2813
266.25	-70.2187
266.325	-70.1562
266.4	-70.25
266.475	-70.25
266.55	-70.1562
266.625	-70.2187
266.7	-70.2813
266.775	-70.2187
266.85	-70.1875
266.925	-70.25
267	-70.1562
267.075	-70.2187
267.15	-70.25
267.225	-70.25
267.3	-70.2187
267.375	-70.25
267.45	-70.2813
267.525	-70.1562
267.6	-70.3437
267.675	-70.2187
267.75	-70.1875
267.825	-70.25
267.9	-70.2187
267.975	-70.1875
268.05	-70.25
268.125	-70.25
268.2	-70.2187
268.275	-70.25
268.35	-70.1875
268.425	-70.3125
268.5	-70.125
268.575	-70.2187
268.65	-70.25
268.725	-70.2187
268.8	-70.25
268.875	-70.1875
268.95	-70.25
269.025	-70.25
269.1	-70.0938
269.175	-70.25
269.25	-70.2187
269.325	-70.3125
269.4	-70.2187
269.475	-70.1875
269.55	-70.375
269.625	-70.25
269.7	-70.25
269.775	-70.1562
269.85	-70.3125
269.925	-70.375
270	-70.125
270.075	-70.2813
270.15	-70.2813
270.225	-70.375
270.3	-70.1562
270.375	-70.25
270.45	-70.3437
270.525	-70.2813
270.6	-70.2813
270.675	-70.1875
270.75	-70.375
270.825	-70.3437
270.9	-70.2187
270.975	-70.375
271.05	-70.375
271.125	-70.25
271.2	-70.2813
271.275	-70.25
271.35	-70.2813
271.425	-70.2187
271.5	-70.2187
271.575	-70.375
271.65	-70.4375
271.725	-70.3437
271.8	-70.125
271.875	-70.2187
271.95	-70.4063
272.025	-70.4063
272.1	-70.2813
272.175	-70.25
272.25	-70.2813
272.325	-70.3437
272.4	-70.25
272.475	-70.3437
272.55	-70.3437
272.625	-70.1875
272.7	-70.1875
272.775	-70.3125
272.85	-70.3437
272.925	-70.25
273	-70.3125
273.075	-70.2813
273.15	-70.2813
273.225	-70.3125
273.3	-70.3125
273.375	-70.25
273.45	-70.3125
273.525	-70.4063
273.6	-70.2813
273.675	-70.2187
273.75	-70.3437
273.825	-70.3437
273.9	-70.1875
273.975	-70.2187
274.05	-70.375
274.125	-70.3125
274.2	-70.25
274.275	-70.375
274.35	-70.4063
274.425	-70.2813
274.5	-70.3125
274.575	-70.375
274.65	-70.2813
274.725	-70.3125
274.8	-70.375
274.875	-70.3125
274.95	-70.25
275.025	-70.3437
275.1	-70.25
275.175	-70.375
275.25	-70.4688
275.325	-70.3437
275.4	-70.375
275.475	-70.4375
275.55	-70.3125
275.625	-70.25
275.7	-70.3437
275.775	-70.2813
275.85	-70.3437
275.925	-70.375
276	-70.2813
276.075	-70.3125
276.15	-70.375
276.225	-70.25
276.3	-70.375
276.375	-70.3437
276.45	-70.25
276.525	-70.4688
276.6	-70.3437
276.675	-70.125
276.75	-70.4063
276.825	-70.3437
276.9	-70.3437
276.975	-70.3437
277.05	-70.2813
277.125	-70.375
277.2	-70.4063
277.275	-70.2187
277.35	-70.3125
277.425	-70.4688
277.5	-70.25
277.575	-70.375
277.65	-70.25
277.725	-70.3437
277.8	-70.375
277.875	-70.2187
277.95	-70.3125
278.025	-70.3437
278.1	-70.4688
278.175	-70.25
278.25	-70.25
278.325	-70.4063
278.4	-70.2813
278.475	-70.25
278.55	-70.2813
278.625	-70.4688
278.7	-70.2813
278.775	-70.25
278.85	-70.3125
278.925	-70.2813
279	-70.4063
279.075	-70.1875
279.15	-70.25
279.225	-70.3125
279.3	-70.1875
279.375	-70.2813
279.45	-70.3437
279.525	-70.3437
279.6	-70.4063
279.675	-70.3125
279.75	-70.3437
279.825	-70.375
279.9	-70.3125
279.975	-70.3125
280.05	-70.375
280.125	-70.4375
280.2	-70.1875
280.275	-70.25
280.35	-70.375
280.425	-70.4063
280.5	-70.3125
280.575	-70.1875
280.65	-70.4063
280.725	-70.4375
280.8	-70.2813
280.875	-70.1875
280.95	-70.3437
281.025	-70.4375
281.1	-70.2813
281.175	-70.2187
281.25	-70.4063
281.325	-70.4063
281.4	-70.25
281.475	-70.25
281.55	-70.4063
281.625	-70.3125
281.7	-70.1875
281.775	-70.25
281.85	-70.375
281.925	-70.375
282	-70.25
282.075	-70.4063
282.15	-70.375
282.225	-70.3437
282.3	-70.3125
282.375	-70.3437
282.45	-70.3437
282.525	-70.2813
282.6	-70.3437
282.675	-70.3437
282.75	-70.3125
282.825	-70.3437
282.9	-70.3437
282.975	-70.25
283.05	-70.3125
283.125	-70.4063
283.2	-70.3437
283.275	-70.1875
283.35	-70.3125
283.425	-70.4063
283.5	-70.25
283.575	-70.375
283.65	-70.3437
283.725	-70.2813
283.8	-70.375
283.875	-70.4063
283.95	-70.25
284.025	-70.4063
284.1	-70.4063
284.175	-70.3437
284.25	-70.25
284.325	-70.4063
284.4	-70.3125
284.475	-70.4063
284.55	-70.375
284.625	-70.25
284.7	-70.4063
284.775	-70.4375
284.85	-70.3437
284.925	-70.4375
285	-70.375
285.075	-70.3125
285.15	-70.3437
285.225	-70.25
285.3	-70.375
285.375	-70.3437
285.45	-70.3437
285.525	-70.4063
285.6	-70.3437
285.675	-70.4063
285.75	-70.2813
285.825	-70.2813
285.9	-70.4375
285.975	-70.3437
286.05	-70.25
286.125	-70.3125
286.2	-70.25
286.275	-70.375
286.35	-70.2187
286.425	-70.3125
286.5	-70.4375
286.575	-70.2813
286.65	-70.3125
286.725	-70.25
286.8	-70.5
286.875	-70.2813
286.95	-70.25
287.025	-70.25
287.1	-70.375
287.175	-70.375
287.25	-70.25
287.325	-70.4063
287.4	-70.3437
287.475	-70.4063
287.55	-70.2813
287.625	-70.4063
287.7	-70.4688
287.775	-70.3437
287.85	-70.25
287.925	-70.4063
288	-70.5
288.075	-70.3125
288.15	-70.1875
288.225	-70.3437
288.3	-70.4375
288.375	-70.4063
288.45	-70.3125
288.525	-70.4063
288.6	-70.4063
288.675	-70.2813
288.75	-70.3125
288.825	-70.4375
288.9	-70.5
288.975	-70.25
289.05	-70.25
289.125	-70.5
289.2	-70.4375
289.275	-70.2813
289.35	-70.3437
289.425	-70.4688
289.5	-70.4063
289.575	-70.25
289.65	-70.3437
289.725	-70.4375
289.8	-70.375
289.875	-70.25
289.95	-70.3437
290.025	-70.375
290.1	-70.3437
290.175	-70.3125
290.25	-70.4063
290.325	-70.375
290.4	-70.3437
290.475	-70.3125
290.55	-70.3437
290.625	-70.3125
290.7	-70.4063
290.775	-70.375
290.85	-70.2187
290.925	-70.2813
291	-70.375
291.075	-70.3437
291.15	-70.25
291.225	-70.4063
291.3	-70.3437
291.375	-70.2813
291.45	-70.3125
291.525	-70.4375
291.6	-70.3437
291.675	-70.3125
291.75	-70.375
291.825	-70.4375
291.9	-70.25
291.975	-70.375
292.05	-70.3437
292.125	-70.25
292.2	-70.375
292.275	-70.3437
292.35	-70.2813
292.425	-70.4063
292.5	-70.3125
292.575	-70.4063
292.65	-70.4063
292.725	-70.3125
292.8	-70.375
292.875	-70.4063
292.95	-70.2813
293.025	-70.3125
293.1	-70.4375
293.175	-70.4063
293.25	-70.4063
293.325	-70.375
293.4	-70.2813
293.475	-70.4375
293.55	-70.3125
293.625	-70.25
293.7	-70.4063
293.775	-70.3125
293.85	-70.3437
293.925	-70.2813
294	-70.3125
294.075	-70.4063
294.15	-70.25
294.225	-70.3125
294.3	-70.375
294.375	-70.3437
294.45	-70.4375
294.525	-70.1875
294.6	-70.4063
294.675	-70.375
294.75	-70.3125
294.825	-70.2813
294.9	-70.25
294.975	-70.4375
295.05	-70.25
295.125	-70.4063
295.2	-70.3437
295.275	-70.4063
295.35	-70.375
295.425	-70.25
295.5	-70.4063
295.575	-70.4375
295.65	-70.3437
295.725	-70.1875
295.8	-70.25
295.875	-70.4375
295.95	-70.25
296.025	-70.25
296.1	-70.375
296.175	-70.3125
296.25	-70.375
296.325	-70.375
296.4	-70.25
296.475	-70.375
296.55	-70.3437
296.625	-70.3125
296.7	-70.375
296.775	-70.4063
296.85	-70.25
296.925	-70.3125
297	-70.4375
297.075	-70.4375
297.15	-70.3125
297.225	-70.2813
297.3	-70.4688
297.375	-70.5
297.45	-70.4063
297.525	-70.2187
297.6	-70.375
297.675	-70.5
297.75	-70.3437
297.825	-70.2813
297.9	-70.375
297.975	-70.4688
298.05	-70.4063
298.125	-70.2187
298.2	-70.3437
298.275	-70.4375
298.35	-70.3437
298.425	-70.3125
298.5	-70.3125
298.575	-70.4063
298.65	-70.3125
298.725	-70.2187
298.8	-70.3125
298.875	-70.4063
298.95	-70.2813
299.025	-70.25
299.1	-70.3437
299.175	-70.3125
299.25	-70.1875
299.325	-70.2813
299.4	-70.3437
299.475	-70.25
299.55	-70.2187
299.625	-70.3125
299.7	-70.2813
299.775	-70.125
299.85	-70.25
299.925	-70.25
300	-70.2813
300.075	-70.25
300.15	-70.25
300.225	-70.1875
300.3	-70.3437
300.375	-70.25
300.45	-70.125
300.525	-70.3125
300.6	-70.2187
300.675	-70.1875
300.75	-70.3437
300.825	-70.2187
300.9	-70.2187
300.975	-70.2813
301.05	-70.25
301.125	-70.2187
301.2	-70.3125
301.275	-70.1875
301.35	-70.2187
301.425	-70.1875
301.5	-70.125
301.575	-70.25
301.65	-70.25
301.725	-70.125
301.8	-70.1875
301.875	-70.2187
301.95	-70.1875
302.025	-70.2813
302.1	-70.0938
302.175	-70.3125
302.25	-70.25
302.325	-70.1562
302.4	-70.25
302.475	-70.25
302.55	-70.3437
302.625	-70.2813
302.7	-70.125
302.775	-70.2813
302.85	-70.25
302.925	-70.2813
303	-70.1875
303.075	-70.25
303.15	-70.3125
303.225	-70.1562
303.3	-70.25
303.375	-70.2187
303.45	-70.3125
303.525	-70.1875
303.6	-70.0938
303.675	-70.3125
303.75	-70.2187
303.825	-70.3437
303.9	-70.125
303.975	-70.25
304.05	-70.3125
304.125	-70.1562
304.2	-70.2187
304.275	-70.25
304.35	-70.2813
304.425	-70.125
304.5	-70.0938
304.575	-70.2187
304.65	-70.3125
304.725	-70.25
304.8	-70.2187
304.875	-70.1562
304.95	-70.1562
305.025	-70.0938
305.1	-70.1875
305.175	-70.25
305.25	-70.25
305.325	-70.1562
305.4	-70.125
305.475	-70.25
305.55	-70.25
305.625	-70.125
305.7	-70.0312
305.775	-70.25
305.85	-70.2813
305.925	-70.125
306	-70.0625
306.075	-70.25
306.15	-70.2813
306.225	-70
306.3	-70.125
306.375	-70.1875
306.45	-70.1562
306.525	-70.0312
306.6	-70.125
306.675	-70.125
306.75	-70.125
306.825	-70
306.9	-70.1562
306.975	-70.125
307.05	-70.0625
307.125	-70.1875
307.2	-70.2187
307.275	-70.1562
307.35	-70.125
307.425	-70.125
307.5	-70.125
307.575	-70.125
307.65	-70.1875
307.725	-70.0625
307.8	-70
307.875	-70.125
307.95	-70.0625
308.025	-70
308.1	-70.125
308.175	-70.125
308.25	-70
308.325	-70.1562
308.4	-70.0938
308.475	-70
308.55	-70.0625
308.625	-70.0938
308.7	-69.9688
308.775	-70.0938
308.85	-70.125
308.925	-70.0312
309	-70
309.075	-70.1562
309.15	-70.0312
309.225	-70.0312
309.3	-70.1562
309.375	-70.0625
309.45	-70
309.525	-70.0938
309.6	-70.0312
309.675	-69.9688
309.75	-70.0312
309.825	-70.125
309.9	-70
309.975	-70.0625
310.05	-70.0625
310.125	-70
310.2	-70.0938
310.275	-69.9688
310.35	-70.0625
310.425	-70.0938
310.5	-69.9375
310.575	-70.0312
310.65	-69.9688
310.725	-70.0625
310.8	-70.0938
310.875	-69.9688
310.95	-70.0938
311.025	-70.0625
311.1	-69.9688
311.175	-69.9688
311.25	-69.9375
311.325	-70.125
311.4	-69.9375
311.475	-70
311.55	-70.0938
311.625	-70.0312
311.7	-70
311.775	-69.9062
311.85	-70.0625
311.925	-70.0938
312	-70
312.075	-70.0312
312.15	-70.0312
312.225	-70.0312
312.3	-69.9375
312.375	-70
312.45	-70
312.525	-70.0625
312.6	-70.0312
312.675	-69.9375
312.75	-70.0938
312.825	-70.0625
312.9	-69.9375
312.975	-69.9375
313.05	-70.0938
313.125	-70.0625
313.2	-69.9375
313.275	-69.9062
313.35	-70
313.425	-70.125
313.5	-69.9062
313.575	-69.875
313.65	-69.9688
313.725	-70
313.8	-69.9375
313.875	-70
313.95	-70.0625
314.025	-70.0312
314.1	-69.9688
314.175	-69.9688
314.25	-70.0625
314.325	-70.0312
314.4	-69.9375
314.475	-70.0625
314.55	-70.0625
314.625	-69.9375
314.7	-69.9375
314.775	-69.9688
314.85	-70.0312
314.925	-70
