4200 2
0	-68.6875
0.075	-68.5
0.15	-68.5625
0.225	-68.6875
0.3	-68.625
0.375	-68.625
0.45	-68.6563
0.525	-68.7187
0.6	-68.7187
0.675	-68.625
0.75	-68.5937
0.825	-68.75
0.9	-68.75
0.975	-68.625
1.05	-68.5937
1.125	-68.6875
1.2	-68.75
1.275	-68.6875
1.35	-68.7187
1.425	-68.6875
1.5	-68.6563
1.575	-68.7187
1.65	-68.5937
1.725	-68.75
1.8	-68.6563
1.875	-68.6563
1.95	-68.6563
2.025	-68.6875
2.1	-68.625
2.175	-68.6563
2.25	-68.6875
2.325	-68.7812
2.4	-68.6875
2.475	-68.7812
2.55	-68.6875
2.625	-68.7812
2.7	-68.7187
2.775	-68.8125
2.85	-68.6875
2.925	-68.7187
3	-68.7812
3.075	-68.75
3.15	-68.6875
3.225	-68.7812
3.3	-68.7812
3.375	-68.75
3.45	-68.7187
3.525	-68.8438
3.6	-68.7812
3.675	-68.6875
3.75	-68.8438
3.825	-68.9062
3.9	-68.7187
3.975	-68.75
4.05	-68.9062
4.125	-68.8125
4.2	-68.7187
4.275	-68.875
4.35	-68.8438
4.425	-68.7812
4.5	-68.7812
4.575	-68.8125
4.65	-68.7812
4.725	-68.75
4.8	-68.875
4.875	-68.8438
4.95	-68.9375
5.025	-68.8438
5.1	-68.7812
5.175	-68.9062
5.25	-68.9062
5.325	-68.75
5.4	-68.9375
5.475	-68.9688
5.55	-68.8125
5.625	-68.875
5.7	-68.875
5.775	-68.9062
5.85	-68.9062
5.925	-68.8438
6	-68.9062
6.075	-68.9062
6.15	-68.75
6.225	-68.9062
6.3	-68.9375
6.375	-68.9062
6.45	-68.9375
6.525	-68.75
6.6	-68.9688
6.675	-68.9062
6.75	-68.9062
6.825	-68.9062
6.9	-68.8438
6.975	-69.0313
7.05	-68.875
7.125	-68.7812
7.2	-69
7.275	-68.9688
7.35	-68.9062
7.425	-68.9062
7.5	-68.875
7.575	-69.0937
7.65	-68.875
7.725	-68.9062
7.8	-68.9375
7.875	-68.9688
7.95	-68.9062
8.025	-68.8438
8.1	-69.0313
8.175	-68.9062
8.25	-68.9688
8.325	-68.9688
8.4	-68.9375
8.475	-69
8.55	-68.9375
8.625	-68.9062
8.7	-68.9688
8.775	-69.0937
8.85	-68.9062
8.925	-68.875
9	-69.0313
9.075	-68.9688
9.15	-68.9688
9.225	-69
9.3	-69
9.375	-68.9688
9.45	-68.875
9.525	-68.9375
9.6	-69.0625
9.675	-69.0313
9.75	-68.875
9.825	-69
9.9	-69.25
9.975	-69.0313
10.05	-68.875
10.125	-69.0937
10.2	-69.0937
10.275	-69
10.35	-68.9062
10.425	-69.0313
10.5	-69.1563
10.575	-68.9688
10.65	-68.9688
10.725	-69
10.8	-69.0937
10.875	-69
10.95	-68.9375
11.025	-69.0625
11.1	-69.0313
11.175	-69
11.25	-69
11.325	-69.0625
11.4	-69
11.475	-69
11.55	-69.0625
11.625	-68.9688
11.7	-69
11.775	-69.1563
11.85	-69
11.925	-69
12	-69.1563
12.075	-69.0625
12.15	-68.9688
12.225	-69.0313
12.3	-69.125
12.375	-69
12.45	-69.125
12.525	-69.125
12.6	-69.0313
12.675	-69.0937
12.75	-69.125
12.825	-69.0937
12.9	-69.0625
12.975	-69.1563
13.05	-69.0625
13.125	-69.0625
13.2	-69.1875
13.275	-69.0937
13.35	-69.0937
13.425	-69.0625
13.5	-69
13.575	-69.0937
13.65	-69.1563
13.725	-69.125
13.8	-69.1563
13.875	-69.2813
13.95	-69.0625
14.025	-69.1563
14.1	-69.0937
14.175	-69.0625
14.25	-69.1875
14.325	-69.125
14.4	-69.0625
14.475	-69.25
14.55	-69.1875
14.625	-69.2187
14.7	-69.1563
14.775	-69.125
14.85	-69.2813
14.925	-69.125
15	-68.75
15.075	-68.3125
15.15	-67.9375
15.225	-67.9687
15.3	-67.7188
15.375	-67.9063
15.45	-67.7812
15.525	-67.6562
15.6	-67.5938
15.675	-67.5938
15.75	-67.625
15.825	-67.4687
15.9	-67.3125
15.975	-67.5313
16.05	-67.375
16.125	-67.25
16.2	-67.2188
16.275	-67.1875
16.35	-67.2813
16.425	-67.125
16.5	-67.1875
16.575	-67.1875
16.65	-67.0625
16.725	-67.0312
16.8	-66.9375
16.875	-67.0938
16.95	-67.0312
17.025	-66.8125
17.1	-66.8125
17.175	-66.9375
17.25	-66.9063
17.325	-66.75
17.4	-66.7187
17.475	-66.75
17.55	-66.7187
17.625	-66.6562
17.7	-66.7187
17.775	-66.75
17.85	-66.5938
17.925	-66.5
18	-66.5625
18.075	-66.6875
18.15	-66.5312
18.225	-66.3437
18.3	-66.5
18.375	-66.5938
18.45	-66.4688
18.525	-66.3125
18.6	-66.375
18.675	-66.4688
18.75	-66.25
18.825	-66.125
18.9	-66.3125
18.975	-66.3125
19.05	-66.1563
19.125	-66.1875
19.2	-66.2813
19.275	-66.25
19.35	-66.0938
19.425	-66.125
19.5	-66.125
19.575	-66.0938
19.65	-66.0312
19.725	-66.125
19.8	-66
19.875	-66
19.95	-66
20.025	-66
20.1	-65.875
20.175	-65.9688
20.25	-65.9375
20.325	-65.9062
20.4	-65.875
20.475	-65.9062
20.55	-65.8125
20.625	-65.7187
20.7	-65.8438
20.775	-65.8125
20.85	-65.7187
20.925	-65.7813
21	-65.7813
21.075	-65.7187
21.15	-65.6563
21.225	-65.7187
21.3	-65.625
21.375	-65.5312
21.45	-65.5625
21.525	-65.5625
21.6	-65.4688
21.675	-65.5312
21.75	-65.5625
21.825	-65.5
21.9	-65.5625
21.975	-65.5312
22.05	-65.4375
22.125	-65.4688
22.2	-65.4375
22.275	-65.4062
22.35	-65.4062
22.425	-65.3125
22.5	-65.25
22.575	-65.375
22.65	-65.3125
22.725	-65.4062
22.8	-65.2187
22.875	-65.2187
22.95	-65.2812
23.025	-65.25
23.1	-65.2187
23.175	-65.2187
23.25	-65.1563
23.325	-65.2812
23.4	-65.0937
23.475	-65.0313
23.55	-65.2187
23.625	-65.125
23.7	-65.125
23.775	-65.0937
23.85	-65
23.925	-65.125
24	-64.9687
24.075	-65.0313
24.15	-65
24.225	-65
24.3	-64.9687
24.375	-64.8125
24.45	-65.0937
24.525	-65
24.6	-64.9062
24.675	-64.9062
24.75	-65
24.825	-64.9687
24.9	-64.75
24.975	-64.875
25.05	-64.875
25.125	-64.9375
25.2	-64.7812
25.275	-64.7188
25.35	-64.8438
25.425	-64.8125
25.5	-64.75
25.575	-64.7188
25.65	-64.8125
25.725	-64.6875
25.8	-64.6563
25.875	-64.6875
25.95	-64.7812
26.025	-64.625
26.1	-64.5
26.175	-64.5625
26.25	-64.75
26.325	-64.6563
26.4	-64.4375
26.475	-64.5625
26.55	-64.75
26.625	-64.5937
26.7	-64.4063
26.775	-64.4687
26.85	-64.6875
26.925	-64.5313
27	-64.4063
27.075	-64.4375
27.15	-64.5937
27.225	-64.4375
27.3	-64.4063
27.375	-64.4687
27.45	-64.5937
27.525	-64.4063
27.6	-64.3438
27.675	-64.3125
27.75	-64.4375
27.825	-64.3125
27.9	-64.2188
27.975	-64.3125
28.05	-64.3438
28.125	-64.2812
28.2	-64.1875
28.275	-64.3125
28.35	-64.25
28.425	-64.1875
28.5	-64.3125
28.575	-64.2812
28.65	-64.2188
28.725	-64.25
28.8	-64.25
28.875	-64.125
28.95	-64.2188
29.025	-64.1875
29.1	-64
29.175	-64.0625
29.25	-64.1562
29.325	-64
29.4	-64
29.475	-64.0625
29.55	-64
29.625	-64.0625
29.7	-64.0625
29.775	-64
29.85	-64.0938
29.925	-64
30	-63.9375
30.075	-64
30.15	-64
30.225	-63.9687
30.3	-63.9687
30.375	-63.875
30.45	-63.9375
30.525	-64
30.6	-63.9063
30.675	-63.9687
30.75	-63.9375
30.825	-63.9063
30.9	-63.9687
30.975	-63.875
31.05	-63.8125
31.125	-63.9375
31.2	-63.875
31.275	-63.7812
31.35	-63.9063
31.425	-63.8437
31.5	-63.7188
31.575	-63.8125
31.65	-63.7812
31.725	-63.8125
31.8	-63.8125
31.875	-63.625
31.95	-63.7812
32.025	-63.8125
32.1	-63.7188
32.175	-63.7812
32.25	-63.5625
32.325	-63.8125
32.4	-63.8125
32.475	-63.5625
32.55	-63.6875
32.625	-63.625
32.7	-63.7188
32.775	-63.5625
32.85	-63.625
32.925	-63.6875
33	-63.625
33.075	-63.5938
33.15	-63.5312
33.225	-63.6875
33.3	-63.5625
33.375	-63.4687
33.45	-63.6562
33.525	-63.6562
33.6	-63.5312
33.675	-63.5
33.75	-63.5625
33.825	-63.6562
33.9	-63.5
33.975	-63.375
34.05	-63.4687
34.125	-63.5938
34.2	-63.5312
34.275	-63.4375
34.35	-63.4375
34.425	-63.5
34.5	-63.4375
34.575	-63.4063
34.65	-63.5
34.725	-63.4687
34.8	-63.3437
34.875	-63.375
34.95	-63.5
35.025	-63.5
35.1	-63.2813
35.175	-63.2813
35.25	-63.3437
35.325	-63.4063
35.4	-63.2813
35.475	-63.3125
35.55	-63.4063
35.625	-63.4063
35.7	-63.25
35.775	-63.1875
35.85	-63.3437
35.925	-63.3437
36	-63.25
36.075	-63.2188
36.15	-63.2813
36.225	-63.2188
36.3	-63.125
36.375	-63.2188
36.45	-63.2813
36.525	-63.2813
36.6	-63.1875
36.675	-63.2188
36.75	-63.25
36.825	-63.1875
36.9	-63.1562
36.975	-63.1875
37.05	-63.1562
37.125	-63.0938
37.2	-63.0938
37.275	-63.1875
37.35	-63.125
37.425	-63.125
37.5	-63.125
37.575	-63.0625
37.65	-63.125
37.725	-63.125
37.8	-63.0312
37.875	-63.0625
37.95	-63.125
38.025	-63.0312
38.1	-63.0938
38.175	-63.125
38.25	-62.9375
38.325	-63.0625
38.4	-63.0312
38.475	-62.9688
38.55	-63.0312
38.625	-63.0312
38.7	-62.9688
38.775	-63.0312
38.85	-63.0312
38.925	-63.0312
39	-63
39.075	-63
39.15	-62.875
39.225	-63.0312
39.3	-63.0312
39.375	-62.9688
39.45	-62.9688
39.525	-62.9688
39.6	-62.8437
39.675	-62.9688
39.75	-62.8437
39.825	-62.8125
39.9	-63.0312
39.975	-62.9375
40.05	-62.7813
40.125	-62.9375
40.2	-62.8437
40.275	-62.9063
40.35	-62.7813
40.425	-62.8125
40.5	-62.9375
40.575	-62.7813
40.65	-62.7813
40.725	-62.8125
40.8	-62.875
40.875	-62.8125
40.95	-62.6563
41.025	-62.8125
41.1	-62.75
41.175	-62.8437
41.25	-62.6563
41.325	-62.75
41.4	-62.875
41.475	-62.6875
41.55	-62.6563
41.625	-62.6875
41.7	-62.8125
41.775	-62.7187
41.85	-62.5312
41.925	-62.7187
42	-62.7813
42.075	-62.6875
42.15	-62.5625
42.225	-62.6563
42.3	-62.8125
42.375	-62.6875
42.45	-62.5625
42.525	-62.6563
42.6	-62.625
42.675	-62.6563
42.75	-62.5
42.825	-62.75
42.9	-62.75
42.975	-62.5625
43.05	-62.5312
43.125	-62.6875
43.2	-62.6563
43.275	-62.5
43.35	-62.5
43.425	-62.5938
43.5	-62.6563
43.575	-62.5312
43.65	-62.5625
43.725	-62.6563
43.8	-62.625
43.875	-62.4375
43.95	-62.4062
44.025	-62.5938
44.1	-62.5938
44.175	-62.5
44.25	-62.4062
44.325	-62.5312
44.4	-62.5625
44.475	-62.4375
44.55	-62.4687
44.625	-62.5
44.7	-62.5312
44.775	-62.4375
44.85	-62.4687
44.925	-62.5938
45	-62.4687
45.075	-62.375
45.15	-62.4687
45.225	-62.5
45.3	-62.4375
45.375	-62.4062
45.45	-62.4375
45.525	-62.4687
45.6	-62.3125
45.675	-62.4062
45.75	-62.375
45.825	-62.3125
45.9	-62.4062
45.975	-62.375
46.05	-62.3125
46.125	-62.4062
46.2	-62.375
46.275	-62.3438
46.35	-62.4062
46.425	-62.3438
46.5	-62.25
46.575	-62.3438
46.65	-62.3438
46.725	-62.25
46.8	-62.3438
46.875	-62.4062
46.95	-62.2813
47.025	-62.25
47.1	-62.375
47.175	-62.25
47.25	-62.25
47.325	-62.25
47.4	-62.1562
47.475	-62.3438
47.55	-62.125
47.625	-62.1562
47.7	-62.3438
47.775	-62.3125
47.85	-62.25
47.925	-62.25
48	-62.25
48.075	-62.2813
48.15	-62.2813
48.225	-62.125
48.3	-62.25
48.375	-62.2188
48.45	-62.125
48.525	-62.2188
48.6	-62.1562
48.675	-62.2813
48.75	-62.2188
48.825	-62.0313
48.9	-62.2188
48.975	-62.2188
49.05	-62.125
49.125	-62.125
49.2	-62.1562
49.275	-62.1875
49.35	-62.125
49.425	-62.0937
49.5	-62.2188
49.575	-62.125
49.65	-62.125
49.725	-62.0625
49.8	-62.1562
49.875	-62.2188
49.95	-62.0625
50.025	-62.0937
50.1	-62.0313
50.175	-62.0313
50.25	-62.0625
50.325	-61.9688
50.4	-62.0313
50.475	-62
50.55	-61.9375
50.625	-61.9062
50.7	-62.0313
50.775	-62
50.85	-61.8437
50.925	-61.7812
51	-61.9688
51.075	-62.0313
51.15	-61.875
51.225	-61.7812
51.3	-61.9062
51.375	-61.9062
51.45	-61.875
51.525	-61.8125
51.6	-61.9375
51.675	-61.8437
51.75	-61.8125
51.825	-61.8437
51.9	-61.8437
51.975	-61.7812
52.05	-61.7812
52.125	-61.75
52.2	-61.8125
52.275	-61.7188
52.35	-61.7812
52.425	-61.7812
52.5	-61.7812
52.575	-61.7188
52.65	-61.7812
52.725	-61.7812
52.8	-61.8125
52.875	-61.6875
52.95	-61.6875
53.025	-61.7812
53.1	-61.75
53.175	-61.8437
53.25	-61.7812
53.325	-61.7812
53.4	-61.6875
53.475	-61.7188
53.55	-61.6875
53.625	-61.625
53.7	-61.6875
53.775	-61.75
53.85	-61.625
53.925	-61.7812
54	-61.7812
54.075	-61.6563
54.15	-61.6875
54.225	-61.7812
54.3	-61.6563
54.375	-61.7188
54.45	-61.7812
54.525	-61.6875
54.6	-61.6563
54.675	-61.7188
54.75	-61.6875
54.825	-61.5625
54.9	-61.7188
54.975	-61.6563
55.05	-61.625
55.125	-61.5937
55.2	-61.6563
55.275	-61.5
55.35	-61.6563
55.425	-61.6563
55.5	-61.5937
55.575	-61.6875
55.65	-61.625
55.725	-61.625
55.8	-61.5937
55.875	-61.5937
55.95	-61.5937
56.025	-61.5937
56.1	-61.5312
56.175	-61.625
56.25	-61.6875
56.325	-61.5625
56.4	-61.5625
56.475	-61.625
56.55	-61.5937
56.625	-61.6563
56.7	-61.5312
56.775	-61.5625
56.85	-61.6563
56.925	-61.5312
57	-61.5312
57.075	-61.5
57.15	-61.6563
57.225	-61.5937
57.3	-61.4375
57.375	-61.6563
57.45	-61.6563
57.525	-61.5625
57.6	-61.4688
57.675	-61.4688
57.75	-61.625
57.825	-61.5
57.9	-61.4688
57.975	-61.5625
58.05	-61.5625
58.125	-61.5312
58.2	-61.4063
58.275	-61.6563
58.35	-61.5312
58.425	-61.375
58.5	-61.5
58.575	-61.5937
58.65	-61.5
58.725	-61.5
58.8	-61.4375
58.875	-61.5625
58.95	-61.5
59.025	-61.3438
59.1	-61.4063
59.175	-61.5
59.25	-61.5312
59.325	-61.375
59.4	-61.3125
59.475	-61.4375
59.55	-61.5937
59.625	-61.4688
59.7	-61.4375
59.775	-61.4375
59.85	-61.5
59.925	-61.4688
60	-61.4063
60.075	-61.4063
60.15	-61.375
60.225	-61.4375
60.3	-61.4375
60.375	-61.4063
60.45	-61.375
60.525	-61.4688
60.6	-61.4063
60.675	-61.375
60.75	-61.375
60.825	-61.4688
60.9	-61.375
60.975	-61.375
61.05	-61.3438
61.125	-61.3125
61.2	-61.3125
61.275	-61.4063
61.35	-61.4688
61.425	-61.4063
61.5	-61.2812
61.575	-61.4063
61.65	-61.4375
61.725	-61.4063
61.8	-61.3438
61.875	-61.375
61.95	-61.375
62.025	-61.25
62.1	-61.3125
62.175	-61.3438
62.25	-61.25
62.325	-61.1875
62.4	-61.3438
62.475	-61.3438
62.55	-61.2187
62.625	-61.2812
62.7	-61.25
62.775	-61.125
62.85	-61.2187
62.925	-61.3125
63	-61.25
63.075	-61.25
63.15	-61.3125
63.225	-61.1563
63.3	-61.25
63.375	-61.2187
63.45	-61.2187
63.525	-61.25
63.6	-61.2187
63.675	-61.0312
63.75	-61.1875
63.825	-61.1875
63.9	-61.0938
63.975	-61.2187
64.05	-61.25
64.125	-61.2187
64.2	-61.25
64.275	-61.1563
64.35	-61.1563
64.425	-61.3125
64.5	-61.1563
64.575	-61.1563
64.65	-61.2187
64.725	-61.1875
64.8	-61.125
64.875	-61.1875
64.95	-61.1875
65.025	-61.3125
65.1	-61.1563
65.175	-61.125
65.25	-61.1875
65.325	-61.2187
65.4	-61.2812
65.475	-61.0938
65.55	-61.2187
65.625	-61.1875
65.7	-61.0938
65.775	-61.1563
65.85	-61.125
65.925	-61.1875
66	-61.0625
66.075	-61
66.15	-61.1563
66.225	-61.0625
66.3	-61.1563
66.375	-61.0312
66.45	-61.2812
66.525	-61.1875
66.6	-61
66.675	-61.1563
66.75	-61.125
66.825	-61.1875
66.9	-61.2187
66.975	-61.125
67.05	-61.0625
67.125	-61.1563
67.2	-61.125
67.275	-61.0625
67.35	-61.125
67.425	-61.0625
67.5	-61.0938
67.575	-61.0938
67.65	-61.1563
67.725	-61.125
67.8	-60.9687
67.875	-61
67.95	-61.2187
68.025	-61.2187
68.1	-61.0938
68.175	-61
68.25	-61.0938
68.325	-61.1563
68.4	-61.0625
68.475	-61.0625
68.55	-61.125
68.625	-61.0938
68.7	-61.0938
68.775	-61
68.85	-61.0938
68.925	-61.0938
69	-61.0938
69.075	-61.0938
69.15	-61.0625
69.225	-61.125
69.3	-61.0625
69.375	-61.0938
69.45	-61.0938
69.525	-61.125
69.6	-61.0625
69.675	-61.0625
69.75	-61.0938
69.825	-61.0625
69.9	-60.9687
69.975	-61
70.05	-61.1563
70.125	-61.0938
70.2	-61
70.275	-61.1563
70.35	-61.0938
70.425	-61
70.5	-61.125
70.575	-61.1875
70.65	-61.0938
70.725	-61.0312
70.8	-61.1563
70.875	-61
70.95	-61
71.025	-61.1563
71.1	-61.0938
71.175	-60.9687
71.25	-61.0625
71.325	-61.0938
71.4	-61
71.475	-61.0938
71.55	-61.0938
71.625	-61
71.7	-61.1563
71.775	-61.0938
71.85	-61.0312
71.925	-61.0625
72	-61.0625
72.075	-61
72.15	-61
72.225	-61.0938
72.3	-60.9375
72.375	-61.125
72.45	-61
72.525	-61.0312
72.6	-61.125
72.675	-61
72.75	-61.0625
72.825	-61.0312
72.9	-61.0625
72.975	-61.0938
73.05	-60.9375
73.125	-61.0938
73.2	-61.125
73.275	-61
73.35	-61.0938
73.425	-61.0938
73.5	-61.125
73.575	-61
73.65	-60.9375
73.725	-61.125
73.8	-61.0625
73.875	-61
73.95	-61
74.025	-61
74.1	-61.125
74.175	-60.9687
74.25	-61
74.325	-61
74.4	-61.1563
74.475	-61.0312
74.55	-60.9687
74.625	-61.0312
74.7	-60.9687
74.775	-61
74.85	-60.9375
74.925	-61.0312
75	-61.0625
75.075	-60.875
75.15	-60.9375
75.225	-61.0938
75.3	-61.0938
75.375	-60.9063
75.45	-60.875
75.525	-61
75.6	-61.0312
75.675	-60.9375
75.75	-60.9687
75.825	-61.0625
75.9	-60.9375
75.975	-60.9375
76.05	-61.0625
76.125	-61.0938
76.2	-60.9375
76.275	-60.875
76.35	-61
76.425	-61.125
76.5	-60.9687
76.575	-60.8125
76.65	-61
76.725	-61.1563
76.8	-60.9375
76.875	-60.875
76.95	-61.0312
77.025	-61.0625
77.1	-60.9687
77.175	-60.9063
77.25	-61.0625
77.325	-61.0625
77.4	-60.9687
77.475	-60.9375
77.55	-61.0312
77.625	-61.0938
77.7	-60.9375
77.775	-60.9687
77.85	-61.0312
77.925	-61.0625
78	-60.9375
78.075	-60.9375
78.15	-61
78.225	-60.9687
78.3	-60.9375
78.375	-60.9687
78.45	-61.0625
78.525	-60.9687
78.6	-61
78.675	-61.0312
78.75	-60.9375
78.825	-60.9375
78.9	-61.0312
78.975	-61
79.05	-60.875
79.125	-61.0312
79.2	-60.9375
79.275	-60.9375
79.35	-61
79.425	-61
79.5	-60.9063
79.575	-60.9375
79.65	-60.9687
79.725	-60.9063
79.8	-61
79.875	-60.9375
79.95	-60.9063
80.025	-60.9687
80.1	-61
80.175	-60.9063
80.25	-61.0312
80.325	-61
80.4	-60.9063
80.475	-60.9375
80.55	-61
80.625	-60.9063
80.7	-61
80.775	-60.9687
80.85	-60.875
80.925	-60.9687
81	-60.9687
81.075	-60.9687
81.15	-61.0312
81.225	-60.875
81.3	-60.9375
81.375	-61.0312
81.45	-60.9375
81.525	-60.9687
81.6	-61.0312
81.675	-60.9375
81.75	-61
81.825	-60.9063
81.9	-60.9375
81.975	-61.0312
82.05	-60.8125
82.125	-60.875
82.2	-61
82.275	-60.9687
82.35	-60.9687
82.425	-60.9063
82.5	-61.0625
82.575	-60.9687
82.65	-60.9375
82.725	-60.9375
82.8	-60.9687
82.875	-61
82.95	-60.9063
83.025	-60.9375
83.1	-60.9687
83.175	-61
83.25	-60.9063
83.325	-60.8438
83.4	-61.1563
83.475	-61.0312
83.55	-60.8125
83.625	-60.9687
83.7	-61.0625
83.775	-61
83.85	-60.9063
83.925	-60.8438
84	-61
84.075	-61.0312
84.15	-60.9687
84.225	-61
84.3	-61.0312
84.375	-60.9375
84.45	-60.875
84.525	-61
84.6	-61.0625
84.675	-60.9375
84.75	-60.875
84.825	-60.9687
84.9	-61
84.975	-60.875
85.05	-60.875
85.125	-61
85.2	-60.9687
85.275	-60.8125
85.35	-61
85.425	-61.0625
85.5	-61
85.575	-60.9063
85.65	-60.9375
85.725	-61.0312
85.8	-60.9687
85.875	-60.9687
85.95	-61
86.025	-61
86.1	-61.0312
86.175	-60.9687
86.25	-60.9687
86.325	-61
86.4	-60.9063
86.475	-60.9063
86.55	-61
86.625	-61
86.7	-61
86.775	-61
86.85	-61
86.925	-61
87	-60.9687
87.075	-61
87.15	-60.9375
87.225	-61
87.3	-61.0625
87.375	-60.9687
87.45	-60.9687
87.525	-61.0312
87.6	-61
87.675	-60.875
87.75	-61
87.825	-61
87.9	-60.875
87.975	-60.9375
88.05	-61
88.125	-60.9375
88.2	-61
88.275	-61.0312
88.35	-60.9375
88.425	-61
88.5	-60.875
88.575	-60.9375
88.65	-61
88.725	-61
88.8	-60.9687
88.875	-61
88.95	-60.9375
89.025	-60.9687
89.1	-61
89.175	-60.9687
89.25	-61.0625
89.325	-60.9687
89.4	-60.9063
89.475	-61.0312
89.55	-60.9687
89.625	-60.9063
89.7	-61.0312
89.775	-61.0312
89.85	-60.9375
89.925	-61.0312
90	-61
90.075	-60.9687
90.15	-61
90.225	-60.8438
90.3	-60.9063
90.375	-61.0938
90.45	-60.9375
90.525	-60.9063
90.6	-60.9687
90.675	-61.0312
90.75	-61.125
90.825	-60.8438
90.9	-60.9687
90.975	-60.9375
91.05	-60.9375
91.125	-60.9375
91.2	-60.875
91.275	-61.0938
91.35	-60.9687
91.425	-60.9687
91.5	-60.9063
91.575	-61
91.65	-61.0625
91.725	-60.875
91.8	-60.9375
91.875	-61.0938
91.95	-60.9687
92.025	-60.9063
92.1	-60.9687
92.175	-61.0625
92.25	-60.9687
92.325	-60.875
92.4	-60.9063
92.475	-61.0938
92.55	-61.0312
92.625	-60.9687
92.7	-60.9687
92.775	-61
92.85	-60.9063
92.925	-60.8125
93	-60.9687
93.075	-61.0625
93.15	-60.9375
93.225	-60.8438
93.3	-61
93.375	-61.0938
93.45	-60.9375
93.525	-60.9063
93.6	-61
93.675	-61.0938
93.75	-60.9375
93.825	-60.9375
93.9	-61.0312
93.975	-61
94.05	-60.9063
94.125	-60.9063
94.2	-61
94.275	-61
94.35	-60.9063
94.425	-61.0312
94.5	-61.0312
94.575	-60.9687
94.65	-60.8438
94.725	-60.8438
94.8	-61
94.875	-60.9375
94.95	-60.8438
95.025	-60.9375
95.1	-60.9687
95.175	-60.9063
95.25	-60.9063
95.325	-60.9687
95.4	-60.9687
95.475	-60.875
95.55	-60.9375
95.625	-61
95.7	-60.9375
95.775	-61
95.85	-60.9687
95.925	-60.875
96	-61.0312
96.075	-60.9063
96.15	-60.9063
96.225	-60.9375
96.3	-60.9687
96.375	-60.9375
96.45	-61
96.525	-61
96.6	-60.875
96.675	-60.9687
96.75	-61.0312
96.825	-60.9063
96.9	-61
96.975	-61
97.05	-60.9063
97.125	-61
97.2	-61
97.275	-60.875
97.35	-61.0312
97.425	-60.9375
97.5	-60.9375
97.575	-60.9687
97.65	-60.9687
97.725	-61
97.8	-60.9375
97.875	-60.9063
97.95	-61
98.025	-60.9687
98.1	-60.9063
98.175	-61
98.25	-60.9687
98.325	-61
98.4	-60.9375
98.475	-60.8125
98.55	-61.0625
98.625	-60.9063
98.7	-60.9063
98.775	-60.9687
98.85	-60.9687
98.925	-61
99	-60.875
99.075	-61
99.15	-61.0312
99.225	-60.9063
99.3	-60.9063
99.375	-60.875
99.45	-61
99.525	-60.9687
99.6	-60.875
99.675	-61
99.75	-60.9375
99.825	-61.0312
99.9	-60.9063
99.975	-60.9687
100.05	-61.0938
100.125	-60.9063
100.2	-60.8438
100.275	-61
100.35	-61.0625
100.425	-60.875
100.5	-60.8125
100.575	-61
100.65	-61.0625
100.725	-60.9687
100.8	-60.7813
100.875	-60.9063
100.95	-61.0312
101.025	-61
101.1	-61.0312
101.175	-60.9687
101.25	-61
101.325	-60.8438
101.4	-60.9063
101.475	-61.0312
101.55	-61.0312
101.625	-60.875
101.7	-60.7813
101.775	-61
101.85	-61.0625
101.925	-60.8438
102	-60.75
102.075	-60.9687
102.15	-60.9687
102.225	-60.875
102.3	-60.8438
102.375	-61.0312
102.45	-60.9375
102.525	-60.8438
102.6	-60.8438
102.675	-61
102.75	-60.875
102.825	-60.8125
102.9	-60.8438
102.975	-60.9375
103.05	-60.9063
103.125	-60.8125
103.2	-60.9687
103.275	-60.8438
103.35	-60.8125
103.425	-60.9063
103.5	-60.8438
103.575	-60.8125
103.65	-60.875
103.725	-60.875
103.8	-60.8125
103.875	-60.8125
103.95	-60.9063
104.025	-60.8438
104.1	-60.8438
104.175	-60.9063
104.25	-60.875
104.325	-60.75
104.4	-60.875
104.475	-60.9063
104.55	-60.8125
104.625	-60.9063
104.7	-60.875
104.775	-60.8125
104.85	-60.875
104.925	-60.875
105	-60.75
105.075	-60.8438
105.15	-60.8438
105.225	-60.7187
105.3	-60.9063
105.375	-60.875
105.45	-60.7813
105.525	-60.9063
105.6	-60.8125
105.675	-60.6875
105.75	-60.9063
105.825	-60.9063
105.9	-60.8125
105.975	-60.875
106.05	-60.8438
106.125	-60.9063
106.2	-60.875
106.275	-60.7187
106.35	-60.8125
106.425	-60.9063
106.5	-60.7813
106.575	-60.8438
106.65	-60.7813
106.725	-60.7813
106.8	-60.9063
106.875	-60.7187
106.95	-60.8438
107.025	-60.875
107.1	-60.7187
107.175	-60.8125
107.25	-60.9063
107.325	-60.9063
107.4	-60.9375
107.475	-60.6562
107.55	-60.8438
107.625	-60.9375
107.7	-60.8438
107.775	-60.7813
107.85	-60.75
107.925	-61
108	-60.8125
108.075	-60.8438
108.15	-60.8438
108.225	-60.9687
108.3	-60.9063
108.375	-60.6875
108.45	-60.9063
108.525	-60.9063
108.6	-60.8125
108.675	-60.7813
108.75	-60.8438
108.825	-60.9687
108.9	-60.8125
108.975	-60.8125
109.05	-60.7813
109.125	-60.8438
109.2	-60.8125
109.275	-60.7813
109.35	-60.875
109.425	-60.8438
109.5	-60.8438
109.575	-60.8125
109.65	-61
109.725	-60.9687
109.8	-60.8438
109.875	-60.8438
109.95	-60.9375
110.025	-60.9063
110.1	-60.8125
110.175	-60.75
110.25	-61
110.325	-60.9687
110.4	-60.8125
110.475	-60.7813
110.55	-60.9375
110.625	-60.9063
110.7	-60.7187
110.775	-60.8125
110.85	-60.9375
110.925	-60.8438
111	-60.7813
111.075	-60.8438
111.15	-60.9063
111.225	-60.75
111.3	-60.75
111.375	-60.8438
111.45	-60.9375
111.525	-60.8438
111.6	-60.8125
111.675	-60.875
111.75	-60.875
111.825	-60.7813
111.9	-60.9063
111.975	-60.8125
112.05	-60.875
112.125	-60.875
112.2	-60.875
112.275	-60.8125
112.35	-60.875
112.425	-60.9375
112.5	-60.8125
112.575	-60.9375
112.65	-60.9063
112.725	-60.8438
112.8	-60.9687
112.875	-60.9375
112.95	-60.8438
113.025	-60.875
113.1	-60.8438
113.175	-60.7813
113.25	-60.875
113.325	-60.9375
113.4	-60.9375
113.475	-60.9063
113.55	-60.9687
113.625	-60.8438
113.7	-60.8125
113.775	-60.9687
113.85	-60.8438
113.925	-60.8125
114	-60.9375
114.075	-60.8438
114.15	-60.875
114.225	-60.9687
114.3	-60.875
114.375	-60.875
114.45	-60.9063
114.525	-60.875
114.6	-61.0312
114.675	-60.875
114.75	-60.8438
114.825	-60.9063
114.9	-60.8438
114.975	-60.9375
115.05	-60.875
115.125	-60.8125
115.2	-61
115.275	-60.8438
115.35	-60.875
115.425	-60.9063
115.5	-60.9063
115.575	-60.9375
115.65	-60.7813
115.725	-60.9375
115.8	-60.9063
115.875	-60.7813
115.95	-60.9063
116.025	-60.875
116.1	-60.9687
116.175	-60.875
116.25	-60.875
116.325	-60.9375
116.4	-60.9063
116.475	-60.9063
116.55	-60.7813
116.625	-60.9063
116.7	-60.9375
116.775	-60.8125
116.85	-60.7813
116.925	-60.9687
117	-60.9687
117.075	-60.75
117.15	-60.7187
117.225	-60.9375
117.3	-60.9687
117.375	-60.8125
117.45	-60.7813
117.525	-60.875
117.6	-60.9375
117.675	-60.9063
117.75	-60.9375
117.825	-60.9687
117.9	-60.9375
117.975	-60.8438
118.05	-60.8125
118.125	-60.9375
118.2	-60.9375
118.275	-60.7813
118.35	-60.875
118.425	-61
118.5	-61
118.575	-60.8438
118.65	-60.9063
118.725	-60.9687
118.8	-60.8438
118.875	-60.8125
118.95	-60.9063
119.025	-60.9375
119.1	-60.8438
119.175	-60.7813
119.25	-60.875
119.325	-60.8438
119.4	-60.75
119.475	-60.75
119.55	-60.8438
119.625	-60.8438
119.7	-60.7813
119.775	-60.75
119.85	-60.8125
119.925	-60.8125
120	-60.75
120.075	-60.8438
120.15	-60.7813
120.225	-60.8125
120.3	-60.875
120.375	-60.8125
120.45	-60.6875
120.525	-60.8438
120.6	-60.7813
120.675	-60.7187
120.75	-60.7813
120.825	-60.7813
120.9	-60.7187
120.975	-60.7187
121.05	-60.8125
121.125	-60.8438
121.2	-60.7187
121.275	-60.6875
121.35	-60.7813
121.425	-60.7187
121.5	-60.7187
121.575	-60.8125
121.65	-60.6875
121.725	-60.6875
121.8	-60.75
121.875	-60.7187
121.95	-60.6562
122.025	-60.7813
122.1	-60.625
122.175	-60.6875
122.25	-60.7813
122.325	-60.6562
122.4	-60.6875
122.475	-60.6875
122.55	-60.7187
122.625	-60.75
122.7	-60.6875
122.775	-60.7813
122.85	-60.7187
122.925	-60.5
123	-60.7813
123.075	-60.7187
123.15	-60.5625
123.225	-60.7187
123.3	-60.6875
123.375	-60.7187
123.45	-60.75
123.525	-60.5938
123.6	-60.7813
123.675	-60.7187
123.75	-60.7187
123.825	-60.6562
123.9	-60.75
123.975	-60.8125
124.05	-60.7187
124.125	-60.625
124.2	-60.7187
124.275	-60.7187
124.35	-60.7813
124.425	-60.5938
124.5	-60.6875
124.575	-60.8438
124.65	-60.6562
124.725	-60.7187
124.8	-60.7813
124.875	-60.75
124.95	-60.6562
125.025	-60.5938
125.1	-60.8125
125.175	-60.7813
125.25	-60.625
125.325	-60.6562
125.4	-60.75
125.475	-60.8125
125.55	-60.6562
125.625	-60.5625
125.7	-60.7187
125.775	-60.75
125.85	-60.625
125.925	-60.5938
126	-60.6875
126.075	-60.6562
126.15	-60.6562
126.225	-60.6562
126.3	-60.7187
126.375	-60.6562
126.45	-60.5625
126.525	-60.7187
126.6	-60.7813
126.675	-60.7187
126.75	-60.5938
126.825	-60.625
126.9	-60.8125
126.975	-60.7187
127.05	-60.5313
127.125	-60.6875
127.2	-60.8125
127.275	-60.7813
127.35	-60.5938
127.425	-60.6875
127.5	-60.7813
127.575	-60.5625
127.65	-60.5
127.725	-60.7813
127.8	-60.7813
127.875	-60.6562
127.95	-60.75
128.025	-60.8125
128.1	-60.7187
128.175	-60.625
128.25	-60.75
128.325	-60.75
128.4	-60.7187
128.475	-60.7813
128.55	-60.7187
128.625	-60.6875
128.7	-60.75
128.775	-60.7813
128.85	-60.625
128.925	-60.6875
129	-60.7813
129.075	-60.6875
129.15	-60.625
129.225	-60.7813
129.3	-60.6875
129.375	-60.625
129.45	-60.7187
129.525	-60.7187
129.6	-60.6875
129.675	-60.7813
129.75	-60.7187
129.825	-60.5938
129.9	-60.75
129.975	-60.75
130.05	-60.625
130.125	-60.6875
130.2	-60.7187
130.275	-60.625
130.35	-60.7813
130.425	-60.7813
130.5	-60.6875
130.575	-60.8438
130.65	-60.7187
130.725	-60.625
130.8	-60.7813
130.875	-60.75
130.95	-60.75
131.025	-60.7813
131.1	-60.6562
131.175	-60.75
131.25	-60.7813
131.325	-60.625
131.4	-60.6875
131.475	-60.7813
131.55	-60.7187
131.625	-60.7813
131.7	-60.6562
131.775	-60.8125
131.85	-60.8438
131.925	-60.7187
132	-60.7813
132.075	-60.7813
132.15	-60.8125
132.225	-60.7813
132.3	-60.6562
132.375	-60.7813
132.45	-60.8125
132.525	-60.6875
132.6	-60.7187
132.675	-60.6875
132.75	-60.8438
132.825	-60.6875
132.9	-60.6875
132.975	-60.8438
133.05	-60.75
133.125	-60.6875
133.2	-60.5938
133.275	-60.875
133.35	-60.75
133.425	-60.5938
133.5	-60.7187
133.575	-60.7813
133.65	-60.75
133.725	-60.75
133.8	-60.75
133.875	-60.7813
133.95	-60.7813
134.025	-60.6875
134.1	-60.7813
134.175	-60.9375
134.25	-60.8125
134.325	-60.7187
134.4	-60.7187
134.475	-60.875
134.55	-60.9687
134.625	-60.7813
134.7	-60.7187
134.775	-60.75
134.85	-60.75
134.925	-60.7813
135	-60.8438
135.075	-60.8438
135.15	-60.75
135.225	-60.7813
135.3	-60.7813
135.375	-60.8125
135.45	-60.6875
135.525	-60.75
135.6	-60.7813
135.675	-60.7813
135.75	-60.7187
135.825	-60.8125
135.9	-60.8125
135.975	-60.8438
136.05	-60.75
136.125	-60.8125
136.2	-60.7813
136.275	-60.75
136.35	-60.875
136.425	-60.7813
136.5	-60.75
136.575	-60.9063
136.65	-60.8125
136.725	-60.75
136.8	-60.7813
136.875	-60.8438
136.95	-60.75
137.025	-60.7813
137.1	-60.8125
137.175	-60.8125
137.25	-60.7187
137.325	-60.8125
137.4	-60.9063
137.475	-60.7187
137.55	-60.8438
137.625	-60.9375
137.7	-60.7813
137.775	-60.75
137.85	-60.8438
137.925	-60.75
138	-60.7813
138.075	-60.8125
138.15	-60.7813
138.225	-60.6875
138.3	-60.8125
138.375	-60.7813
138.45	-60.7813
138.525	-60.9063
138.6	-60.875
138.675	-60.75
138.75	-60.9687
138.825	-60.8438
138.9	-60.6875
138.975	-60.8438
139.05	-60.8438
139.125	-60.7813
139.2	-60.7813
139.275	-60.7187
139.35	-60.7813
139.425	-60.8125
139.5	-60.7813
139.575	-60.8125
139.65	-60.9063
139.725	-60.7813
139.8	-60.75
139.875	-60.7813
139.95	-60.75
140.025	-60.875
140.1	-60.7813
140.175	-60.75
140.25	-60.8438
140.325	-60.75
140.4	-60.8125
140.475	-60.6875
140.55	-60.875
140.625	-60.8438
140.7	-60.75
140.775	-60.875
140.85	-60.875
140.925	-60.9375
141	-60.6562
141.075	-60.7813
141.15	-60.7187
141.225	-60.9375
141.3	-60.75
141.375	-60.8438
141.45	-60.8125
141.525	-60.8125
141.6	-60.8125
141.675	-60.75
141.75	-60.875
141.825	-60.9063
141.9	-60.6875
141.975	-60.8125
142.05	-60.9063
142.125	-60.875
142.2	-60.75
142.275	-60.7813
142.35	-60.875
142.425	-60.9063
142.5	-60.75
142.575	-60.8438
142.65	-60.875
142.725	-60.875
142.8	-60.75
142.875	-60.8438
142.95	-60.9063
143.025	-60.8125
143.1	-60.7187
143.175	-60.8125
143.25	-60.9375
143.325	-60.9063
143.4	-60.7813
143.475	-60.8438
143.55	-60.9687
143.625	-60.875
143.7	-60.8125
143.775	-60.7813
143.85	-60.9063
143.925	-60.8438
144	-60.75
144.075	-60.7813
144.15	-60.875
144.225	-60.9063
144.3	-60.7813
144.375	-60.8125
144.45	-60.9375
144.525	-60.9063
144.6	-60.7813
144.675	-60.8125
144.75	-60.9375
144.825	-60.9063
144.9	-60.7813
144.975	-60.875
145.05	-60.9687
145.125	-60.9063
145.2	-60.7813
145.275	-60.9063
145.35	-60.875
145.425	-60.8125
145.5	-60.8438
145.575	-60.9375
145.65	-60.9063
145.725	-60.7813
145.8	-60.9063
145.875	-60.9063
145.95	-60.8125
146.025	-60.9063
146.1	-60.9375
146.175	-60.8438
146.25	-60.8125
146.325	-60.9375
146.4	-60.8125
146.475	-60.8438
146.55	-60.875
146.625	-60.8125
146.7	-60.875
146.775	-60.9375
146.85	-60.8438
146.925	-60.9687
147	-60.9063
147.075	-60.8125
147.15	-60.9375
147.225	-60.8438
147.3	-60.8438
147.375	-60.875
147.45	-60.8125
147.525	-60.9063
147.6	-60.9063
147.675	-60.7813
147.75	-60.9375
147.825	-60.9375
147.9	-60.875
147.975	-60.9063
148.05	-60.8438
148.125	-60.9063
148.2	-60.9063
148.275	-60.7813
148.35	-60.9063
148.425	-60.9687
148.5	-60.8438
148.575	-60.875
148.65	-60.875
148.725	-60.9375
148.8	-60.9375
148.875	-60.7813
148.95	-60.875
149.025	-60.9687
149.1	-60.8125
149.175	-60.875
149.25	-60.7813
149.325	-61
149.4	-60.875
149.475	-60.8438
149.55	-60.8438
149.625	-60.9375
149.7	-60.9687
149.775	-60.7187
149.85	-60.9063
149.925	-60.9687
150	-60.9375
150.075	-60.8438
150.15	-60.8438
150.225	-60.9063
150.3	-60.9375
150.375	-60.8438
150.45	-60.875
150.525	-60.9375
150.6	-60.8438
150.675	-60.9063
150.75	-60.9375
150.825	-60.9687
150.9	-60.875
150.975	-60.75
151.05	-60.9687
151.125	-61.0625
151.2	-60.9375
151.275	-60.8438
151.35	-60.8438
151.425	-61
151.5	-60.9063
151.575	-60.8438
151.65	-60.9063
151.725	-60.9687
151.8	-60.9687
151.875	-60.9063
151.95	-60.875
152.025	-61
152.1	-60.9063
152.175	-60.9687
152.25	-60.9375
152.325	-60.9063
152.4	-60.9687
152.475	-60.9375
152.55	-60.9687
152.625	-60.9375
152.7	-60.9687
152.775	-60.9375
152.85	-60.9375
152.925	-60.9687
153	-60.9687
153.075	-60.9063
153.15	-60.875
153.225	-61.0312
153.3	-60.9687
153.375	-60.8438
153.45	-60.9375
153.525	-61
153.6	-60.9375
153.675	-60.875
153.75	-60.9687
153.825	-60.9687
153.9	-60.875
153.975	-61.0312
154.05	-61
154.125	-60.9063
154.2	-61
154.275	-61
154.35	-60.8438
154.425	-61
154.5	-61
154.575	-60.9063
154.65	-60.9375
154.725	-61
154.8	-60.875
154.875	-60.9687
154.95	-61
155.025	-60.9375
155.1	-60.9687
155.175	-61
155.25	-60.9063
155.325	-60.9687
155.4	-61.0312
155.475	-60.9063
155.55	-60.9687
155.625	-61
155.7	-60.9687
155.775	-60.9687
155.85	-60.9063
155.925	-60.875
156	-61
156.075	-61
156.15	-60.875
156.225	-61
156.3	-61.0312
156.375	-60.9687
156.45	-60.9687
156.525	-60.9063
156.6	-61.0938
156.675	-60.9687
156.75	-60.8438
156.825	-61
156.9	-61
156.975	-60.9687
157.05	-60.9375
157.125	-60.9375
157.2	-61.0938
157.275	-60.9687
157.35	-60.9375
157.425	-61
157.5	-61.0312
157.575	-61.0625
157.65	-60.9375
157.725	-61.0312
157.8	-61.0625
157.875	-61.0312
157.95	-60.9687
158.025	-60.9687
158.1	-61.1563
158.175	-60.9687
158.25	-60.9375
158.325	-61.0625
158.4	-61.0625
158.475	-61.0938
158.55	-61.0312
158.625	-61.0312
158.7	-60.9687
158.775	-61.0312
158.85	-61
158.925	-61.125
159	-61.1563
159.075	-60.9063
159.15	-60.9375
159.225	-61.0938
159.3	-61.1563
159.375	-61.0312
159.45	-60.9063
159.525	-60.9687
159.6	-61
159.675	-60.9375
159.75	-61
159.825	-61.0312
159.9	-61
159.975	-61
160.05	-61
160.125	-61.0625
160.2	-61
160.275	-61.0312
160.35	-61
160.425	-61
160.5	-61.1563
160.575	-61.0625
160.65	-61.0312
160.725	-61
160.8	-61.1563
160.875	-61
160.95	-60.9375
161.025	-61
161.1	-61.125
161.175	-61.0625
161.25	-60.9687
161.325	-61.125
161.4	-61.0938
161.475	-61
161.55	-61.0625
161.625	-61.1563
161.7	-61
161.775	-60.9687
161.85	-61.0625
161.925	-61.0625
162	-61
162.075	-61.0625
162.15	-61.0938
162.225	-61.0625
162.3	-61.0312
162.375	-61.0938
162.45	-61.0625
162.525	-61
162.6	-61.0938
162.675	-61.125
162.75	-61.0312
162.825	-61.0312
162.9	-61.0625
162.975	-61
163.05	-61.0312
163.125	-61.0938
163.2	-61.0625
163.275	-61.0938
163.35	-61.125
163.425	-61.125
163.5	-61.125
163.575	-61.1875
163.65	-61.0625
163.725	-61.0938
163.8	-61.0938
163.875	-61.0312
163.95	-61
164.025	-61.0938
164.1	-61
164.175	-61.1875
164.25	-61.1563
164.325	-61.0625
164.4	-61.125
164.475	-61.0312
164.55	-61.0938
164.625	-61.0625
164.7	-61
164.775	-61.2187
164.85	-61.125
164.925	-61
165	-61.125
165.075	-61.125
165.15	-61.0938
165.225	-61.0312
165.3	-61.0312
165.375	-61.2187
165.45	-61.0312
165.525	-61.0312
165.6	-61.0938
165.675	-61.125
165.75	-61.2187
165.825	-61
165.9	-61.0938
165.975	-61.1563
166.05	-61
166.125	-61.0312
166.2	-61.0625
166.275	-61.1563
166.35	-61.0312
166.425	-60.9687
166.5	-61.125
166.575	-61.125
166.65	-61.1563
166.725	-61
166.8	-61.0938
166.875	-61.2187
166.95	-61.1563
167.025	-61.0625
167.1	-61.125
167.175	-61.1875
167.25	-61.125
167.325	-61.0938
167.4	-61
167.475	-61.0312
167.55	-61.0938
167.625	-61
167.7	-61.1875
167.775	-61.1563
167.85	-60.9687
167.925	-61
168	-61.1875
168.075	-61.125
168.15	-60.9687
168.225	-61
168.3	-61.1563
168.375	-61.1875
168.45	-61
168.525	-60.9375
168.6	-61.25
168.675	-61.1563
168.75	-61.0312
168.825	-61.0938
168.9	-61.1563
168.975	-61.1875
169.05	-61
169.125	-60.9687
169.2	-61.125
169.275	-61.125
169.35	-61
169.425	-61.125
169.5	-61.1875
169.575	-61
169.65	-61
169.725	-61.125
169.8	-61
169.875	-61
169.95	-61.0938
170.025	-61.0312
170.1	-61.0625
170.175	-61.125
170.25	-61.0938
170.325	-61.0625
170.4	-61.0938
170.475	-61.125
170.55	-61.0312
170.625	-61
170.7	-61.0938
170.775	-61.0625
170.85	-61.0312
170.925	-61.0938
171	-61.125
171.075	-61
171.15	-61
171.225	-61.0625
171.3	-60.9687
171.375	-61.0312
171.45	-61.125
171.525	-61.0938
171.6	-60.9687
171.675	-61.0938
171.75	-61.0625
171.825	-60.9687
171.9	-61.1563
171.975	-61.125
172.05	-61
172.125	-61.125
172.2	-61.0938
172.275	-60.9687
172.35	-61.125
172.425	-61
172.5	-60.9063
172.575	-61.125
172.65	-61.0625
172.725	-61
172.8	-61.0938
172.875	-61
172.95	-61.2187
173.025	-61.0312
173.1	-60.9687
173.175	-61.1563
173.25	-61.0625
173.325	-61.125
173.4	-61
173.475	-61
173.55	-61.2187
173.625	-61
173.7	-61.0312
173.775	-61.0312
173.85	-61.0312
173.925	-61.0938
174	-60.9687
174.075	-61.0938
174.15	-61.1563
174.225	-61
174.3	-61.0625
174.375	-61.0938
174.45	-61.125
174.525	-61.0625
174.6	-60.9375
174.675	-61.2187
174.75	-61.0625
174.825	-61.125
174.9	-61
174.975	-61.1563
175.05	-61.125
175.125	-61
175.2	-61.0625
175.275	-61.1875
175.35	-61.0625
175.425	-61
175.5	-61.0938
175.575	-61.1875
175.65	-61.125
175.725	-60.9687
175.8	-61
175.875	-61.1563
175.95	-61.2187
176.025	-61
176.1	-61
176.175	-61
176.25	-61.125
176.325	-61.0625
176.4	-61.0625
176.475	-61.0938
176.55	-61.1563
176.625	-61.125
176.7	-61.0938
176.775	-61.0625
176.85	-61.0625
176.925	-61
177	-61
177.075	-61.1563
177.15	-61.0938
177.225	-61.0625
177.3	-61.0625
177.375	-61.0625
177.45	-61.0312
177.525	-61.0938
177.6	-61.125
177.675	-61.0625
177.75	-61.0625
177.825	-61.0938
177.9	-61.0938
177.975	-61.0312
178.05	-61.1563
178.125	-61.125
178.2	-61
178.275	-61
178.35	-61.1563
178.425	-61.0625
178.5	-61.0625
178.575	-61.1563
178.65	-61.125
178.725	-61.0312
178.8	-61.0312
178.875	-61.0625
178.95	-61.0938
179.025	-60.9375
179.1	-61.0938
179.175	-61.1875
179.25	-61.0625
179.325	-61
179.4	-61.125
179.475	-61
179.55	-61.0938
179.625	-61.125
179.7	-61.0312
179.775	-61.0938
179.85	-61.125
179.925	-61.0625
180	-61.0938
180.075	-61.0625
180.15	-61.0312
180.225	-61.125
180.3	-61.2187
180.375	-61.0938
180.45	-61.125
180.525	-61.125
180.6	-61.0625
180.675	-61.0625
180.75	-61.125
180.825	-61.0938
180.9	-61.125
180.975	-61.0938
181.05	-61.0938
181.125	-61.125
181.2	-61.0312
181.275	-61.0625
181.35	-61.1563
181.425	-61.0625
181.5	-61.1563
181.575	-61.0625
181.65	-61.125
181.725	-61.2187
181.8	-61.0312
181.875	-61.125
181.95	-61.125
182.025	-61.0625
182.1	-61.0938
182.175	-60.9687
182.25	-61.1875
182.325	-61.1563
182.4	-61.0625
182.475	-61.0625
182.55	-61.0938
182.625	-61.1875
182.7	-61
182.775	-61.0625
182.85	-61.1875
182.925	-61.2187
183	-61.0938
183.075	-61
183.15	-61.2187
183.225	-61.125
183.3	-61.0625
183.375	-61.0938
183.45	-61.1563
183.525	-61.2187
183.6	-61.0625
183.675	-61.0625
183.75	-61.0938
183.825	-61.125
183.9	-61.1563
183.975	-61.1875
184.05	-61.1875
184.125	-61.125
184.2	-60.9687
184.275	-61.125
184.35	-61.25
184.425	-61.2187
184.5	-61
184.575	-61
184.65	-61.25
184.725	-61.1875
184.8	-61.0625
184.875	-61
184.95	-61.2187
185.025	-61.2187
185.1	-61
185.175	-61
185.25	-61.2187
185.325	-61.2187
185.4	-61.0625
185.475	-61.0625
185.55	-61.125
185.625	-61.1563
185.7	-61
185.775	-61.0625
185.85	-61.25
185.925	-61.1875
186	-61.0312
186.075	-61.0625
186.15	-61.2187
186.225	-61.0625
186.3	-61.0312
186.375	-61.1563
186.45	-61.1563
186.525	-61.0938
186.6	-60.9687
186.675	-61.1563
186.75	-61.1875
186.825	-61.125
186.9	-61
186.975	-61.2187
187.05	-61.2187
187.125	-61.0312
187.2	-61.1563
187.275	-61.1875
187.35	-61.125
187.425	-61.0625
187.5	-61.1875
187.575	-61.25
187.65	-61.0625
187.725	-61.1563
187.8	-61.1875
187.875	-61.0312
187.95	-61.125
188.025	-61.125
188.1	-61.0938
188.175	-61.1875
188.25	-61.1563
188.325	-61.0625
188.4	-61.2187
188.475	-61.0625
188.55	-61.125
188.625	-61.2187
188.7	-61.125
188.775	-61.1563
188.85	-61.1563
188.925	-61.125
189	-61.2187
189.075	-61.1563
189.15	-61.0625
189.225	-61.1875
189.3	-61.1875
189.375	-61.0312
189.45	-61.1875
189.525	-61.1563
189.6	-61.0938
189.675	-61.1563
189.75	-61
189.825	-61.1563
189.9	-61.2187
189.975	-61.0625
190.05	-61.1875
190.125	-61.2187
190.2	-61.1563
190.275	-61.0625
190.35	-61.0312
190.425	-61.1875
190.5	-61.1563
190.575	-61.0312
190.65	-61.125
190.725	-61.1563
190.8	-61.2187
190.875	-61.125
190.95	-61.0625
191.025	-61.25
191.1	-61.125
191.175	-61.125
191.25	-61.0625
191.325	-61.2812
191.4	-61.1875
191.475	-61.125
191.55	-61.125
191.625	-61.1875
191.7	-61.25
191.775	-61.0625
191.85	-61.1563
191.925	-61.3438
192	-61.2187
192.075	-61.0625
192.15	-61.1563
192.225	-61.2812
192.3	-61.1875
192.375	-61.125
192.45	-61.1563
192.525	-61.25
192.6	-61.125
192.675	-61.1563
192.75	-61.1563
192.825	-61.25
192.9	-61.1563
192.975	-61.0938
193.05	-61.1875
193.125	-61.3125
193.2	-61.1563
193.275	-61
193.35	-61.125
193.425	-61.3125
193.5	-61.2187
193.575	-61
193.65	-61.1563
193.725	-61.3125
193.8	-61.125
193.875	-61
193.95	-61.125
194.025	-61.2187
194.1	-61.125
194.175	-61.0625
194.25	-61.25
194.325	-61.2812
194.4	-61.0625
194.475	-61.0938
194.55	-61.125
194.625	-61.1563
194.7	-61.0312
194.775	-61.1563
194.85	-61.125
194.925	-61.1875
195	-61.1563
195.075	-61.1875
195.15	-61.1563
195.225	-61.0938
195.3	-61.1875
195.375	-61.1563
195.45	-61.1563
195.525	-61.0938
195.6	-61.1563
195.675	-61.2187
195.75	-61.1563
195.825	-61.2187
195.9	-61.125
195.975	-61.1563
196.05	-61.0938
196.125	-61.2812
196.2	-61.125
196.275	-61.125
196.35	-61.1875
196.425	-61.2187
196.5	-61.1563
196.575	-61.2812
196.65	-61.1875
196.725	-61.0938
196.8	-61.2187
196.875	-61.2187
196.95	-61.0625
197.025	-61.1875
197.1	-61.1875
197.175	-61.0625
197.25	-61.3125
197.325	-61.125
197.4	-61.25
197.475	-61.25
197.55	-61.0625
197.625	-61.2187
197.7	-61.1563
197.775	-61.1875
197.85	-61.1563
197.925	-61.0938
198	-61.2812
198.075	-61.1563
198.15	-61.0625
198.225	-61.2187
198.3	-61.1875
198.375	-61.2812
198.45	-61.0938
198.525	-61
198.6	-61.25
198.675	-61.2187
198.75	-61.0938
198.825	-61.1875
198.9	-61.2187
198.975	-61.1875
199.05	-61.125
199.125	-61
199.2	-61.2812
199.275	-61.125
199.35	-61.1875
199.425	-61.0625
199.5	-61.25
199.575	-61.2187
199.65	-61.0938
199.725	-61.1875
199.8	-61.2187
199.875	-61.25
199.95	-61.0625
200.025	-61.1875
200.1	-61.25
200.175	-61.125
200.25	-61.125
200.325	-61.1563
200.4	-61.25
200.475	-61.0938
200.55	-61.125
200.625	-61.2187
200.7	-61.3438
200.775	-61.1875
200.85	-61
200.925	-61.125
201	-61.3125
201.075	-61.25
201.15	-61.0938
201.225	-61.2187
201.3	-61.2812
201.375	-61.25
201.45	-61.2187
201.525	-61.1875
201.6	-61.1875
201.675	-61.1875
201.75	-61.2187
201.825	-61.2187
201.9	-61.25
201.975	-61.2187
202.05	-61.25
202.125	-61.3125
202.2	-61.2187
202.275	-61.125
202.35	-61.2187
202.425	-61.2187
202.5	-61.1875
202.575	-61.2187
202.65	-61.1875
202.725	-61.1875
202.8	-61.1563
202.875	-61.1563
202.95	-61.2187
203.025	-61.2187
203.1	-61.1563
203.175	-61.3125
203.25	-61.25
203.325	-61.2187
203.4	-61.1875
203.475	-61.25
203.55	-61.2187
203.625	-61.125
203.7	-61.2187
203.775	-61.2812
203.85	-61.1563
203.925	-61.25
204	-61.2812
204.075	-61.1563
204.15	-61.1563
204.225	-61.4063
204.3	-61.25
204.375	-61.1563
204.45	-61.25
204.525	-61.2812
204.6	-61.125
204.675	-61.2187
204.75	-61.2187
204.825	-61.125
204.9	-61.25
204.975	-61.1875
205.05	-61.1875
205.125	-61.2187
205.2	-61.1875
205.275	-61.0938
205.35	-61.2812
205.425	-61.1875
205.5	-61.2187
205.575	-61.2187
205.65	-61.1563
205.725	-61.2187
205.8	-61.2187
205.875	-61.1563
205.95	-61.25
206.025	-61.2187
206.1	-61.125
206.175	-61.25
206.25	-61.2187
206.325	-61.0938
206.4	-61.25
206.475	-61.25
206.55	-61.1563
206.625	-61.2187
206.7	-61.125
206.775	-61.3125
206.85	-61.2187
206.925	-61.125
207	-61.2187
207.075	-61.1875
207.15	-61.25
207.225	-61.125
207.3	-61.1875
207.375	-61.3125
207.45	-61.2187
207.525	-61.125
207.6	-61.0625
207.675	-61.25
207.75	-61.2187
207.825	-61.1875
207.9	-61.1563
207.975	-61.3125
208.05	-61.1875
208.125	-61.125
208.2	-61.1563
208.275	-61.2187
208.35	-61.2812
208.425	-61.0938
208.5	-61.125
208.575	-61.2812
208.65	-61.25
208.725	-61.125
208.8	-61.125
208.875	-61.2187
208.95	-61.1875
209.025	-61.0938
209.1	-61.125
209.175	-61.1563
209.25	-61.0938
209.325	-61.0312
209.4	-61.1563
209.475	-61.3125
209.55	-61.2187
209.625	-61.125
209.7	-61.125
209.775	-61.1875
209.85	-61.1875
209.925	-61.1563
210	-61.1563
210.075	-61.25
210.15	-61.1563
210.225	-61.1563
210.3	-61.125
210.375	-61.1875
210.45	-61.2187
210.525	-61.125
210.6	-61.125
210.675	-61.1875
210.75	-61.1563
210.825	-61.125
210.9	-61.1563
210.975	-61.1875
211.05	-61.1875
211.125	-61.0312
211.2	-61.1875
211.275	-61.25
211.35	-61.0938
211.425	-61.0625
211.5	-61.25
211.575	-61.1875
211.65	-61.0938
211.725	-61.125
211.8	-61.2187
211.875	-61.1875
211.95	-61.0938
212.025	-61.25
212.1	-61.2187
212.175	-61.0938
212.25	-61.125
212.325	-61.25
212.4	-61.125
212.475	-61.1563
212.55	-61.1875
212.625	-61.0938
212.7	-61.0625
212.775	-61.2812
212.85	-61.2187
212.925	-61.125
213	-61.2187
213.075	-61.125
213.15	-61.1563
213.225	-61.2187
213.3	-61.2187
213.375	-61.0938
213.45	-61.1563
213.525	-61.2187
213.6	-61.1875
213.675	-61.1563
213.75	-61.2187
213.825	-61.0938
213.9	-61.125
213.975	-61.25
214.05	-61.1875
214.125	-61.125
214.2	-61.1875
214.275	-61.1563
214.35	-61.25
214.425	-61.1875
214.5	-61.0938
214.575	-61.2187
214.65	-61.125
214.725	-61.1875
214.8	-61.2187
214.875	-61.125
214.95	-61.25
215.025	-61.125
215.1	-61.625
215.175	-62.0625
215.25	-62.4062
215.325	-62.4687
215.4	-62.3438
215.475	-62.5938
215.55	-62.625
215.625	-62.6875
215.7	-62.6875
215.775	-62.75
215.85	-62.9375
215.925	-62.8437
216	-62.9688
216.075	-62.9375
216.15	-63.0938
216.225	-63.0938
216.3	-62.9688
216.375	-63.125
216.45	-63.25
216.525	-63.25
216.6	-63.2188
216.675	-63.25
216.75	-63.4375
216.825	-63.375
216.9	-63.2813
216.975	-63.5
217.05	-63.625
217.125	-63.5312
217.2	-63.4687
217.275	-63.5625
217.35	-63.7812
217.425	-63.625
217.5	-63.6562
217.575	-63.75
217.65	-63.7812
217.725	-63.7812
217.8	-63.8125
217.875	-63.875
217.95	-63.9375
218.025	-63.8125
218.1	-63.9063
218.175	-64
218.25	-64
218.325	-63.9687
218.4	-64
218.475	-64.125
218.55	-64.125
218.625	-64
218.7	-64.125
218.775	-64.25
218.85	-64.0938
218.925	-64.0938
219	-64.2812
219.075	-64.3125
219.15	-64.3438
219.225	-64.25
219.3	-64.4063
219.375	-64.4687
219.45	-64.375
219.525	-64.4375
219.6	-64.5
219.675	-64.5313
219.75	-64.4687
219.825	-64.5313
219.9	-64.5
219.975	-64.6563
220.05	-64.5
220.125	-64.6875
220.2	-64.6563
220.275	-64.5937
220.35	-64.7188
220.425	-64.6875
220.5	-64.7812
220.575	-64.8125
220.65	-64.8125
220.725	-64.7812
220.8	-64.8125
220.875	-64.875
220.95	-64.8438
221.025	-64.875
221.1	-64.9687
221.175	-64.9687
221.25	-65
221.325	-65.0937
221.4	-65
221.475	-65
221.55	-65.0937
221.625	-65.0313
221.7	-65.125
221.775	-65.1875
221.85	-65.125
221.925	-65.2187
222	-65.25
222.075	-65.2187
222.15	-65.3125
222.225	-65.2812
222.3	-65.2187
222.375	-65.375
222.45	-65.3438
222.525	-65.4062
222.6	-65.4062
222.675	-65.3125
222.75	-65.4375
222.825	-65.5
222.9	-65.4062
222.975	-65.5625
223.05	-65.5
223.125	-65.6563
223.2	-65.5937
223.275	-65.4688
223.35	-65.6563
223.425	-65.6563
223.5	-65.5937
223.575	-65.625
223.65	-65.6875
223.725	-65.75
223.8	-65.6875
223.875	-65.5937
223.95	-65.8125
224.025	-65.75
224.1	-65.7813
224.175	-65.6875
224.25	-65.9688
224.325	-65.9062
224.4	-65.8438
224.475	-65.7813
224.55	-65.8125
224.625	-66
224.7	-65.8438
224.775	-65.9688
224.85	-65.9688
224.925	-66.0312
225	-66
225.075	-65.9062
225.15	-66
225.225	-66.1875
225.3	-66
225.375	-65.9375
225.45	-66.125
225.525	-66.2187
225.6	-66.125
225.675	-66.0938
225.75	-66.1563
225.825	-66.3125
225.9	-66.25
225.975	-66.2187
226.05	-66.25
226.125	-66.2187
226.2	-66.3125
226.275	-66.25
226.35	-66.375
226.425	-66.4063
226.5	-66.25
226.575	-66.4063
226.65	-66.4063
226.725	-66.3437
226.8	-66.3125
226.875	-66.4063
226.95	-66.5
227.025	-66.5
227.1	-66.375
227.175	-66.5
227.25	-66.625
227.325	-66.5312
227.4	-66.5625
227.475	-66.625
227.55	-66.6562
227.625	-66.625
227.7	-66.625
227.775	-66.5625
227.85	-66.6562
227.925	-66.7187
228	-66.625
228.075	-66.6562
228.15	-66.75
228.225	-66.75
228.3	-66.625
228.375	-66.6875
228.45	-66.8437
228.525	-66.7813
228.6	-66.7813
228.675	-66.875
228.75	-66.9375
228.825	-66.8437
228.9	-66.8437
228.975	-67
229.05	-66.9687
229.125	-66.9063
229.2	-66.9375
229.275	-67
229.35	-66.8437
229.425	-66.9687
229.5	-67
229.575	-66.9375
229.65	-67.0938
229.725	-67.0938
229.8	-67.0625
229.875	-67.0625
229.95	-67.0938
230.025	-67.0625
230.1	-67.0625
230.175	-67.0938
230.25	-67.0625
230.325	-67.2188
230.4	-67.1875
230.475	-67.125
230.55	-67.1875
230.625	-67.125
230.7	-67.2188
230.775	-67.2813
230.85	-67.1875
230.925	-67.3125
231	-67.2813
231.075	-67.25
231.15	-67.3125
231.225	-67.3125
231.3	-67.4375
231.375	-67.4063
231.45	-67.25
231.525	-67.4375
231.6	-67.3437
231.675	-67.4375
231.75	-67.4063
231.825	-67.4063
231.9	-67.5625
231.975	-67.4375
232.05	-67.4375
232.125	-67.5625
232.2	-67.5313
232.275	-67.5313
232.35	-67.375
232.425	-67.625
232.5	-67.5938
232.575	-67.5938
232.65	-67.5
232.725	-67.5938
232.8	-67.7188
232.875	-67.5313
232.95	-67.5313
233.025	-67.625
233.1	-67.625
233.175	-67.6562
233.25	-67.5313
233.325	-67.75
233.4	-67.7812
233.475	-67.6875
233.55	-67.6562
233.625	-67.8438
233.7	-67.7812
233.775	-67.6562
233.85	-67.6562
233.925	-67.7812
234	-67.9063
234.075	-67.7812
234.15	-67.7812
234.225	-67.8438
234.3	-67.7812
234.375	-67.75
234.45	-67.8438
234.525	-67.9375
234.6	-67.9375
234.675	-67.8125
234.75	-67.8438
234.825	-68
234.9	-67.9687
234.975	-67.7812
235.05	-67.875
235.125	-68.0937
235.2	-68
235.275	-67.9063
235.35	-68.0625
235.425	-68.1562
235.5	-68
235.575	-68
235.65	-68.0625
235.725	-68.125
235.8	-67.9687
235.875	-68.125
235.95	-68.0625
236.025	-68.1562
236.1	-68.125
236.175	-68.1562
236.25	-68.0937
236.325	-68.1562
236.4	-68.1875
236.475	-68.1562
236.55	-68.125
236.625	-68.3125
236.7	-68.1875
236.775	-68.0937
236.85	-68.1875
236.925	-68.25
237	-68.1562
237.075	-68.25
237.15	-68.4062
237.225	-68.1875
237.3	-68.125
237.375	-68.3125
237.45	-68.3438
237.525	-68.2188
237.6	-68.3438
237.675	-68.25
237.75	-68.25
237.825	-68.4062
237.9	-68.3125
237.975	-68.25
238.05	-68.375
238.125	-68.3438
238.2	-68.25
238.275	-68.4375
238.35	-68.4062
238.425	-68.375
238.5	-68.4687
238.575	-68.3438
238.65	-68.375
238.725	-68.5
238.8	-68.375
238.875	-68.4375
238.95	-68.4687
239.025	-68.375
239.1	-68.5937
239.175	-68.4687
239.25	-68.5
239.325	-68.5
239.4	-68.4687
239.475	-68.5937
239.55	-68.5313
239.625	-68.4062
239.7	-68.5625
239.775	-68.6563
239.85	-68.4687
239.925	-68.5625
240	-68.625
240.075	-68.5625
240.15	-68.5937
240.225	-68.4687
240.3	-68.6875
240.375	-68.625
240.45	-68.625
240.525	-68.5937
240.6	-68.5937
240.675	-68.6875
240.75	-68.5313
240.825	-68.6563
240.9	-68.6875
240.975	-68.7812
241.05	-68.625
241.125	-68.5625
241.2	-68.7812
241.275	-68.6563
241.35	-68.6875
241.425	-68.6563
241.5	-68.8125
241.575	-68.7812
241.65	-68.6875
241.725	-68.7812
241.8	-68.75
241.875	-68.7812
241.95	-68.7187
242.025	-68.75
242.1	-68.7812
242.175	-68.7812
242.25	-68.75
242.325	-68.8438
242.4	-68.9688
242.475	-68.8438
242.55	-68.7187
242.625	-68.7812
242.7	-68.875
242.775	-68.9375
242.85	-68.9062
242.925	-68.75
243	-68.8125
243.075	-68.8438
243.15	-68.8438
243.225	-68.8438
243.3	-68.9688
243.375	-68.9062
243.45	-68.9062
243.525	-68.9688
243.6	-68.9375
243.675	-68.9688
243.75	-68.875
243.825	-68.9062
243.9	-68.9688
243.975	-69
244.05	-69
244.125	-69
244.2	-69
244.275	-69
244.35	-68.9375
244.425	-68.9688
244.5	-69.125
244.575	-69.0313
244.65	-68.9375
244.725	-69.0313
244.8	-69.125
244.875	-69.0313
244.95	-69
245.025	-69.0937
245.1	-69.0313
245.175	-69.0313
245.25	-69.0625
245.325	-69.0625
245.4	-69
245.475	-69.125
245.55	-69.125
245.625	-69.0937
245.7	-69.125
245.775	-69.125
245.85	-69.0937
245.925	-69.125
246	-69.125
246.075	-69.0937
246.15	-69.2187
246.225	-69.2813
246.3	-69.1563
246.375	-69.1563
246.45	-69.25
246.525	-69.1563
246.6	-69.125
246.675	-69.2813
246.75	-69.2187
246.825	-69.1563
246.9	-69.3125
246.975	-69.2187
247.05	-69.25
247.125	-69.3125
247.2	-69.2187
247.275	-69.25
247.35	-69.3125
247.425	-69.1875
247.5	-69.25
247.575	-69.1875
247.65	-69.0937
247.725	-69.1563
247.8	-68.9688
247.875	-69.0625
247.95	-68.9375
248.025	-68.8438
248.1	-68.9375
248.175	-68.9375
248.25	-69
248.325	-68.9062
248.4	-68.875
248.475	-69
248.55	-68.9375
248.625	-68.9375
248.7	-68.875
248.775	-68.9688
248.85	-68.9688
248.925	-68.8125
249	-68.9062
249.075	-68.9062
249.15	-69
249.225	-68.9062
249.3	-68.9062
249.375	-69.0625
249.45	-68.9688
249.525	-68.9062
249.6	-68.9062
249.675	-69
249.75	-69
249.825	-68.8125
249.9	-69.0313
249.975	-69.0313
250.05	-69.0313
250.125	-69
250.2	-68.9375
250.275	-69
250.35	-69.0625
250.425	-69
250.5	-69
250.575	-69.0937
250.65	-69.0937
250.725	-69
250.8	-69.0937
250.875	-69.125
250.95	-69.0625
251.025	-69
251.1	-69.125
251.175	-69.1563
251.25	-69.0313
251.325	-69
251.4	-69.1875
251.475	-69.25
251.55	-69.0937
251.625	-69
251.7	-69.125
251.775	-69.25
251.85	-69.125
251.925	-69.1563
252	-69.2187
252.075	-69.25
252.15	-69.0625
252.225	-69
252.3	-69.1875
252.375	-69.2187
252.45	-69.0937
252.525	-69.2187
252.6	-69.2187
252.675	-69.2187
252.75	-69.125
252.825	-69.25
252.9	-69.3438
252.975	-69.25
253.05	-69.1875
253.125	-69.2813
253.2	-69.2813
253.275	-69.2187
253.35	-69.2813
253.425	-69.3438
253.5	-69.25
253.575	-69.25
253.65	-69.2813
253.725	-69.3438
253.8	-69.25
253.875	-69.25
253.95	-69.3125
254.025	-69.2187
254.1	-69.3125
254.175	-69.3125
254.25	-69.25
254.325	-69.3438
254.4	-69.4062
254.475	-69.3438
254.55	-69.3125
254.625	-69.4062
254.7	-69.3438
254.775	-69.375
254.85	-69.4062
254.925	-69.3438
255	-69.375
255.075	-69.4062
255.15	-69.25
255.225	-69.4688
255.3	-69.4375
255.375	-69.3438
255.45	-69.375
255.525	-69.375
255.6	-69.2813
255.675	-69.5312
255.75	-69.4375
255.825	-69.375
255.9	-69.4375
255.975	-69.4062
256.05	-69.4688
256.125	-69.4688
256.2	-69.375
256.275	-69.5
256.35	-69.5
256.425	-69.5
256.5	-69.4688
256.575	-69.5
256.65	-69.625
256.725	-69.5312
256.8	-69.5
256.875	-69.4688
256.95	-69.4375
257.025	-69.6563
257.1	-69.3125
257.175	-69.5312
257.25	-69.5625
257.325	-69.5937
257.4	-69.5
257.475	-69.4062
257.55	-69.5937
257.625	-69.4688
257.7	-69.5
257.775	-69.5625
257.85	-69.5625
257.925	-69.6563
258	-69.375
258.075	-69.5312
258.15	-69.5937
258.225	-69.625
258.3	-69.5312
258.375	-69.4688
258.45	-69.6563
258.525	-69.6563
258.6	-69.5312
258.675	-69.5312
258.75	-69.5625
258.825	-69.625
258.9	-69.5312
258.975	-69.5937
259.05	-69.5937
259.125	-69.5312
259.2	-69.5625
259.275	-69.6563
259.35	-69.7187
259.425	-69.625
259.5	-69.4688
259.575	-69.625
259.65	-69.7813
259.725	-69.7187
259.8	-69.5312
259.875	-69.625
259.95	-69.7813
260.025	-69.6563
260.1	-69.5937
260.175	-69.6563
260.25	-69.8125
260.325	-69.7813
260.4	-69.625
260.475	-69.7187
260.55	-69.7813
260.625	-69.6875
260.7	-69.5625
260.775	-69.7187
260.85	-69.8125
260.925	-69.6875
261	-69.625
261.075	-69.8437
261.15	-69.7813
261.225	-69.625
261.3	-69.7813
261.375	-69.8125
261.45	-69.6875
261.525	-69.7813
261.6	-69.8125
261.675	-69.7813
261.75	-69.75
261.825	-69.8437
261.9	-69.75
261.975	-69.7187
262.05	-69.875
262.125	-69.7813
262.2	-69.75
262.275	-69.875
262.35	-69.8437
262.425	-69.7187
262.5	-69.9062
262.575	-69.9062
262.65	-69.7813
262.725	-69.8125
262.8	-69.9375
262.875	-69.8437
262.95	-69.7813
263.025	-69.875
263.1	-69.875
263.175	-69.8437
263.25	-69.9688
263.325	-69.9062
263.4	-69.75
263.475	-69.9062
263.55	-69.875
263.625	-69.875
263.7	-69.9688
263.775	-69.875
263.85	-69.875
263.925	-69.9375
264	-69.8125
264.075	-69.9375
264.15	-69.8437
264.225	-69.8437
264.3	-69.9062
264.375	-69.8437
264.45	-69.9375
264.525	-70.0312
264.6	-69.875
264.675	-69.875
264.75	-69.9062
264.825	-69.9688
264.9	-69.9375
264.975	-69.8125
265.05	-69.9688
265.125	-69.9688
265.2	-69.9688
265.275	-69.9062
265.35	-69.875
265.425	-70.0938
265.5	-69.9688
265.575	-69.8437
265.65	-70.0312
265.725	-69.9375
265.8	-70
265.875	-69.9375
265.95	-69.9062
266.025	-70.0938
266.1	-69.9375
266.175	-69.9375
266.25	-69.9688
266.325	-70.0312
266.4	-69.875
266.475	-69.8437
266.55	-70
266.625	-69.9688
266.7	-70.0312
266.775	-69.9062
266.85	-69.9375
266.925	-70.0625
267	-70.0312
267.075	-69.9688
267.15	-69.9688
267.225	-70.0625
267.3	-70.0625
267.375	-70.0312
267.45	-70
267.525	-70.0312
267.6	-69.9688
267.675	-70
267.75	-70.1562
267.825	-70.1562
267.9	-70.0625
267.975	-69.9688
268.05	-70.0938
268.125	-70.125
268.2	-70
268.275	-69.9688
268.35	-70.0312
268.425	-70.1562
268.5	-69.9688
268.575	-69.875
268.65	-70
268.725	-70.125
268.8	-70.0312
268.875	-69.9375
268.95	-70.0938
269.025	-70.125
269.1	-69.9688
269.175	-70
269.25	-70.125
269.325	-70.0938
269.4	-69.9375
269.475	-70.0312
269.55	-70.0625
269.625	-70.0312
269.7	-70
269.775	-70.0625
269.85	-70
269.925	-70
270	-70
270.075	-70.0312
270.15	-70
270.225	-70.1562
270.3	-70.0938
270.375	-70
270.45	-70.0938
270.525	-70.125
270.6	-70.0625
270.675	-70.0312
270.75	-70.1562
270.825	-70.0312
270.9	-70
270.975	-70.1562
271.05	-70.0625
271.125	-70.0312
271.2	-70.0938
271.275	-70.125
271.35	-70.0312
271.425	-70.0938
271.5	-70.1562
271.575	-70.0938
271.65	-70.0938
271.725	-70.2187
271.8	-70.0938
271.875	-70.0625
271.95	-70.125
272.025	-70.0625
272.1	-70.125
272.175	-70.125
272.25	-70.125
272.325	-70.1562
272.4	-70.0625
272.475	-70.0625
272.55	-70.0938
272.625	-70.0312
272.7	-70.25
272.775	-70.125
272.85	-70.0625
272.925	-70.125
273	-70.125
273.075	-70.125
273.15	-70
273.225	-70.1562
273.3	-70.2813
273.375	-70.1875
273.45	-70.1875
273.525	-70.1562
273.6	-70.2813
273.675	-70.1562
273.75	-70.0938
273.825	-70.2187
273.9	-70.125
273.975	-70.1875
274.05	-70.1562
274.125	-70.1562
274.2	-70.3437
274.275	-70.125
274.35	-70.125
274.425	-70.2187
274.5	-70.125
274.575	-70.1875
274.65	-70
274.725	-70.25
274.8	-70.1875
274.875	-70.2187
274.95	-70.125
275.025	-70.1875
275.1	-70.2813
275.175	-70.125
275.25	-70.0938
275.325	-70.3125
275.4	-70.2187
275.475	-70.125
275.55	-70.0938
275.625	-70.3125
275.7	-70.3125
275.775	-70.125
275.85	-70.0938
275.925	-70.1562
276	-70.2187
276.075	-70.1875
276.15	-70.1875
276.225	-70.2187
276.3	-70.2187
276.375	-70.1562
276.45	-70.2187
276.525	-70.3125
276.6	-70.25
276.675	-70.0625
276.75	-70.1875
276.825	-70.2813
276.9	-70.2187
276.975	-70.125
277.05	-70.1875
277.125	-70.3125
277.2	-70.1875
277.275	-70.1875
277.35	-70.1875
277.425	-70.25
277.5	-70.2187
277.575	-70.2187
277.65	-70.25
277.725	-70.2187
277.8	-70.2813
277.875	-70.25
277.95	-70.2187
278.025	-70.2187
278.1	-70.3125
278.175	-70.2187
278.25	-70.1875
278.325	-70.2813
278.4	-70.3125
278.475	-70.2187
278.55	-70.25
278.625	-70.375
278.7	-70.3125
278.775	-70.2187
278.85	-70.2813
278.925	-70.3437
279	-70.1562
279.075	-70.2187
279.15	-70.3437
279.225	-70.2813
279.3	-70.1875
279.375	-70.3125
279.45	-70.2813
279.525	-70.2187
279.6	-70.3125
279.675	-70.25
279.75	-70.2187
279.825	-70.2813
279.9	-70.3437
279.975	-70.2813
280.05	-70.3125
280.125	-70.25
280.2	-70.25
280.275	-70.4063
280.35	-70.25
280.425	-70.2187
280.5	-70.3125
280.575	-70.2813
280.65	-70.3125
280.725	-70.2813
280.8	-70.25
280.875	-70.4063
280.95	-70.25
281.025	-70.2187
281.1	-70.3437
281.175	-70.25
281.25	-70.3437
281.325	-70.3437
281.4	-70.2813
281.475	-70.4688
281.55	-70.3125
281.625	-70.3437
281.7	-70.4063
281.775	-70.3437
281.85	-70.4063
281.925	-70.2813
282	-70.2187
282.075	-70.4063
282.15	-70.25
282.225	-70.25
282.3	-70.375
282.375	-70.3125
282.45	-70.375
282.525	-70.1875
282.6	-70.4063
282.675	-70.25
282.75	-70.3125
282.825	-70.2813
282.9	-70.4375
282.975	-70.3437
283.05	-70.375
283.125	-70.25
283.2	-70.3125
283.275	-70.4063
283.35	-70.1875
283.425	-70.2813
283.5	-70.4063
283.575	-70.4063
283.65	-70.3125
283.725	-70.3125
283.8	-70.375
283.875	-70.4063
283.95	-70.2813
284.025	-70.3125
284.1	-70.4375
284.175	-70.4375
284.25	-70.2813
284.325	-70.25
284.4	-70.4063
284.475	-70.4375
284.55	-70.4063
284.625	-70.4063
284.7	-70.4063
284.775	-70.4688
284.85	-70.4063
284.925	-70.4063
285	-70.375
285.075	-70.4063
285.15	-70.3437
285.225	-70.4375
285.3	-70.4375
285.375	-70.375
285.45	-70.4063
285.525	-70.3437
285.6	-70.4063
285.675	-70.3437
285.75	-70.3437
285.825	-70.4688
285.9	-70.3437
285.975	-70.3437
286.05	-70.4063
286.125	-70.4375
286.2	-70.375
286.275	-70.375
286.35	-70.4375
286.425	-70.4375
286.5	-70.3437
286.575	-70.5
286.65	-70.4375
286.725	-70.4375
286.8	-70.5
286.875	-70.4063
286.95	-70.375
287.025	-70.5312
287.1	-70.4375
287.175	-70.375
287.25	-70.5
287.325	-70.4375
287.4	-70.375
287.475	-70.4688
287.55	-70.4375
287.625	-70.375
287.7	-70.5
287.775	-70.375
287.85	-70.375
287.925	-70.4688
288	-70.4063
288.075	-70.4688
288.15	-70.5
288.225	-70.3437
288.3	-70.375
288.375	-70.4688
288.45	-70.4063
288.525	-70.375
288.6	-70.5
288.675	-70.4375
288.75	-70.4688
288.825	-70.4688
288.9	-70.375
288.975	-70.375
289.05	-70.4688
289.125	-70.375
289.2	-70.4063
289.275	-70.4375
289.35	-70.3437
289.425	-70.4375
289.5	-70.4375
289.575	-70.4375
289.65	-70.4688
289.725	-70.4063
289.8	-70.4375
289.875	-70.4375
289.95	-70.4375
290.025	-70.4688
290.1	-70.3437
290.175	-70.5312
290.25	-70.5312
290.325	-70.4063
290.4	-70.4375
290.475	-70.4375
290.55	-70.5
290.625	-70.4063
290.7	-70.25
290.775	-70.5
290.85	-70.4375
290.925	-70.4375
291	-70.375
291.075	-70.4688
291.15	-70.4375
291.225	-70.4375
291.3	-70.4375
291.375	-70.5
291.45	-70.5
291.525	-70.3437
291.6	-70.4375
291.675	-70.4688
291.75	-70.5625
291.825	-70.5
291.9	-70.3437
291.975	-70.5
292.05	-70.5312
292.125	-70.4063
292.2	-70.375
292.275	-70.4688
292.35	-70.4688
292.425	-70.375
292.5	-70.5
292.575	-70.5625
292.65	-70.4688
292.725	-70.3437
292.8	-70.4688
292.875	-70.5938
292.95	-70.5625
293.025	-70.4688
293.1	-70.375
293.175	-70.4688
293.25	-70.5
293.325	-70.5
293.4	-70.4688
293.475	-70.5938
293.55	-70.5938
293.625	-70.5312
293.7	-70.4688
293.775	-70.4688
293.85	-70.5312
293.925	-70.5312
294	-70.4688
294.075	-70.4063
294.15	-70.4063
294.225	-70.4063
294.3	-70.5
294.375	-70.4688
294.45	-70.4375
294.525	-70.4375
294.6	-70.375
294.675	-70.375
294.75	-70.375
294.825	-70.3437
294.9	-70.3125
294.975	-70.4375
295.05	-70.375
295.125	-70.2813
295.2	-70.4063
295.275	-70.375
295.35	-70.25
295.425	-70.4063
295.5	-70.4063
295.575	-70.2813
295.65	-70.2813
295.725	-70.3125
295.8	-70.2813
295.875	-70.375
295.95	-70.4375
296.025	-70.375
296.1	-70.2813
296.175	-70.4063
296.25	-70.3437
296.325	-70.3125
296.4	-70.3437
296.475	-70.3437
296.55	-70.2187
296.625	-70.4063
296.7	-70.3437
296.775	-70.1875
296.85	-70.4063
296.925	-70.3437
297	-70.2187
297.075	-70.3437
297.15	-70.3437
297.225	-70.2813
297.3	-70.3125
297.375	-70.25
297.45	-70.25
297.525	-70.375
297.6	-70.3437
297.675	-70.3125
297.75	-70.3437
297.825	-70.2813
297.9	-70.3125
297.975	-70.25
298.05	-70.3437
298.125	-70.375
298.2	-70.2187
298.275	-70.3437
298.35	-70.25
298.425	-70.3437
298.5	-70.25
298.575	-70.1875
298.65	-70.4063
298.725	-70.2813
298.8	-70.25
298.875	-70.25
298.95	-70.25
299.025	-70.3437
299.1	-70.125
299.175	-70.2813
299.25	-70.25
299.325	-70.2813
299.4	-70.2187
299.475	-70.2187
299.55	-70.3125
299.625	-70.2187
299.7	-70.2187
299.775	-70.125
299.85	-70.25
299.925	-70.2813
300	-70.0625
300.075	-70.2187
300.15	-70.3437
300.225	-70.3125
300.3	-70.125
300.375	-70.2187
300.45	-70.2813
300.525	-70.2187
300.6	-70.125
300.675	-70.1875
300.75	-70.3125
300.825	-70.2187
300.9	-70.0938
300.975	-70.1562
301.05	-70.3437
301.125	-70.375
301.2	-70.1875
301.275	-70.125
301.35	-70.2187
301.425	-70.25
301.5	-70.2187
301.575	-70.1875
301.65	-70.2187
301.725	-70.2187
301.8	-70.2187
301.875	-70.1875
301.95	-70.1875
302.025	-70.2813
302.1	-70.1562
302.175	-70.1875
302.25	-70.25
302.325	-70.2813
302.4	-70.25
302.475	-70.1562
302.55	-70.25
302.625	-70.2187
302.7	-70.0938
302.775	-70.1562
302.85	-70.25
302.925	-70.2187
303	-70.125
303.075	-70.2187
303.15	-70.3437
303.225	-70.25
303.3	-70.1562
303.375	-70.3437
303.45	-70.25
303.525	-70.1875
303.6	-70.2187
303.675	-70.25
303.75	-70.2187
303.825	-70.1562
303.9	-70.25
303.975	-70.25
304.05	-70.2187
304.125	-70.2813
304.2	-70.1875
304.275	-70.125
304.35	-70.25
304.425	-70.25
304.5	-70.2187
304.575	-70.3125
304.65	-70.1875
304.725	-70.1875
304.8	-70.25
304.875	-70.125
304.95	-70.25
305.025	-70.25
305.1	-70.1875
305.175	-70.2813
305.25	-70.2187
305.325	-70.25
305.4	-70.375
305.475	-70.1875
305.55	-70.2813
305.625	-70.25
305.7	-70.125
305.775	-70.2813
305.85	-70.25
305.925	-70.25
306	-70.3125
306.075	-70.1562
306.15	-70.25
306.225	-70.2813
306.3	-70.1562
306.375	-70.1875
306.45	-70.1562
306.525	-70.2187
306.6	-70.25
306.675	-70.1562
306.75	-70.0938
306.825	-70.2187
306.9	-70.0625
306.975	-70.125
307.05	-70.0625
307.125	-70.1875
307.2	-70.1875
307.275	-69.9688
307.35	-70.0938
307.425	-70.125
307.5	-70.1562
307.575	-70.0312
307.65	-70
307.725	-70.1875
307.8	-70
307.875	-70.125
307.95	-69.875
308.025	-70.125
308.1	-70.0312
308.175	-70.0312
308.25	-70.0312
308.325	-70.0312
308.4	-70.0625
308.475	-69.9375
308.55	-69.875
308.625	-70.1562
308.7	-70.0938
308.775	-70
308.85	-69.9688
308.925	-70.0625
309	-70.0938
309.075	-70
309.15	-70
309.225	-70.0625
309.3	-69.9688
309.375	-69.875
309.45	-70
309.525	-70.0312
309.6	-70
309.675	-69.9062
309.75	-70.0312
309.825	-70.1562
309.9	-70
309.975	-69.8437
310.05	-69.9688
310.125	-70.1562
310.2	-70.0312
310.275	-69.875
310.35	-69.9375
310.425	-70.0625
310.5	-69.9375
310.575	-69.9062
310.65	-70
310.725	-70.0625
310.8	-70
310.875	-70
310.95	-70.0625
311.025	-70.0312
311.1	-69.875
311.175	-70.0312
311.25	-70.0312
311.325	-70
311.4	-69.9688
311.475	-69.9688
311.55	-70
311.625	-69.875
311.7	-70
311.775	-70.0312
311.85	-70
311.925	-70.0625
312	-70.0312
312.075	-69.9688
312.15	-69.9688
312.225	-70.0312
312.3	-69.9375
312.375	-69.9062
312.45	-70
312.525	-70.0625
312.6	-69.9688
312.675	-69.9375
312.75	-70.0312
312.825	-70.0312
312.9	-69.9375
312.975	-70
313.05	-70
313.125	-69.9688
313.2	-70.0625
313.275	-69.9688
313.35	-69.9375
313.425	-70.0312
313.5	-70
313.575	-70.0312
313.65	-70
313.725	-69.9062
313.8	-70.0625
313.875	-70.0625
313.95	-69.9062
314.025	-70.0312
314.1	-70
314.175	-70
314.25	-70.0312
314.325	-69.9688
314.4	-70
314.475	-70.0625
314.55	-69.875
314.625	-70
314.7	-70
314.775	-69.9688
314.85	-70.0312
314.925	-69.875
