4200 2
0	-69.6875
0.075	-69.7813
0.15	-69.6563
0.225	-69.5625
0.3	-69.7187
0.375	-69.625
0.45	-69.5312
0.525	-69.6563
0.6	-69.6563
0.675	-69.6563
0.75	-69.6875
0.825	-69.6563
0.9	-69.5937
0.975	-69.7187
1.05	-69.6563
1.125	-69.5312
1.2	-69.6563
1.275	-69.6563
1.35	-69.5937
1.425	-69.625
1.5	-69.6563
1.575	-69.5625
1.65	-69.625
1.725	-69.6875
1.8	-69.5312
1.875	-69.7187
1.95	-69.6563
2.025	-69.5937
2.1	-69.5625
2.175	-69.5937
2.25	-69.6563
2.325	-69.5
2.4	-69.5937
2.475	-69.7187
2.55	-69.5312
2.625	-69.5937
2.7	-69.5937
2.775	-69.625
2.85	-69.7187
2.925	-69.5625
3	-69.5625
3.075	-69.7187
3.15	-69.6563
3.225	-69.6563
3.3	-69.5312
3.375	-69.7187
3.45	-69.5937
3.525	-69.5625
3.6	-69.625
3.675	-69.6563
3.75	-69.6875
3.825	-69.5312
3.9	-69.6875
3.975	-69.6563
4.05	-69.6875
4.125	-69.5312
4.2	-69.5625
4.275	-69.7813
4.35	-69.5937
4.425	-69.5937
4.5	-69.6563
4.575	-69.75
4.65	-69.5625
4.725	-69.5312
4.8	-69.6563
4.875	-69.7813
4.95	-69.6875
5.025	-69.5937
5.1	-69.5
5.175	-69.6563
5.25	-69.7187
5.325	-69.625
5.4	-69.5625
5.475	-69.625
5.55	-69.6875
5.625	-69.625
5.7	-69.6875
5.775	-69.6563
5.85	-69.625
5.925	-69.6563
6	-69.625
6.075	-69.7187
6.15	-69.6875
6.225	-69.6875
6.3	-69.5937
6.375	-69.7813
6.45	-69.6875
6.525	-69.625
6.6	-69.625
6.675	-69.7187
6.75	-69.625
6.825	-69.5625
6.9	-69.6875
6.975	-69.7813
7.05	-69.625
7.125	-69.5937
7.2	-69.7187
7.275	-69.7813
7.35	-69.5312
7.425	-69.6563
7.5	-69.6875
7.575	-69.6875
7.65	-69.625
7.725	-69.6875
7.8	-69.6875
7.875	-69.625
7.95	-69.625
8.025	-69.7187
8.1	-69.6563
8.175	-69.7187
8.25	-69.7187
8.325	-69.6563
8.4	-69.6563
8.475	-69.75
8.55	-69.7187
8.625	-69.625
8.7	-69.7187
8.775	-69.7813
8.85	-69.625
8.925	-69.75
9	-69.7187
9.075	-69.5937
9.15	-69.6563
9.225	-69.7187
9.3	-69.6563
9.375	-69.7187
9.45	-69.7187
9.525	-69.6563
9.6	-69.7187
9.675	-69.7813
9.75	-69.5937
9.825	-69.6875
9.9	-69.7187
9.975	-69.6875
10.05	-69.75
10.125	-69.75
10.2	-69.6563
10.275	-69.7813
10.35	-69.7187
10.425	-69.6563
10.5	-69.75
10.575	-69.625
10.65	-69.7813
10.725	-69.7187
10.8	-69.6875
10.875	-69.7813
10.95	-69.6875
11.025	-69.8125
11.1	-69.6563
11.175	-69.7187
11.25	-69.75
11.325	-69.7813
11.4	-69.6563
11.475	-69.625
11.55	-69.875
11.625	-69.75
11.7	-69.6563
11.775	-69.7813
11.85	-69.7813
11.925	-69.7813
12	-69.5937
12.075	-69.75
12.15	-69.7813
12.225	-69.7813
12.3	-69.6563
12.375	-69.625
12.45	-69.9062
12.525	-69.7813
12.6	-69.5625
12.675	-69.75
12.75	-69.8125
12.825	-69.6875
12.9	-69.7187
12.975	-69.8125
13.05	-69.7813
13.125	-69.625
13.2	-69.6563
13.275	-69.875
13.35	-69.9062
13.425	-69.7187
13.5	-69.6563
13.575	-69.75
13.65	-69.8125
13.725	-69.7813
13.8	-69.6875
13.875	-69.6563
13.95	-69.7813
14.025	-69.8125
14.1	-69.7813
14.175	-69.75
14.25	-69.7813
14.325	-69.8125
14.4	-69.6563
14.475	-69.6875
14.55	-69.875
14.625	-69.7813
14.7	-69.7187
14.775	-69.6875
14.85	-69.75
14.925	-69.8125
15	-69.125
15.075	-68.6875
15.15	-68.4687
15.225	-68.1875
15.3	-68.0937
15.375	-68.1875
15.45	-68.125
15.525	-67.9375
15.6	-67.9375
15.675	-67.9375
15.75	-67.7812
15.825	-67.7188
15.9	-67.75
15.975	-67.6875
16.05	-67.5313
16.125	-67.5625
16.2	-67.5625
16.275	-67.375
16.35	-67.4375
16.425	-67.4375
16.5	-67.3437
16.575	-67.375
16.65	-67.3125
16.725	-67.2188
16.8	-67.125
16.875	-67.1875
16.95	-67.0625
17.025	-67.125
17.1	-67.0938
17.175	-66.9687
17.25	-67.0312
17.325	-67
17.4	-66.9375
17.475	-66.875
17.55	-66.9063
17.625	-66.7813
17.7	-66.6875
17.775	-66.8125
17.85	-66.6875
17.925	-66.6875
18	-66.7813
18.075	-66.5938
18.15	-66.6562
18.225	-66.5938
18.3	-66.4063
18.375	-66.5
18.45	-66.5312
18.525	-66.5
18.6	-66.4375
18.675	-66.375
18.75	-66.25
18.825	-66.4063
18.9	-66.3125
18.975	-66.1875
19.05	-66.25
19.125	-66.125
19.2	-66.2813
19.275	-66.0625
19.35	-66.125
19.425	-66.125
19.5	-66
19.575	-65.9375
19.65	-65.9375
19.725	-66.125
19.8	-65.9062
19.875	-65.9375
19.95	-65.9375
20.025	-66
20.1	-65.9062
20.175	-65.7187
20.25	-65.7813
20.325	-65.75
20.4	-65.75
20.475	-65.6875
20.55	-65.75
20.625	-65.75
20.7	-65.5312
20.775	-65.5937
20.85	-65.5937
20.925	-65.625
21	-65.5937
21.075	-65.5312
21.15	-65.5312
21.225	-65.5937
21.3	-65.5312
21.375	-65.4062
21.45	-65.5
21.525	-65.5
21.6	-65.3125
21.675	-65.2812
21.75	-65.4375
21.825	-65.4062
21.9	-65.25
21.975	-65.1563
22.05	-65.2187
22.125	-65.3125
22.2	-65.1875
22.275	-65
22.35	-65.0937
22.425	-65.25
22.5	-65.125
22.575	-65
22.65	-65.0625
22.725	-65.125
22.8	-65
22.875	-64.9687
22.95	-65.0313
23.025	-65.0937
23.1	-64.9062
23.175	-64.875
23.25	-65.0313
23.325	-64.9687
23.4	-64.7812
23.475	-64.8125
23.55	-64.9062
23.625	-64.9062
23.7	-64.7188
23.775	-64.75
23.85	-64.8125
23.925	-64.8125
24	-64.6563
24.075	-64.6563
24.15	-64.7812
24.225	-64.6563
24.3	-64.5313
24.375	-64.5937
24.45	-64.6563
24.525	-64.5313
24.6	-64.4687
24.675	-64.5937
24.75	-64.5625
24.825	-64.4375
24.9	-64.4687
24.975	-64.5937
25.05	-64.4375
25.125	-64.375
25.2	-64.4687
25.275	-64.3438
25.35	-64.3438
25.425	-64.4687
25.5	-64.3438
25.575	-64.3125
25.65	-64.375
25.725	-64.3125
25.8	-64.25
25.875	-64.3438
25.95	-64.2188
26.025	-64.25
26.1	-64.25
26.175	-64.1562
26.25	-64.1875
26.325	-64.25
26.4	-64.1562
26.475	-64.2188
26.55	-64
26.625	-64
26.7	-64.1562
26.775	-63.9375
26.85	-64.0625
26.925	-64
27	-63.9687
27.075	-63.9687
27.15	-63.875
27.225	-63.9687
27.3	-63.9375
27.375	-63.9063
27.45	-63.875
27.525	-63.7812
27.6	-63.9063
27.675	-63.7812
27.75	-63.6562
27.825	-63.8125
27.9	-63.8437
27.975	-63.6562
28.05	-63.7188
28.125	-63.625
28.2	-63.7812
28.275	-63.6875
28.35	-63.5625
28.425	-63.6875
28.5	-63.6562
28.575	-63.6562
28.65	-63.5312
28.725	-63.5625
28.8	-63.625
28.875	-63.4375
28.95	-63.5312
29.025	-63.4375
29.1	-63.5938
29.175	-63.4063
29.25	-63.3437
29.325	-63.4687
29.4	-63.4375
29.475	-63.3437
29.55	-63.25
29.625	-63.4375
29.7	-63.4375
29.775	-63.25
29.85	-63.125
29.925	-63.375
30	-63.4063
30.075	-63.25
30.15	-63.2188
30.225	-63.25
30.3	-63.25
30.375	-63.2813
30.45	-63.1562
30.525	-63.1875
30.6	-63.125
30.675	-63.125
30.75	-63.1562
30.825	-63.2188
30.9	-63.125
30.975	-63.0625
31.05	-63.1562
31.125	-63.125
31.2	-63.0312
31.275	-63.0312
31.35	-63.0625
31.425	-63.0312
31.5	-62.9375
31.575	-62.9688
31.65	-62.9375
31.725	-62.9688
31.8	-62.875
31.875	-62.9375
31.95	-62.9375
32.025	-62.9375
32.1	-62.8125
32.175	-62.875
32.25	-62.875
32.325	-62.8125
32.4	-62.9063
32.475	-62.7813
32.55	-62.7813
32.625	-62.8437
32.7	-62.875
32.775	-62.75
32.85	-62.6875
32.925	-62.8125
33	-62.75
33.075	-62.625
33.15	-62.75
33.225	-62.75
33.3	-62.5938
33.375	-62.6563
33.45	-62.6563
33.525	-62.5625
33.6	-62.7187
33.675	-62.7187
33.75	-62.5625
33.825	-62.6563
33.9	-62.625
33.975	-62.5625
34.05	-62.5
34.125	-62.5938
34.2	-62.5625
34.275	-62.5312
34.35	-62.5625
34.425	-62.5
34.5	-62.4375
34.575	-62.5625
34.65	-62.5312
34.725	-62.375
34.8	-62.5
34.875	-62.4375
34.95	-62.4687
35.025	-62.4062
35.1	-62.375
35.175	-62.4375
35.25	-62.3438
35.325	-62.25
35.4	-62.4687
35.475	-62.2813
35.55	-62.3438
35.625	-62.3438
35.7	-62.25
35.775	-62.4062
35.85	-62.25
35.925	-62.1562
36	-62.4062
36.075	-62.3125
36.15	-62.125
36.225	-62.2188
36.3	-62.25
36.375	-62.3438
36.45	-62.2188
36.525	-62.2188
36.6	-62.2813
36.675	-62.2188
36.75	-62.1562
36.825	-62.0937
36.9	-62.1562
36.975	-62.3438
37.05	-62.125
37.125	-62.125
37.2	-62.125
37.275	-62.1562
37.35	-62.0937
37.425	-61.9688
37.5	-62.125
37.575	-62.1562
37.65	-61.9688
37.725	-62.0313
37.8	-62.1562
37.875	-62.0625
37.95	-61.9375
38.025	-62
38.1	-62.1875
38.175	-62.0625
38.25	-61.9375
38.325	-61.9062
38.4	-62.0625
38.475	-62.0625
38.55	-61.9375
38.625	-61.9375
38.7	-62.0313
38.775	-62.0313
38.85	-61.9062
38.925	-61.9375
39	-61.9375
39.075	-62
39.15	-61.9062
39.225	-61.8437
39.3	-61.9688
39.375	-61.9375
39.45	-61.875
39.525	-61.9062
39.6	-61.8437
39.675	-61.875
39.75	-61.8125
39.825	-61.8125
39.9	-61.8437
39.975	-61.8125
40.05	-61.8125
40.125	-61.7812
40.2	-61.8437
40.275	-61.8437
40.35	-61.7188
40.425	-61.7188
40.5	-61.75
40.575	-61.7812
40.65	-61.7812
40.725	-61.6875
40.8	-61.7188
40.875	-61.7812
40.95	-61.7188
41.025	-61.625
41.1	-61.6563
41.175	-61.7812
41.25	-61.6875
41.325	-61.6563
41.4	-61.6875
41.475	-61.6563
41.55	-61.5625
41.625	-61.6563
41.7	-61.6875
41.775	-61.6563
41.85	-61.5937
41.925	-61.7188
42	-61.5625
42.075	-61.5625
42.15	-61.5625
42.225	-61.5625
42.3	-61.5
42.375	-61.5937
42.45	-61.5625
42.525	-61.5937
42.6	-61.6563
42.675	-61.5312
42.75	-61.5312
42.825	-61.5937
42.9	-61.4688
42.975	-61.5312
43.05	-61.5625
43.125	-61.4688
43.2	-61.5625
43.275	-61.625
43.35	-61.4688
43.425	-61.5
43.5	-61.4375
43.575	-61.4375
43.65	-61.5312
43.725	-61.4688
43.8	-61.4063
43.875	-61.5625
43.95	-61.4063
44.025	-61.4063
44.1	-61.375
44.175	-61.375
44.25	-61.5312
44.325	-61.4063
44.4	-61.375
44.475	-61.4063
44.55	-61.3438
44.625	-61.3438
44.7	-61.2812
44.775	-61.375
44.85	-61.4375
44.925	-61.2187
45	-61.3125
45.075	-61.3438
45.15	-61.4063
45.225	-61.3438
45.3	-61.2187
45.375	-61.375
45.45	-61.3125
45.525	-61.2812
45.6	-61.1875
45.675	-61.375
45.75	-61.3125
45.825	-61.125
45.9	-61.2812
45.975	-61.2812
46.05	-61.25
46.125	-61.25
46.2	-61.125
46.275	-61.2187
46.35	-61.25
46.425	-61.2187
46.5	-61.1875
46.575	-61.25
46.65	-61.125
46.725	-61.0938
46.8	-61.25
46.875	-61.2812
46.95	-61.1563
47.025	-61
47.1	-61.0625
47.175	-61.25
47.25	-61.2187
47.325	-61.0625
47.4	-61.0625
47.475	-61.25
47.55	-61.1563
47.625	-61.0312
47.7	-61.0625
47.775	-61.2187
47.85	-61.2187
47.925	-61.0312
48	-61.0938
48.075	-61.1563
48.15	-61.0938
48.225	-61.125
48.3	-61.125
48.375	-61.125
48.45	-61.0625
48.525	-61.0312
48.6	-61.0312
48.675	-61
48.75	-61.0625
48.825	-61.0938
48.9	-61
48.975	-61
49.05	-61.0625
49.125	-60.9687
49.2	-60.9687
49.275	-61.0625
49.35	-61.0312
49.425	-60.9375
49.5	-60.9375
49.575	-61
49.65	-60.9063
49.725	-60.9063
49.8	-61.0312
49.875	-61
49.95	-60.8125
50.025	-60.9375
50.1	-60.9375
50.175	-60.875
50.25	-61
50.325	-60.9375
50.4	-60.8125
50.475	-60.9687
50.55	-60.875
50.625	-60.875
50.7	-60.9687
50.775	-60.8438
50.85	-60.875
50.925	-60.9375
51	-60.9063
51.075	-60.8125
51.15	-60.9375
51.225	-60.9063
51.3	-60.8125
51.375	-60.9687
51.45	-60.8125
51.525	-60.875
51.6	-60.8438
51.675	-60.8125
51.75	-60.875
51.825	-60.8125
51.9	-60.7813
51.975	-60.875
52.05	-60.7813
52.125	-60.7813
52.2	-60.8125
52.275	-60.75
52.35	-60.8438
52.425	-60.875
52.5	-60.6875
52.575	-60.8438
52.65	-60.8125
52.725	-60.8125
52.8	-60.8438
52.875	-60.7187
52.95	-60.9375
53.025	-60.8438
53.1	-60.6562
53.175	-60.75
53.25	-60.8125
53.325	-60.9063
53.4	-60.6562
53.475	-60.6875
53.55	-60.75
53.625	-60.625
53.7	-60.7187
53.775	-60.625
53.85	-60.8125
53.925	-60.75
54	-60.5938
54.075	-60.75
54.15	-60.6875
54.225	-60.7813
54.3	-60.5938
54.375	-60.5938
54.45	-60.8125
54.525	-60.7813
54.6	-60.5938
54.675	-60.5625
54.75	-60.6562
54.825	-60.6875
54.9	-60.625
54.975	-60.6562
55.05	-60.625
55.125	-60.5313
55.2	-60.4687
55.275	-60.6562
55.35	-60.7813
55.425	-60.75
55.5	-60.4687
55.575	-60.5
55.65	-60.6562
55.725	-60.625
55.8	-60.5
55.875	-60.5
55.95	-60.5938
56.025	-60.6562
56.1	-60.5
56.175	-60.4687
56.25	-60.5938
56.325	-60.5938
56.4	-60.5313
56.475	-60.5313
56.55	-60.5313
56.625	-60.5313
56.7	-60.5313
56.775	-60.5
56.85	-60.4687
56.925	-60.5
57	-60.5313
57.075	-60.5313
57.15	-60.5
57.225	-60.5313
57.3	-60.4687
57.375	-60.5
57.45	-60.5
57.525	-60.5625
57.6	-60.5
57.675	-60.4375
57.75	-60.5
57.825	-60.4375
57.9	-60.4375
57.975	-60.5
58.05	-60.4375
58.125	-60.375
58.2	-60.5
58.275	-60.5
58.35	-60.4687
58.425	-60.4687
58.5	-60.375
58.575	-60.4687
58.65	-60.375
58.725	-60.375
58.8	-60.4062
58.875	-60.4375
58.95	-60.375
59.025	-60.4062
59.1	-60.4062
59.175	-60.3125
59.25	-60.4062
59.325	-60.4687
59.4	-60.2813
59.475	-60.2813
59.55	-60.4062
59.625	-60.375
59.7	-60.25
59.775	-60.3437
59.85	-60.3125
59.925	-60.2813
60	-60.4375
60.075	-60.3437
60.15	-60.25
60.225	-60.4375
60.3	-60.25
60.375	-60.2188
60.45	-60.25
60.525	-60.2813
60.6	-60.375
60.675	-60.2188
60.75	-60.25
60.825	-60.3437
60.9	-60.2813
60.975	-60.3437
61.05	-60.3125
61.125	-60.3437
61.2	-60.4062
61.275	-60.1875
61.35	-60.2813
61.425	-60.4375
61.5	-60.2188
61.575	-60.3125
61.65	-60.1875
61.725	-60.375
61.8	-60.3125
61.875	-60.0625
61.95	-60.2813
62.025	-60.25
62.1	-60.25
62.175	-60.125
62.25	-60.2813
62.325	-60.2813
62.4	-60.2188
62.475	-60.1875
62.55	-60.1875
62.625	-60.4062
62.7	-60.2188
62.775	-60.0625
62.85	-60.2188
62.925	-60.3437
63	-60.2188
63.075	-60.0937
63.15	-60.0625
63.225	-60.25
63.3	-60.2813
63.375	-60.1875
63.45	-60.1875
63.525	-60.2813
63.6	-60.125
63.675	-60.0625
63.75	-60.1562
63.825	-60.25
63.9	-60.125
63.975	-60.0625
64.05	-60.1875
64.125	-60.25
64.2	-60.0937
64.275	-60.0313
64.35	-60.1562
64.425	-60.1562
64.5	-60
64.575	-59.9688
64.65	-60.1875
64.725	-60.1562
64.8	-60.0313
64.875	-59.9688
64.95	-60.0937
65.025	-60.1562
65.1	-60.0625
65.175	-60
65.25	-60.0313
65.325	-60.0625
65.4	-60
65.475	-60
65.55	-60.0937
65.625	-60.0625
65.7	-59.9688
65.775	-60.0625
65.85	-60.0625
65.925	-59.9688
66	-59.9688
66.075	-60.0313
66.15	-60
66.225	-59.9063
66.3	-60.0313
66.375	-60.0313
66.45	-59.9375
66.525	-60
66.6	-59.9375
66.675	-59.9375
66.75	-59.9375
66.825	-60.0313
66.9	-60.0313
66.975	-59.9375
67.05	-60.0625
67.125	-60
67.2	-59.9063
67.275	-60.0313
67.35	-59.9375
67.425	-59.875
67.5	-60
67.575	-59.9063
67.65	-60.0313
67.725	-60
67.8	-59.9063
67.875	-59.9688
67.95	-59.9688
68.025	-59.875
68.1	-59.9688
68.175	-59.9688
68.25	-59.875
68.325	-59.9375
68.4	-60
68.475	-59.9063
68.55	-59.9688
68.625	-59.9375
68.7	-59.875
68.775	-59.9688
68.85	-59.8437
68.925	-59.9063
69	-59.9688
69.075	-59.9375
69.15	-59.9063
69.225	-59.9688
69.3	-59.9375
69.375	-60
69.45	-59.8437
69.525	-59.8437
69.6	-60.0625
69.675	-59.875
69.75	-59.9063
69.825	-59.8125
69.9	-59.9375
69.975	-59.9688
70.05	-59.7188
70.125	-59.9063
70.2	-59.9375
70.275	-59.875
70.35	-59.8125
70.425	-59.7812
70.5	-59.9688
70.575	-59.8125
70.65	-59.8437
70.725	-59.8125
70.8	-59.9063
70.875	-59.875
70.95	-59.7188
71.025	-59.875
71.1	-60
71.175	-59.7812
71.25	-59.6875
71.325	-59.875
71.4	-59.9688
71.475	-59.8125
71.55	-59.7188
71.625	-59.8125
71.7	-59.9063
71.775	-59.7812
71.85	-59.7812
71.925	-59.9063
72	-59.9063
72.075	-59.7188
72.15	-59.6563
72.225	-59.875
72.3	-59.9063
72.375	-59.7812
72.45	-59.6875
72.525	-59.8125
72.6	-59.875
72.675	-59.7812
72.75	-59.6875
72.825	-59.8437
72.9	-59.9063
72.975	-59.7812
73.05	-59.625
73.125	-59.7812
73.2	-59.8437
73.275	-59.7812
73.35	-59.6875
73.425	-59.7812
73.5	-59.8437
73.575	-59.75
73.65	-59.7188
73.725	-59.7188
73.8	-59.8125
73.875	-59.7188
73.95	-59.6563
74.025	-59.7188
74.1	-59.8437
74.175	-59.6875
74.25	-59.6875
74.325	-59.7812
74.4	-59.75
74.475	-59.625
74.55	-59.7188
74.625	-59.8125
74.7	-59.7188
74.775	-59.7188
74.85	-59.7812
74.925	-59.7188
75	-59.625
75.075	-59.75
75.15	-59.7188
75.225	-59.6875
75.3	-59.7812
75.375	-59.7188
75.45	-59.625
75.525	-59.7188
75.6	-59.7812
75.675	-59.6875
75.75	-59.7188
75.825	-59.8125
75.9	-59.6563
75.975	-59.7812
76.05	-59.75
76.125	-59.6563
76.2	-59.625
76.275	-59.75
76.35	-59.6875
76.425	-59.7188
76.5	-59.75
76.575	-59.5937
76.65	-59.6875
76.725	-59.5625
76.8	-59.5625
76.875	-59.6875
76.95	-59.4375
77.025	-59.5
77.1	-59.5312
77.175	-59.4375
77.25	-59.375
77.325	-59.2812
77.4	-59.4063
77.475	-59.4063
77.55	-59.3125
77.625	-59.375
77.7	-59.2812
77.775	-59.4063
77.85	-59.3125
77.925	-59.1875
78	-59.375
78.075	-59.3125
78.15	-59.25
78.225	-59.2187
78.3	-59.1563
78.375	-59.3125
78.45	-59.125
78.525	-59.125
78.6	-59.25
78.675	-59.2812
78.75	-59.1563
78.825	-59.0625
78.9	-59.2812
78.975	-59.1875
79.05	-59.1563
79.125	-59.0625
79.2	-59.1563
79.275	-59.25
79.35	-59.125
79.425	-59.0313
79.5	-59.125
79.575	-59.1875
79.65	-59.0938
79.725	-58.9687
79.8	-59.0313
79.875	-59.1563
79.95	-59.0938
80.025	-59.0313
80.1	-59.125
80.175	-59.0938
80.25	-58.9375
80.325	-59
80.4	-59.0938
80.475	-59.2187
80.55	-59.0625
80.625	-58.9687
80.7	-59.0938
80.775	-59.1875
80.85	-59.0625
80.925	-59.0313
81	-59.0313
81.075	-59.2187
81.15	-59.0625
81.225	-59
81.3	-59.0625
81.375	-59.1563
81.45	-58.9687
81.525	-58.9687
81.6	-58.9687
81.675	-59.1563
81.75	-59.0313
81.825	-59
81.9	-59.0625
81.975	-59.0625
82.05	-58.9687
82.125	-58.9687
82.2	-59.0625
82.275	-59.125
82.35	-58.9687
82.425	-59.0313
82.5	-59.0938
82.575	-58.9687
82.65	-58.9687
82.725	-59.0938
82.8	-59.0313
82.875	-58.9375
82.95	-58.9062
83.025	-58.9687
83.1	-59.0313
83.175	-58.9062
83.25	-58.9375
83.325	-59.0313
83.4	-58.9687
83.475	-58.875
83.55	-59.0313
83.625	-59
83.7	-58.9062
83.775	-59
83.85	-59.0313
83.925	-58.875
84	-58.9375
84.075	-58.9375
84.15	-58.9062
84.225	-59.0313
84.3	-58.875
84.375	-58.875
84.45	-58.9687
84.525	-58.8438
84.6	-58.9687
84.675	-58.9687
84.75	-58.875
84.825	-58.9375
84.9	-58.9062
84.975	-58.8125
85.05	-59.0313
85.125	-58.9062
85.2	-58.8438
85.275	-58.9687
85.35	-58.875
85.425	-58.8125
85.5	-58.8438
85.575	-58.7813
85.65	-58.9062
85.725	-58.875
85.8	-58.6875
85.875	-58.9062
85.95	-58.8438
86.025	-58.7187
86.1	-58.7813
86.175	-58.75
86.25	-58.9062
86.325	-58.75
86.4	-58.7187
86.475	-58.8125
86.55	-58.875
86.625	-58.8125
86.7	-58.6875
86.775	-58.8125
86.85	-58.8438
86.925	-58.8125
87	-58.7187
87.075	-58.6875
87.15	-58.8438
87.225	-58.625
87.3	-58.7187
87.375	-58.7813
87.45	-58.8438
87.525	-58.6875
87.6	-58.5625
87.675	-58.8125
87.75	-58.8125
87.825	-58.625
87.9	-58.6562
87.975	-58.7813
88.05	-58.7813
88.125	-58.6875
88.2	-58.6562
88.275	-58.6875
88.35	-58.7187
88.425	-58.6875
88.5	-58.7187
88.575	-58.7813
88.65	-58.7813
88.725	-58.5938
88.8	-58.625
88.875	-58.8125
88.95	-58.8125
89.025	-58.625
89.1	-58.625
89.175	-58.7813
89.25	-58.7813
89.325	-58.5938
89.4	-58.6562
89.475	-58.8125
89.55	-58.8438
89.625	-58.6562
89.7	-58.625
89.775	-58.8125
89.85	-58.8438
89.925	-58.625
90	-58.625
90.075	-58.8438
90.15	-58.7813
90.225	-58.5625
90.3	-58.6875
90.375	-58.7813
90.45	-58.6562
90.525	-58.5625
90.6	-58.6875
90.675	-58.7813
90.75	-58.625
90.825	-58.625
90.9	-58.7813
90.975	-58.75
91.05	-58.6562
91.125	-58.7813
91.2	-58.6562
91.275	-58.5938
91.35	-58.7187
91.425	-58.7187
91.5	-58.6875
91.575	-58.6562
91.65	-58.7813
91.725	-58.7187
91.8	-58.5938
91.875	-58.7187
91.95	-58.7187
92.025	-58.6562
92.1	-58.6562
92.175	-58.7813
92.25	-58.6562
92.325	-58.625
92.4	-58.7187
92.475	-58.6875
92.55	-58.6562
92.625	-58.75
92.7	-58.7187
92.775	-58.625
92.85	-58.6875
92.925	-58.7187
93	-58.625
93.075	-58.7187
93.15	-58.6562
93.225	-58.625
93.3	-58.6562
93.375	-58.5625
93.45	-58.6562
93.525	-58.6875
93.6	-58.5938
93.675	-58.6562
93.75	-58.5938
93.825	-58.7187
93.9	-58.5625
93.975	-58.5
94.05	-58.7187
94.125	-58.5938
94.2	-58.6562
94.275	-58.6875
94.35	-58.5625
94.425	-58.6562
94.5	-58.5625
94.575	-58.5625
94.65	-58.6875
94.725	-58.6562
94.8	-58.6562
94.875	-58.5625
94.95	-58.75
95.025	-58.75
95.1	-58.5313
95.175	-58.5938
95.25	-58.5938
95.325	-58.7187
95.4	-58.5313
95.475	-58.5
95.55	-58.6562
95.625	-58.5938
95.7	-58.625
95.775	-58.5313
95.85	-58.7187
95.925	-58.7813
96	-58.5938
96.075	-58.5625
96.15	-58.75
96.225	-58.7187
96.3	-58.5625
96.375	-58.5
96.45	-58.6562
96.525	-58.7187
96.6	-58.5625
96.675	-58.5
96.75	-58.5938
96.825	-58.5938
96.9	-58.625
96.975	-58.6875
97.05	-58.7813
97.125	-58.6875
97.2	-58.625
97.275	-58.6562
97.35	-58.7813
97.425	-58.625
97.5	-58.5
97.575	-58.625
97.65	-58.75
97.725	-58.625
97.8	-58.5625
97.875	-58.6562
97.95	-58.7187
98.025	-58.5938
98.1	-58.6562
98.175	-58.625
98.25	-58.6875
98.325	-58.5625
98.4	-58.625
98.475	-58.625
98.55	-58.625
98.625	-58.7187
98.7	-58.625
98.775	-58.6562
98.85	-58.75
98.925	-58.7813
99	-58.6875
99.075	-58.625
99.15	-58.7813
99.225	-58.6562
99.3	-58.625
99.375	-58.6562
99.45	-58.7813
99.525	-58.75
99.6	-58.625
99.675	-58.7187
99.75	-58.7187
99.825	-58.625
99.9	-58.6562
99.975	-58.75
100.05	-58.6875
100.125	-58.625
100.2	-58.75
100.275	-58.7187
100.35	-58.5938
100.425	-58.6875
100.5	-58.6562
100.575	-58.5625
100.65	-58.7187
100.725	-58.6875
100.8	-58.5938
100.875	-58.75
100.95	-58.6562
101.025	-58.5625
101.1	-58.7187
101.175	-58.6562
101.25	-58.5938
101.325	-58.6875
101.4	-58.6875
101.475	-58.5625
101.55	-58.7187
101.625	-58.5938
101.7	-58.625
101.775	-58.6875
101.85	-58.5938
101.925	-58.6875
102	-58.7187
102.075	-58.5625
102.15	-58.6562
102.225	-58.7187
102.3	-58.6875
102.375	-58.7187
102.45	-58.5938
102.525	-58.6562
102.6	-58.7187
102.675	-58.5
102.75	-58.6875
102.825	-58.6562
102.9	-58.75
102.975	-58.625
103.05	-58.5625
103.125	-58.75
103.2	-58.625
103.275	-58.6562
103.35	-58.5625
103.425	-58.8125
103.5	-58.75
103.575	-58.5938
103.65	-58.6562
103.725	-58.7813
103.8	-58.8125
103.875	-58.5625
103.95	-58.625
104.025	-58.8125
104.1	-58.7187
104.175	-58.7187
104.25	-58.5938
104.325	-58.8125
104.4	-58.8438
104.475	-58.6562
104.55	-58.5625
104.625	-58.8125
104.7	-58.7813
104.775	-58.6562
104.85	-58.6562
104.925	-58.6875
105	-58.6875
105.075	-58.5938
105.15	-58.7813
105.225	-58.8438
105.3	-58.7813
105.375	-58.5625
105.45	-58.625
105.525	-58.7813
105.6	-58.7813
105.675	-58.7187
105.75	-58.6562
105.825	-58.7813
105.9	-58.75
105.975	-58.6875
106.05	-58.7813
106.125	-58.7813
106.2	-58.7813
106.275	-58.6875
106.35	-58.6875
106.425	-58.7813
106.5	-58.7813
106.575	-58.6875
106.65	-58.7187
106.725	-58.6875
106.8	-58.8125
106.875	-58.7187
106.95	-58.75
107.025	-58.8125
107.1	-58.7813
107.175	-58.6562
107.25	-58.6875
107.325	-58.8125
107.4	-58.7187
107.475	-58.6562
107.55	-58.8438
107.625	-58.8125
107.7	-58.6875
107.775	-58.7187
107.85	-58.875
107.925	-58.7187
108	-58.75
108.075	-58.7813
108.15	-58.7813
108.225	-58.6562
108.3	-58.75
108.375	-58.7813
108.45	-58.6875
108.525	-58.8125
108.6	-58.8125
108.675	-58.625
108.75	-58.7187
108.825	-58.75
108.9	-58.7187
108.975	-58.7813
109.05	-58.8125
109.125	-58.6875
109.2	-58.8125
109.275	-58.7813
109.35	-58.7187
109.425	-58.75
109.5	-58.75
109.575	-58.6562
109.65	-58.7813
109.725	-58.75
109.8	-58.7187
109.875	-58.7813
109.95	-58.6875
110.025	-58.6875
110.1	-58.8125
110.175	-58.7187
110.25	-58.6875
110.325	-58.7813
110.4	-58.7187
110.475	-58.7813
110.55	-58.7813
110.625	-58.7187
110.7	-58.8125
110.775	-58.7813
110.85	-58.7813
110.925	-58.7813
111	-58.7813
111.075	-58.8125
111.15	-58.7813
111.225	-58.6875
111.3	-58.9062
111.375	-58.8125
111.45	-58.7187
111.525	-58.8125
111.6	-58.7813
111.675	-58.8438
111.75	-58.625
111.825	-58.7187
111.9	-58.75
111.975	-58.75
112.05	-58.7813
112.125	-58.5625
112.2	-58.8438
112.275	-58.6875
112.35	-58.6562
112.425	-58.6562
112.5	-58.75
112.575	-58.7813
112.65	-58.6562
112.725	-58.6562
112.8	-58.8125
112.875	-58.75
112.95	-58.5938
113.025	-58.6562
113.1	-58.7813
113.175	-58.6875
113.25	-58.5625
113.325	-58.6562
113.4	-58.6875
113.475	-58.7187
113.55	-58.6875
113.625	-58.6875
113.7	-58.7813
113.775	-58.6875
113.85	-58.5625
113.925	-58.7813
114	-58.8438
114.075	-58.625
114.15	-58.5313
114.225	-58.75
114.3	-58.7187
114.375	-58.6562
114.45	-58.5313
114.525	-58.7813
114.6	-58.7813
114.675	-58.6562
114.75	-58.625
114.825	-58.7813
114.9	-58.7813
114.975	-58.5625
115.05	-58.5938
115.125	-58.7813
115.2	-58.75
115.275	-58.7187
115.35	-58.625
115.425	-58.8125
115.5	-58.75
115.575	-58.6562
115.65	-58.7187
115.725	-58.75
115.8	-58.6875
115.875	-58.6875
115.95	-58.8438
116.025	-58.7187
116.1	-58.7187
116.175	-58.6875
116.25	-58.6875
116.325	-58.625
116.4	-58.75
116.475	-58.7187
116.55	-58.625
116.625	-58.75
116.7	-58.7187
116.775	-58.5938
116.85	-58.6875
116.925	-58.7813
117	-58.625
117.075	-58.7813
117.15	-58.7813
117.225	-58.6875
117.3	-58.7187
117.375	-58.6875
117.45	-58.6875
117.525	-58.75
117.6	-58.7187
117.675	-58.6875
117.75	-58.75
117.825	-58.75
117.9	-58.6875
117.975	-58.8125
118.05	-58.7187
118.125	-58.625
118.2	-58.7813
118.275	-58.6562
118.35	-58.7813
118.425	-58.7187
118.5	-58.5938
118.575	-58.7813
118.65	-58.75
118.725	-58.6562
118.8	-58.7187
118.875	-58.7813
118.95	-58.6875
119.025	-58.75
119.1	-58.7187
119.175	-58.6875
119.25	-58.75
119.325	-58.6562
119.4	-58.75
119.475	-58.8438
119.55	-58.7187
119.625	-58.6875
119.7	-58.6562
119.775	-58.8125
119.85	-58.75
119.925	-58.6562
120	-58.75
120.075	-58.7813
120.15	-58.8125
120.225	-58.625
120.3	-58.75
120.375	-58.7813
120.45	-58.75
120.525	-58.6875
120.6	-58.6875
120.675	-58.875
120.75	-58.6562
120.825	-58.7187
120.9	-58.6562
120.975	-58.7813
121.05	-58.75
121.125	-58.6875
121.2	-58.6562
121.275	-58.7813
121.35	-58.7187
121.425	-58.6562
121.5	-58.6875
121.575	-58.7813
121.65	-58.625
121.725	-58.6562
121.8	-58.75
121.875	-58.8438
121.95	-58.7187
122.025	-58.625
122.1	-58.7187
122.175	-58.8125
122.25	-58.7813
122.325	-58.7187
122.4	-58.7813
122.475	-58.7187
122.55	-58.6875
122.625	-58.75
122.7	-58.75
122.775	-58.75
122.85	-58.7813
122.925	-58.7813
123	-58.7813
123.075	-58.7813
123.15	-58.7187
123.225	-58.6875
123.3	-58.8125
123.375	-58.7813
123.45	-58.8438
123.525	-58.75
123.6	-58.75
123.675	-58.8125
123.75	-58.7813
123.825	-58.7187
123.9	-58.7813
123.975	-58.8125
124.05	-58.7813
124.125	-58.6875
124.2	-58.7187
124.275	-58.8125
124.35	-58.6875
124.425	-58.7187
124.5	-58.8438
124.575	-58.7187
124.65	-58.5938
124.725	-58.75
124.8	-58.8125
124.875	-58.7187
124.95	-58.6875
125.025	-58.8125
125.1	-58.75
125.175	-58.6562
125.25	-58.8125
125.325	-58.7187
125.4	-58.625
125.475	-58.75
125.55	-58.7187
125.625	-58.6875
125.7	-58.7813
125.775	-58.6875
125.85	-58.6562
125.925	-58.7187
126	-58.5938
126.075	-58.75
126.15	-58.7813
126.225	-58.6875
126.3	-58.6875
126.375	-58.7187
126.45	-58.6562
126.525	-58.7187
126.6	-58.6875
126.675	-58.6562
126.75	-58.7813
126.825	-58.6562
126.9	-58.625
126.975	-58.6562
127.05	-58.7813
127.125	-58.625
127.2	-58.6562
127.275	-58.625
127.35	-58.6875
127.425	-58.625
127.5	-58.5313
127.575	-58.7813
127.65	-58.7187
127.725	-58.6875
127.8	-58.7187
127.875	-58.6562
127.95	-58.7813
128.025	-58.7813
128.1	-58.5625
128.175	-58.7813
128.25	-58.7187
128.325	-58.7813
128.4	-58.625
128.475	-58.7187
128.55	-58.8125
128.625	-58.7187
128.7	-58.6875
128.775	-58.6562
128.85	-58.8125
128.925	-58.7187
129	-58.625
129.075	-58.8125
129.15	-58.7187
129.225	-58.7187
129.3	-58.625
129.375	-58.6875
129.45	-58.7813
129.525	-58.7813
129.6	-58.5625
129.675	-58.6875
129.75	-58.8125
129.825	-58.7813
129.9	-58.6562
129.975	-58.6875
130.05	-58.7813
130.125	-58.7813
130.2	-58.7813
130.275	-58.8438
130.35	-58.7813
130.425	-58.7187
130.5	-58.5625
130.575	-58.8125
130.65	-58.9062
130.725	-58.8125
130.8	-58.625
130.875	-58.75
130.95	-58.8438
131.025	-58.6875
131.1	-58.625
131.175	-58.7813
131.25	-58.8438
131.325	-58.7187
131.4	-58.7187
131.475	-58.875
131.55	-58.875
131.625	-58.6875
131.7	-58.625
131.775	-58.8438
131.85	-58.8438
131.925	-58.625
132	-58.75
132.075	-58.8438
132.15	-58.75
132.225	-58.6875
132.3	-58.8438
132.375	-58.8125
132.45	-58.7813
132.525	-58.8125
132.6	-58.8125
132.675	-58.8125
132.75	-58.7813
132.825	-58.7813
132.9	-58.75
132.975	-58.75
133.05	-58.8438
133.125	-58.7813
133.2	-58.7813
133.275	-58.8438
133.35	-58.8438
133.425	-58.7813
133.5	-58.8125
133.575	-58.875
133.65	-58.8438
133.725	-58.7813
133.8	-58.9062
133.875	-58.875
133.95	-58.8125
134.025	-58.875
134.1	-58.7813
134.175	-58.8438
134.25	-58.9062
134.325	-58.8438
134.4	-58.7813
134.475	-58.9062
134.55	-58.8438
134.625	-58.7813
134.7	-58.9062
134.775	-58.875
134.85	-58.7813
134.925	-58.9062
135	-58.9062
135.075	-58.7813
135.15	-58.9062
135.225	-58.8438
135.3	-58.6875
135.375	-58.8438
135.45	-58.8438
135.525	-58.8438
135.6	-58.875
135.675	-58.8438
135.75	-58.9062
135.825	-58.8438
135.9	-58.7813
135.975	-58.8438
136.05	-58.875
136.125	-58.9062
136.2	-58.9062
136.275	-58.6562
136.35	-58.9062
136.425	-58.9062
136.5	-58.875
136.575	-58.8438
136.65	-58.8125
136.725	-59.0313
136.8	-58.8438
136.875	-58.8125
136.95	-58.8438
137.025	-58.9062
137.1	-58.8438
137.175	-58.7813
137.25	-58.9687
137.325	-58.875
137.4	-58.8438
137.475	-58.7813
137.55	-58.8438
137.625	-58.9687
137.7	-58.875
137.775	-58.8125
137.85	-58.9687
137.925	-59.0313
138	-58.8125
138.075	-58.7813
138.15	-58.8438
138.225	-59.0313
138.3	-58.9062
138.375	-58.875
138.45	-59
138.525	-58.9375
138.6	-58.8125
138.675	-58.75
138.75	-58.9375
138.825	-58.9375
138.9	-58.7813
138.975	-58.8125
139.05	-58.9687
139.125	-58.9375
139.2	-58.8125
139.275	-58.875
139.35	-58.9375
139.425	-58.9375
139.5	-58.8438
139.575	-58.9062
139.65	-58.9687
139.725	-58.8438
139.8	-58.9062
139.875	-58.9375
139.95	-58.9375
140.025	-58.8438
140.1	-58.8125
140.175	-58.9062
140.25	-58.875
140.325	-58.7813
140.4	-58.8125
140.475	-58.875
140.55	-58.8438
140.625	-58.7813
140.7	-58.8438
140.775	-58.8125
140.85	-58.8438
140.925	-58.8125
141	-58.9062
141.075	-58.8125
141.15	-58.8125
141.225	-58.9062
141.3	-58.8438
141.375	-58.75
141.45	-58.8438
141.525	-58.9062
141.6	-58.8125
141.675	-58.75
141.75	-58.8438
141.825	-58.8438
141.9	-58.7187
141.975	-58.8438
142.05	-58.7813
142.125	-58.6875
142.2	-58.7813
142.275	-58.875
142.35	-58.75
142.425	-58.8125
142.5	-58.875
142.575	-58.75
142.65	-58.8438
142.725	-58.8125
142.8	-58.6875
142.875	-58.9062
142.95	-58.8125
143.025	-58.7813
143.1	-58.875
143.175	-58.7813
143.25	-58.8125
143.325	-58.8438
143.4	-58.8125
143.475	-58.8125
143.55	-58.8125
143.625	-58.75
143.7	-58.9062
143.775	-58.7187
143.85	-58.7813
143.925	-58.9062
144	-58.7813
144.075	-58.875
144.15	-58.8438
144.225	-58.75
144.3	-58.9062
144.375	-58.7813
144.45	-58.75
144.525	-58.875
144.6	-58.8125
144.675	-58.8125
144.75	-58.7187
144.825	-58.8438
144.9	-58.9375
144.975	-58.75
145.05	-58.7813
145.125	-58.625
145.2	-58.8125
145.275	-58.6562
145.35	-58.6562
145.425	-58.7187
145.5	-58.6562
145.575	-58.6562
145.65	-58.5313
145.725	-58.6875
145.8	-58.7813
145.875	-58.5938
145.95	-58.5938
146.025	-58.7813
146.1	-58.6875
146.175	-58.5
146.25	-58.5938
146.325	-58.6875
146.4	-58.6875
146.475	-58.5
146.55	-58.5
146.625	-58.7187
146.7	-58.7813
146.775	-58.5
146.85	-58.4688
146.925	-58.5938
147	-58.6875
147.075	-58.625
147.15	-58.5625
147.225	-58.625
147.3	-58.5938
147.375	-58.5625
147.45	-58.5313
147.525	-58.5625
147.6	-58.5938
147.675	-58.5625
147.75	-58.5938
147.825	-58.5313
147.9	-58.5938
147.975	-58.5313
148.05	-58.5
148.125	-58.5313
148.2	-58.5625
148.275	-58.5313
148.35	-58.5
148.425	-58.5313
148.5	-58.4688
148.575	-58.5625
148.65	-58.5625
148.725	-58.5313
148.8	-58.5
148.875	-58.5625
148.95	-58.5313
149.025	-58.5625
149.1	-58.6562
149.175	-58.5
149.25	-58.4688
149.325	-58.5625
149.4	-58.5
149.475	-58.5
149.55	-58.5625
149.625	-58.5938
149.7	-58.4375
149.775	-58.5
149.85	-58.5625
149.925	-58.5
150	-58.5313
150.075	-58.5938
150.15	-58.4688
150.225	-58.5
150.3	-58.6562
150.375	-58.5625
150.45	-58.4688
150.525	-58.625
150.6	-58.4688
150.675	-58.4688
150.75	-58.5938
150.825	-58.5938
150.9	-58.4375
150.975	-58.6562
151.05	-58.5625
151.125	-58.4375
151.2	-58.5625
151.275	-58.5313
151.35	-58.5313
151.425	-58.5938
151.5	-58.5625
151.575	-58.5
151.65	-58.625
151.725	-58.5313
151.8	-58.5313
151.875	-58.625
151.95	-58.5
152.025	-58.5
152.1	-58.5938
152.175	-58.5
152.25	-58.5625
152.325	-58.5
152.4	-58.5938
152.475	-58.625
152.55	-58.5
152.625	-58.5938
152.7	-58.5
152.775	-58.6562
152.85	-58.5
152.925	-58.4688
153	-58.6875
153.075	-58.5625
153.15	-58.5625
153.225	-58.4688
153.3	-58.625
153.375	-58.625
153.45	-58.4375
153.525	-58.5938
153.6	-58.5625
153.675	-58.7813
153.75	-58.5
153.825	-58.5
153.9	-58.7187
153.975	-58.5625
154.05	-58.5625
154.125	-58.5313
154.2	-58.625
154.275	-58.6562
154.35	-58.4375
154.425	-58.5313
154.5	-58.7187
154.575	-58.625
154.65	-58.5
154.725	-58.5
154.8	-58.7187
154.875	-58.6875
154.95	-58.5313
155.025	-58.5625
155.1	-58.6875
155.175	-58.5625
155.25	-58.5938
155.325	-58.6562
155.4	-58.6875
155.475	-58.5938
155.55	-58.4375
155.625	-58.5938
155.7	-58.7187
155.775	-58.625
155.85	-58.4688
155.925	-58.5938
156	-58.7813
156.075	-58.75
156.15	-58.5938
156.225	-58.5938
156.3	-58.7187
156.375	-58.7187
156.45	-58.5313
156.525	-58.5313
156.6	-58.7187
156.675	-58.6875
156.75	-58.6562
156.825	-58.625
156.9	-58.7187
156.975	-58.7187
157.05	-58.5625
157.125	-58.625
157.2	-58.6875
157.275	-58.6875
157.35	-58.5938
157.425	-58.7187
157.5	-58.7187
157.575	-58.5625
157.65	-58.6562
157.725	-58.7813
157.8	-58.625
157.875	-58.5625
157.95	-58.6562
158.025	-58.7187
158.1	-58.625
158.175	-58.625
158.25	-58.6875
158.325	-58.625
158.4	-58.6875
158.475	-58.75
158.55	-58.625
158.625	-58.6875
158.7	-58.6562
158.775	-58.625
158.85	-58.75
158.925	-58.625
159	-58.5938
159.075	-58.7813
159.15	-58.6562
159.225	-58.6562
159.3	-58.6875
159.375	-58.625
159.45	-58.5938
159.525	-58.75
159.6	-58.6562
159.675	-58.6875
159.75	-58.75
159.825	-58.6562
159.9	-58.5625
159.975	-58.7187
160.05	-58.625
160.125	-58.625
160.2	-58.6875
160.275	-58.625
160.35	-58.7813
160.425	-58.625
160.5	-58.5625
160.575	-58.7813
160.65	-58.6875
160.725	-58.7187
160.8	-58.6562
160.875	-58.6562
160.95	-58.8125
161.025	-58.6562
161.1	-58.625
161.175	-58.7187
161.25	-58.6562
161.325	-58.6875
161.4	-58.5938
161.475	-58.6875
161.55	-58.7813
161.625	-58.5625
161.7	-58.6875
161.775	-58.6875
161.85	-58.7187
161.925	-58.7187
162	-58.625
162.075	-58.8125
162.15	-58.7187
162.225	-58.6562
162.3	-58.6562
162.375	-58.7813
162.45	-58.8125
162.525	-58.6562
162.6	-58.7187
162.675	-58.875
162.75	-58.6875
162.825	-58.5625
162.9	-58.7187
162.975	-58.75
163.05	-58.7187
163.125	-58.5938
163.2	-58.7187
163.275	-58.8125
163.35	-58.8125
163.425	-58.7187
163.5	-58.6562
163.575	-58.75
163.65	-58.75
163.725	-58.7187
163.8	-58.7187
163.875	-58.6875
163.95	-58.6562
164.025	-58.625
164.1	-58.7813
164.175	-58.8125
164.25	-58.7187
164.325	-58.625
164.4	-58.7813
164.475	-58.75
164.55	-58.6875
164.625	-58.7187
164.7	-58.7813
164.775	-58.8125
164.85	-58.7187
164.925	-58.7813
165	-58.7813
165.075	-58.8125
165.15	-58.6562
165.225	-58.7187
165.3	-58.75
165.375	-58.7813
165.45	-58.6562
165.525	-58.75
165.6	-58.9062
165.675	-58.7813
165.75	-58.7813
165.825	-58.8125
165.9	-58.7813
165.975	-58.75
166.05	-58.8125
166.125	-58.7813
166.2	-58.625
166.275	-58.75
166.35	-58.8125
166.425	-58.7187
166.5	-58.8438
166.575	-58.8438
166.65	-58.75
166.725	-58.75
166.8	-58.8438
166.875	-58.75
166.95	-58.7813
167.025	-58.8125
167.1	-58.7813
167.175	-58.7813
167.25	-58.875
167.325	-58.8125
167.4	-58.7187
167.475	-58.8438
167.55	-58.7813
167.625	-58.7187
167.7	-58.7813
167.775	-58.7813
167.85	-58.6875
167.925	-58.8125
168	-58.7813
168.075	-58.6875
168.15	-58.8438
168.225	-58.8125
168.3	-58.75
168.375	-58.7813
168.45	-58.7813
168.525	-58.7813
168.6	-58.7813
168.675	-58.7813
168.75	-58.875
168.825	-58.8125
168.9	-58.625
168.975	-58.7187
169.05	-58.75
169.125	-58.7813
169.2	-58.8438
169.275	-58.7187
169.35	-58.8125
169.425	-58.9062
169.5	-58.7187
169.575	-58.7813
169.65	-58.8438
169.725	-58.8438
169.8	-58.7813
169.875	-58.75
169.95	-58.9375
170.025	-58.8438
170.1	-58.7813
170.175	-58.8125
170.25	-58.7813
170.325	-58.875
170.4	-58.6562
170.475	-58.875
170.55	-58.9062
170.625	-58.8438
170.7	-58.8125
170.775	-58.7813
170.85	-59
170.925	-58.875
171	-58.7187
171.075	-58.9062
171.15	-58.9062
171.225	-58.7813
171.3	-58.75
171.375	-58.875
171.45	-58.9687
171.525	-58.8438
171.6	-58.75
171.675	-58.8125
171.75	-58.9062
171.825	-58.8125
171.9	-58.7813
171.975	-58.8125
172.05	-58.8125
172.125	-58.9375
172.2	-58.8438
172.275	-58.9062
172.35	-58.8125
172.425	-58.7813
172.5	-58.8438
172.575	-58.8125
172.65	-58.875
172.725	-58.7813
172.8	-58.8125
172.875	-58.9375
172.95	-58.875
173.025	-58.8125
173.1	-58.875
173.175	-58.9062
173.25	-58.875
173.325	-58.9062
173.4	-58.875
173.475	-58.8438
173.55	-58.8125
173.625	-58.8438
173.7	-58.7187
173.775	-58.8125
173.85	-58.8125
173.925	-58.875
174	-58.7813
174.075	-58.75
174.15	-58.9062
174.225	-58.8125
174.3	-58.7187
174.375	-58.75
174.45	-58.8438
174.525	-58.7813
174.6	-58.7187
174.675	-58.875
174.75	-58.8125
174.825	-58.7813
174.9	-58.8125
174.975	-58.8438
175.05	-58.7813
175.125	-58.7813
175.2	-58.875
175.275	-58.8438
175.35	-58.7813
175.425	-58.75
175.5	-58.7813
175.575	-58.75
175.65	-58.8125
175.725	-58.8438
175.8	-58.7187
175.875	-58.8125
175.95	-58.8125
176.025	-58.7813
176.1	-58.8125
176.175	-58.8125
176.25	-58.7813
176.325	-58.8125
176.4	-58.7813
176.475	-58.7813
176.55	-58.875
176.625	-58.8125
176.7	-58.8438
176.775	-58.8125
176.85	-58.75
176.925	-58.9062
177	-58.8438
177.075	-58.6875
177.15	-58.8438
177.225	-58.8125
177.3	-58.7813
177.375	-58.8438
177.45	-58.75
177.525	-58.9375
177.6	-58.8438
177.675	-58.7813
177.75	-58.8438
177.825	-58.7813
177.9	-58.8438
177.975	-58.8125
178.05	-58.7187
178.125	-58.9375
178.2	-58.8125
178.275	-58.7813
178.35	-58.8125
178.425	-58.8125
178.5	-58.875
178.575	-58.75
178.65	-58.875
178.725	-58.875
178.8	-58.9062
178.875	-58.7813
178.95	-58.9062
179.025	-58.9687
179.1	-58.7813
179.175	-58.7813
179.25	-58.9062
179.325	-58.875
179.4	-58.875
179.475	-58.875
179.55	-58.9062
179.625	-58.9062
179.7	-58.9375
179.775	-58.8125
179.85	-58.8125
179.925	-58.9375
180	-58.7813
180.075	-58.7187
180.15	-58.9375
180.225	-59.0313
180.3	-58.8125
180.375	-58.7187
180.45	-58.7813
180.525	-58.9375
180.6	-58.875
180.675	-58.875
180.75	-58.8125
180.825	-58.9375
180.9	-58.875
180.975	-58.8125
181.05	-58.8125
181.125	-58.9062
181.2	-58.8438
181.275	-58.7187
181.35	-58.8125
181.425	-58.9375
181.5	-58.7813
181.575	-58.7187
181.65	-58.8438
181.725	-58.9375
181.8	-58.8438
181.875	-58.75
181.95	-58.8438
182.025	-58.9062
182.1	-58.8438
182.175	-58.7813
182.25	-58.8438
182.325	-58.875
182.4	-58.8438
182.475	-58.6875
182.55	-58.7813
182.625	-58.9062
182.7	-58.7813
182.775	-58.7813
182.85	-58.8438
182.925	-58.875
183	-58.8125
183.075	-58.7187
183.15	-58.9062
183.225	-58.8438
183.3	-58.7187
183.375	-58.8125
183.45	-58.8125
183.525	-58.7813
183.6	-58.75
183.675	-58.9062
183.75	-58.8125
183.825	-58.8125
183.9	-58.9062
183.975	-58.75
184.05	-58.75
184.125	-58.875
184.2	-58.75
184.275	-58.875
184.35	-58.75
184.425	-58.75
184.5	-58.8125
184.575	-58.75
184.65	-58.8125
184.725	-58.8438
184.8	-58.8125
184.875	-58.875
184.95	-58.7813
185.025	-58.8438
185.1	-58.8438
185.175	-58.75
185.25	-58.8438
185.325	-58.8438
185.4	-58.7813
185.475	-58.9062
185.55	-58.8125
185.625	-58.8125
185.7	-58.9687
185.775	-58.8438
185.85	-58.7813
185.925	-58.875
186	-58.9062
186.075	-58.8438
186.15	-58.8438
186.225	-58.8125
186.3	-58.9375
186.375	-58.875
186.45	-58.7813
186.525	-58.9062
186.6	-58.8438
186.675	-58.875
186.75	-58.8125
186.825	-58.7813
186.9	-59
186.975	-58.8438
187.05	-58.7813
187.125	-58.7813
187.2	-58.9062
187.275	-58.7813
187.35	-58.6562
187.425	-58.9062
187.5	-58.9062
187.575	-58.7813
187.65	-58.875
187.725	-58.875
187.8	-58.875
187.875	-58.8438
187.95	-58.8438
188.025	-58.9062
188.1	-58.9375
188.175	-58.7813
188.25	-58.75
188.325	-58.9375
188.4	-58.9375
188.475	-58.8438
188.55	-58.7813
188.625	-58.8125
188.7	-58.9375
188.775	-58.875
188.85	-58.75
188.925	-58.7813
189	-59
189.075	-58.7813
189.15	-58.7187
189.225	-58.8438
189.3	-58.875
189.375	-58.875
189.45	-58.7813
189.525	-58.8438
189.6	-58.9687
189.675	-58.8125
189.75	-58.8438
189.825	-58.9062
189.9	-59
189.975	-58.875
190.05	-58.875
190.125	-58.9687
190.2	-58.9375
190.275	-58.875
190.35	-58.8125
190.425	-58.875
190.5	-59.0313
190.575	-58.7813
190.65	-58.8125
190.725	-58.9687
190.8	-58.9062
190.875	-58.8125
190.95	-58.9062
191.025	-58.9687
191.1	-58.9062
191.175	-58.7813
191.25	-58.9375
191.325	-58.9375
191.4	-58.9062
191.475	-58.875
191.55	-58.9687
191.625	-58.875
191.7	-58.875
191.775	-59
191.85	-58.9687
191.925	-58.875
192	-59
192.075	-59.0313
192.15	-58.9062
192.225	-59.0625
192.3	-58.9375
192.375	-58.8125
192.45	-59
192.525	-59
192.6	-58.9062
192.675	-59.0313
192.75	-58.9375
192.825	-58.9375
192.9	-59.0313
192.975	-58.9062
193.05	-58.9687
193.125	-58.9687
193.2	-58.9062
193.275	-58.9687
193.35	-58.9687
193.425	-58.9062
193.5	-58.9062
193.575	-59.0625
193.65	-59
193.725	-58.9062
193.8	-59
193.875	-58.875
193.95	-58.9687
194.025	-58.9687
194.1	-58.9062
194.175	-59
194.25	-58.9687
194.325	-58.8125
194.4	-59.0313
194.475	-58.9687
194.55	-59.0313
194.625	-58.9062
194.7	-58.9062
194.775	-59.0625
194.85	-58.875
194.925	-58.9375
195	-58.9687
195.075	-58.9687
195.15	-58.9375
195.225	-58.8438
195.3	-58.9687
195.375	-59.0313
195.45	-59
195.525	-58.9062
195.6	-58.9375
195.675	-59.0938
195.75	-58.9375
195.825	-58.9375
195.9	-59.0313
195.975	-58.9687
196.05	-58.9687
196.125	-58.9375
196.2	-59
196.275	-59
196.35	-59
196.425	-58.9375
196.5	-59.0313
196.575	-59
196.65	-58.9687
196.725	-59.0313
196.8	-59.0625
196.875	-59.125
196.95	-58.9375
197.025	-58.9062
197.1	-59.125
197.175	-59.125
197.25	-58.9375
197.325	-58.9375
197.4	-59.125
197.475	-59.1563
197.55	-59
197.625	-59.0313
197.7	-59.125
197.775	-59.1875
197.85	-59
197.925	-58.9687
198	-59.0625
198.075	-59.0938
198.15	-58.9375
198.225	-59
198.3	-59.125
198.375	-59.0313
198.45	-58.9375
198.525	-59.0313
198.6	-59.0938
198.675	-59
198.75	-58.9062
198.825	-59
198.9	-59.0938
198.975	-59
199.05	-58.9062
199.125	-59
199.2	-59.0313
199.275	-58.875
199.35	-58.9062
199.425	-58.9687
199.5	-58.9687
199.575	-58.9062
199.65	-58.9375
199.725	-59.0313
199.8	-58.9375
199.875	-58.875
199.95	-58.9687
200.025	-58.9375
200.1	-58.8438
200.175	-58.9375
200.25	-58.9062
200.325	-58.8125
200.4	-58.8438
200.475	-58.8438
200.55	-58.7813
200.625	-58.875
200.7	-58.8125
200.775	-58.75
200.85	-58.7813
200.925	-58.8438
201	-58.75
201.075	-58.8125
201.15	-58.9062
201.225	-58.7813
201.3	-58.8438
201.375	-58.8438
201.45	-58.75
201.525	-58.8438
201.6	-58.75
201.675	-58.6875
201.75	-58.9062
201.825	-58.7813
201.9	-58.7187
201.975	-58.75
202.05	-58.7813
202.125	-58.7813
202.2	-58.7187
202.275	-58.8125
202.35	-58.8438
202.425	-58.8125
202.5	-58.7187
202.575	-58.8438
202.65	-58.8125
202.725	-58.7813
202.8	-58.8125
202.875	-58.7813
202.95	-58.9062
203.025	-58.6875
203.1	-58.7187
203.175	-58.7813
203.25	-58.7813
203.325	-58.8438
203.4	-58.6562
203.475	-58.8125
203.55	-58.9062
203.625	-58.6875
203.7	-58.8438
203.775	-58.8125
203.85	-58.9375
203.925	-58.7813
204	-58.75
204.075	-58.875
204.15	-58.7813
204.225	-58.8438
204.3	-58.7187
204.375	-58.8125
204.45	-58.9062
204.525	-58.7813
204.6	-58.7813
204.675	-58.7813
204.75	-58.8438
204.825	-58.7813
204.9	-58.7813
204.975	-58.8438
205.05	-58.8438
205.125	-58.6562
205.2	-58.6562
205.275	-58.8125
205.35	-58.875
205.425	-58.8125
205.5	-58.75
205.575	-58.8438
205.65	-58.9687
205.725	-58.9062
205.8	-58.7813
205.875	-58.8125
205.95	-58.875
206.025	-58.8125
206.1	-58.8125
206.175	-58.8125
206.25	-58.9062
206.325	-58.7187
206.4	-58.7187
206.475	-58.875
206.55	-58.875
206.625	-58.8125
206.7	-58.8125
206.775	-58.9687
206.85	-58.8438
206.925	-58.7187
207	-58.8438
207.075	-58.9375
207.15	-58.9062
207.225	-58.7187
207.3	-58.875
207.375	-58.9375
207.45	-58.8125
207.525	-58.75
207.6	-58.8125
207.675	-58.8438
207.75	-58.7813
207.825	-58.9062
207.9	-58.7813
207.975	-58.8125
208.05	-58.8125
208.125	-58.875
208.2	-58.9062
208.275	-58.7813
208.35	-58.9687
208.425	-58.8438
208.5	-58.7813
208.575	-58.9062
208.65	-58.8125
208.725	-58.7813
208.8	-58.75
208.875	-58.875
208.95	-58.7813
209.025	-58.7813
209.1	-58.9062
209.175	-58.8125
209.25	-58.7813
209.325	-58.875
209.4	-58.8125
209.475	-58.7813
209.55	-58.875
209.625	-58.7813
209.7	-58.7813
209.775	-58.8438
209.85	-58.75
209.925	-58.875
210	-58.9062
210.075	-58.7813
210.15	-58.9062
210.225	-58.8438
210.3	-58.7813
210.375	-58.8438
210.45	-58.8125
210.525	-58.7813
210.6	-58.9375
210.675	-58.75
210.75	-58.9062
210.825	-58.875
210.9	-58.7187
210.975	-58.8125
211.05	-58.8438
211.125	-58.9062
211.2	-58.7813
211.275	-58.75
211.35	-58.9062
211.425	-58.8438
211.5	-58.8125
211.575	-58.8125
211.65	-58.8125
211.725	-58.875
211.8	-58.7813
211.875	-58.8438
211.95	-58.875
212.025	-58.9687
212.1	-58.8438
212.175	-58.6875
212.25	-59
212.325	-58.8438
212.4	-58.8125
212.475	-58.75
212.55	-58.9062
212.625	-58.9687
212.7	-58.75
212.775	-58.8438
212.85	-58.9687
212.925	-58.9062
213	-58.8125
213.075	-58.9062
213.15	-58.9375
213.225	-59.0313
213.3	-58.9062
213.375	-58.9375
213.45	-58.9687
213.525	-58.8438
213.6	-58.75
213.675	-58.9375
213.75	-59.0313
213.825	-58.9375
213.9	-58.7813
213.975	-58.8438
214.05	-59.0938
214.125	-58.9062
214.2	-58.9062
214.275	-58.8438
214.35	-59.0313
214.425	-58.875
214.5	-58.8438
214.575	-58.9062
214.65	-59.0313
214.725	-59.0313
214.8	-58.9062
214.875	-58.9062
214.95	-58.9062
215.025	-58.9375
215.1	-59.4063
215.175	-59.9063
215.25	-60.2813
215.325	-60.5
215.4	-60.4687
215.475	-60.4375
215.55	-60.625
215.625	-60.6562
215.7	-60.5938
215.775	-60.75
215.85	-60.9375
215.925	-60.875
216	-60.9063
216.075	-61.0312
216.15	-61.0312
216.225	-61
216.3	-61.1875
216.375	-61.1875
216.45	-61.1563
216.525	-61.25
216.6	-61.25
216.675	-61.3438
216.75	-61.5
216.825	-61.4375
216.9	-61.4375
216.975	-61.5937
217.05	-61.5312
217.125	-61.5625
217.2	-61.6875
217.275	-61.7188
217.35	-61.7188
217.425	-61.75
217.5	-61.75
217.575	-61.7812
217.65	-61.8437
217.725	-61.8437
217.8	-61.9375
217.875	-62.0313
217.95	-61.9688
218.025	-62.0625
218.1	-62.125
218.175	-62.0313
218.25	-62.1875
218.325	-62.25
218.4	-62.1562
218.475	-62.2188
218.55	-62.2813
218.625	-62.25
218.7	-62.375
218.775	-62.2813
218.85	-62.25
218.925	-62.4375
219	-62.4062
219.075	-62.4687
219.15	-62.4687
219.225	-62.625
219.3	-62.7187
219.375	-62.5
219.45	-62.5625
219.525	-62.6875
219.6	-62.7187
219.675	-62.7813
219.75	-62.6875
219.825	-62.875
219.9	-62.8437
219.975	-62.8125
220.05	-62.8437
220.125	-62.9375
220.2	-63.0625
220.275	-62.8437
220.35	-63
220.425	-63.0312
220.5	-63.125
220.575	-63.0938
220.65	-63.0312
220.725	-63.2188
220.8	-63.125
220.875	-63.1875
220.95	-63.25
221.025	-63.2813
221.1	-63.3125
221.175	-63.2813
221.25	-63.2813
221.325	-63.3437
221.4	-63.3437
221.475	-63.3437
221.55	-63.4063
221.625	-63.5938
221.7	-63.4687
221.775	-63.375
221.85	-63.4375
221.925	-63.5938
222	-63.5938
222.075	-63.5938
222.15	-63.5625
222.225	-63.6875
222.3	-63.6875
222.375	-63.6875
222.45	-63.7812
222.525	-63.7812
222.6	-63.7812
222.675	-63.7812
222.75	-63.8437
222.825	-63.9063
222.9	-63.875
222.975	-63.875
223.05	-63.9375
223.125	-63.9687
223.2	-63.9063
223.275	-63.9375
223.35	-64
223.425	-64
223.5	-64
223.575	-64
223.65	-64
223.725	-64.1562
223.8	-64.125
223.875	-64
223.95	-64.1875
224.025	-64.2188
224.1	-64.125
224.175	-64.0625
224.25	-64.25
224.325	-64.25
224.4	-64.2188
224.475	-64.2812
224.55	-64.3125
224.625	-64.25
224.7	-64.3438
224.775	-64.4687
224.85	-64.3438
224.925	-64.4375
225	-64.4375
225.075	-64.4375
225.15	-64.4375
225.225	-64.5625
225.3	-64.5625
225.375	-64.5
225.45	-64.625
225.525	-64.6563
225.6	-64.5625
225.675	-64.7812
225.75	-64.5937
225.825	-64.6563
225.9	-64.75
225.975	-64.6875
226.05	-64.6563
226.125	-64.8125
226.2	-64.7188
226.275	-64.8438
226.35	-64.8125
226.425	-64.8125
226.5	-64.9062
226.575	-64.9687
226.65	-64.8125
226.725	-64.9062
226.8	-64.875
226.875	-64.875
226.95	-65
227.025	-64.9062
227.1	-65.0313
227.175	-65
227.25	-64.9062
227.325	-65.0937
227.4	-65.125
227.475	-65.1875
227.55	-65.125
227.625	-65
227.7	-65.2812
227.775	-65.2187
227.85	-65.1875
227.925	-65.2812
228	-65.2187
228.075	-65.3438
228.15	-65.2187
228.225	-65.25
228.3	-65.3438
228.375	-65.2187
228.45	-65.3438
228.525	-65.3438
228.6	-65.5
228.675	-65.4688
228.75	-65.3438
228.825	-65.4375
228.9	-65.4375
228.975	-65.5312
229.05	-65.4062
229.125	-65.5
229.2	-65.6563
229.275	-65.5312
229.35	-65.5312
229.425	-65.625
229.5	-65.6875
229.575	-65.6563
229.65	-65.5625
229.725	-65.6875
229.8	-65.75
229.875	-65.7187
229.95	-65.6875
230.025	-65.7813
230.1	-65.875
230.175	-65.7813
230.25	-65.5625
230.325	-65.8125
230.4	-65.9062
230.475	-65.8438
230.55	-65.7187
230.625	-65.9062
230.7	-66
230.775	-65.875
230.85	-65.8125
230.925	-65.9375
231	-66.1563
231.075	-66
231.15	-65.875
231.225	-65.9688
231.3	-66.125
231.375	-66
231.45	-65.9688
231.525	-66.1563
231.6	-66.125
231.675	-66.0625
231.75	-66.0625
231.825	-66.2187
231.9	-66.1563
231.975	-66
232.05	-66.1563
232.125	-66.25
232.2	-66.1875
232.275	-66.1875
232.35	-66.25
232.425	-66.25
232.5	-66.25
232.575	-66.3437
232.65	-66.3125
232.725	-66.2813
232.8	-66.4063
232.875	-66.3125
232.95	-66.25
233.025	-66.4688
233.1	-66.375
233.175	-66.2813
233.25	-66.4063
233.325	-66.5
233.4	-66.4063
233.475	-66.4688
233.55	-66.5312
233.625	-66.4688
233.7	-66.5
233.775	-66.625
233.85	-66.5938
233.925	-66.5
234	-66.5625
234.075	-66.625
234.15	-66.5
234.225	-66.7187
234.3	-66.5938
234.375	-66.625
234.45	-66.7187
234.525	-66.6562
234.6	-66.6562
234.675	-66.7187
234.75	-66.625
234.825	-66.75
234.9	-66.7187
234.975	-66.6875
235.05	-66.8437
235.125	-66.7187
235.2	-66.7187
235.275	-66.9063
235.35	-66.75
235.425	-66.8125
235.5	-66.875
235.575	-66.8125
235.65	-66.9687
235.725	-66.875
235.8	-66.9375
235.875	-66.9687
235.95	-66.9375
236.025	-66.9375
236.1	-66.9063
236.175	-67.0625
236.25	-67
236.325	-66.9687
236.4	-67
236.475	-67.0625
236.55	-67.125
236.625	-66.9375
236.7	-67.1562
236.775	-67.0938
236.85	-67.1562
236.925	-66.9687
237	-67.0312
237.075	-67.1875
237.15	-67.0312
237.225	-67.125
237.3	-67.1875
237.375	-67.25
237.45	-67.25
237.525	-67.0625
237.6	-67.2813
237.675	-67.3125
237.75	-67.1875
237.825	-67.2188
237.9	-67.3125
237.975	-67.4063
238.05	-67.2188
238.125	-67.25
238.2	-67.3437
238.275	-67.4375
238.35	-67.3437
238.425	-67.2188
238.5	-67.4063
238.575	-67.4687
238.65	-67.4375
238.725	-67.3437
238.8	-67.3437
238.875	-67.4375
238.95	-67.375
239.025	-67.4375
239.1	-67.4687
239.175	-67.5313
239.25	-67.4375
239.325	-67.5313
239.4	-67.5938
239.475	-67.5313
239.55	-67.4375
239.625	-67.5313
239.7	-67.5938
239.775	-67.5625
239.85	-67.5313
239.925	-67.5625
240	-67.5625
240.075	-67.625
240.15	-67.5625
240.225	-67.625
240.3	-67.5625
240.375	-67.7188
240.45	-67.6875
240.525	-67.5625
240.6	-67.6562
240.675	-67.75
240.75	-67.625
240.825	-67.7188
240.9	-67.8125
240.975	-67.6875
241.05	-67.625
241.125	-67.8125
241.2	-67.7812
241.275	-67.6562
241.35	-67.8438
241.425	-67.8438
241.5	-67.75
241.575	-67.8438
241.65	-67.7812
241.725	-67.7812
241.8	-67.875
241.875	-67.9375
241.95	-67.875
242.025	-67.7812
242.1	-67.9375
242.175	-67.9063
242.25	-67.8438
242.325	-67.9687
242.4	-67.8438
242.475	-67.875
242.55	-67.9375
242.625	-67.9063
242.7	-67.9063
242.775	-68.0313
242.85	-68
242.925	-67.9375
243	-68
243.075	-68
243.15	-68
243.225	-68
243.3	-67.9063
243.375	-68
243.45	-68.0625
243.525	-68
243.6	-68.0313
243.675	-68
243.75	-68.1562
243.825	-68
243.9	-68
243.975	-68.2188
244.05	-68.1562
244.125	-68.1875
244.2	-68.125
244.275	-68.0937
244.35	-68.2812
244.425	-68.1562
244.5	-68.2188
244.575	-68.25
244.65	-68.25
244.725	-68.3125
244.8	-68.0625
244.875	-68.25
244.95	-68.25
245.025	-68.25
245.1	-68.1562
245.175	-68.25
245.25	-68.4062
245.325	-68.1562
245.4	-68.25
245.475	-68.25
245.55	-68.375
245.625	-68.3125
245.7	-68.25
245.775	-68.4062
245.85	-68.375
245.925	-68.4062
246	-68.25
246.075	-68.375
246.15	-68.5313
246.225	-68.4062
246.3	-68.25
246.375	-68.4375
246.45	-68.5
246.525	-68.4062
246.6	-68.25
246.675	-68.4375
246.75	-68.4687
246.825	-68.4687
246.9	-68.4375
246.975	-68.5
247.05	-68.4375
247.125	-68.4062
247.2	-68.4687
247.275	-68.5937
247.35	-68.5625
247.425	-68.4375
247.5	-68.4687
247.575	-68.625
247.65	-68.6563
247.725	-68.5
247.8	-68.4375
247.875	-68.6875
247.95	-68.6875
248.025	-68.5313
248.1	-68.5625
248.175	-68.6875
248.25	-68.625
248.325	-68.4687
248.4	-68.625
248.475	-68.6875
248.55	-68.625
248.625	-68.6563
248.7	-68.625
248.775	-68.625
248.85	-68.6875
248.925	-68.6563
249	-68.6563
249.075	-68.7187
249.15	-68.75
249.225	-68.6563
249.3	-68.625
249.375	-68.75
249.45	-68.75
249.525	-68.625
249.6	-68.75
249.675	-68.75
249.75	-68.7187
249.825	-68.6875
249.9	-68.8438
249.975	-68.7812
250.05	-68.75
250.125	-68.8438
250.2	-68.7812
250.275	-68.75
250.35	-68.8125
250.425	-68.8125
250.5	-68.75
250.575	-68.875
250.65	-68.8125
250.725	-68.7812
250.8	-68.875
250.875	-68.75
250.95	-68.8125
251.025	-68.8438
251.1	-68.7812
251.175	-68.875
251.25	-68.8438
251.325	-68.8125
251.4	-68.9062
251.475	-68.9062
251.55	-68.7812
251.625	-68.9375
251.7	-68.875
251.775	-68.8125
251.85	-68.9688
251.925	-68.9062
252	-68.9688
252.075	-68.9375
252.15	-68.875
252.225	-69
252.3	-68.9062
252.375	-68.8438
252.45	-68.9688
252.525	-68.9688
252.6	-68.9688
252.675	-68.9375
252.75	-68.875
252.825	-69.0937
252.9	-68.9062
252.975	-68.9688
253.05	-69
253.125	-69
253.2	-69
253.275	-68.9688
253.35	-69.0625
253.425	-69.125
253.5	-68.9375
253.575	-69
253.65	-69.0313
253.725	-69.125
253.8	-68.9688
253.875	-69.0937
253.95	-69.0625
254.025	-69.2187
254.1	-69.0937
254.175	-68.9688
254.25	-69.125
254.325	-69.0625
254.4	-68.9688
254.475	-69.0937
254.55	-69.125
254.625	-69.125
254.7	-69
254.775	-69.0937
254.85	-69.1563
254.925	-69.2187
255	-69.0313
255.075	-69
255.15	-69.1875
255.225	-69.25
255.3	-69.1875
255.375	-69.0937
255.45	-69.125
255.525	-69.2813
255.6	-69.2187
255.675	-69.125
255.75	-69.1875
255.825	-69.2813
255.9	-69.25
255.975	-69.1563
256.05	-69.1563
256.125	-69.2187
256.2	-69.25
256.275	-69.2187
256.35	-69.25
256.425	-69.375
256.5	-69.3125
256.575	-69.2187
256.65	-69.25
256.725	-69.375
256.8	-69.2187
256.875	-69.1875
256.95	-69.375
257.025	-69.3438
257.1	-69.125
257.175	-69.25
257.25	-69.4062
257.325	-69.25
257.4	-69.2187
257.475	-69.375
257.55	-69.3438
257.625	-69.2187
257.7	-69.3438
257.775	-69.3438
257.85	-69.2813
257.925	-69.25
258	-69.375
258.075	-69.4062
258.15	-69.3125
258.225	-69.375
258.3	-69.4062
258.375	-69.3125
258.45	-69.4062
258.525	-69.4062
258.6	-69.3438
258.675	-69.4062
258.75	-69.4688
258.825	-69.4375
258.9	-69.4062
258.975	-69.4375
259.05	-69.3438
259.125	-69.375
259.2	-69.5
259.275	-69.375
259.35	-69.5
259.425	-69.5
259.5	-69.375
259.575	-69.4688
259.65	-69.5312
259.725	-69.4062
259.8	-69.5312
259.875	-69.4375
259.95	-69.4688
260.025	-69.5
260.1	-69.5
260.175	-69.4375
260.25	-69.4375
260.325	-69.4688
260.4	-69.5937
260.475	-69.4062
260.55	-69.5
260.625	-69.5625
260.7	-69.5312
260.775	-69.5937
260.85	-69.5312
260.925	-69.5625
261	-69.625
261.075	-69.5
261.15	-69.5937
261.225	-69.5625
261.3	-69.6875
261.375	-69.6563
261.45	-69.4062
261.525	-69.625
261.6	-69.625
261.675	-69.625
261.75	-69.5312
261.825	-69.625
261.9	-69.6563
261.975	-69.5312
262.05	-69.5937
262.125	-69.625
262.2	-69.7187
262.275	-69.5625
262.35	-69.5312
262.425	-69.625
262.5	-69.5625
262.575	-69.625
262.65	-69.5
262.725	-69.6563
262.8	-69.7813
262.875	-69.625
262.95	-69.5
263.025	-69.625
263.1	-69.7813
263.175	-69.625
263.25	-69.5312
263.325	-69.625
263.4	-69.6875
263.475	-69.6875
263.55	-69.625
263.625	-69.7187
263.7	-69.625
263.775	-69.6563
263.85	-69.7187
263.925	-69.6875
264	-69.7187
264.075	-69.625
264.15	-69.5937
264.225	-69.7813
264.3	-69.6563
264.375	-69.4375
264.45	-69.5937
264.525	-69.7187
264.6	-69.625
264.675	-69.5
264.75	-69.5625
264.825	-69.6875
264.9	-69.5937
264.975	-69.5
265.05	-69.6563
265.125	-69.6875
265.2	-69.5
265.275	-69.5625
265.35	-69.6563
265.425	-69.625
265.5	-69.6563
265.575	-69.6875
265.65	-69.6875
265.725	-69.5625
265.8	-69.7187
265.875	-69.625
265.95	-69.5625
266.025	-69.7813
266.1	-69.6563
266.175	-69.5937
266.25	-69.5625
266.325	-69.6563
266.4	-69.6875
266.475	-69.5937
266.55	-69.7187
266.625	-69.5937
266.7	-69.5
266.775	-69.625
266.85	-69.6563
266.925	-69.5937
267	-69.625
267.075	-69.6563
267.15	-69.5625
267.225	-69.5937
267.3	-69.625
267.375	-69.625
267.45	-69.625
267.525	-69.5937
267.6	-69.5625
267.675	-69.6563
267.75	-69.5625
267.825	-69.5625
267.9	-69.6563
267.975	-69.5937
268.05	-69.5625
268.125	-69.6563
268.2	-69.625
268.275	-69.6875
268.35	-69.7187
268.425	-69.5312
268.5	-69.7187
268.575	-69.625
268.65	-69.5625
268.725	-69.6875
268.8	-69.6563
268.875	-69.6875
268.95	-69.6875
269.025	-69.6563
269.1	-69.75
269.175	-69.6875
269.25	-69.6875
269.325	-69.5937
269.4	-69.625
269.475	-69.7813
269.55	-69.5625
269.625	-69.6563
269.7	-69.6875
269.775	-69.6875
269.85	-69.6563
269.925	-69.5312
270	-69.8437
270.075	-69.6563
270.15	-69.6875
270.225	-69.5937
270.3	-69.7813
270.375	-69.7813
270.45	-69.5625
270.525	-69.7187
270.6	-69.7813
270.675	-69.75
270.75	-69.6875
270.825	-69.625
270.9	-69.7813
270.975	-69.7813
271.05	-69.5937
271.125	-69.625
271.2	-69.9062
271.275	-69.7813
271.35	-69.5937
271.425	-69.6875
271.5	-69.9062
271.575	-69.8125
271.65	-69.625
271.725	-69.7813
271.8	-69.7813
271.875	-69.8125
271.95	-69.7813
272.025	-69.6563
272.1	-69.8125
272.175	-69.7813
272.25	-69.7187
272.325	-69.8437
272.4	-69.8437
272.475	-69.6875
272.55	-69.6875
272.625	-69.8125
272.7	-69.9062
272.775	-69.75
272.85	-69.7813
272.925	-69.8125
273	-69.9062
273.075	-69.75
273.15	-69.7813
273.225	-69.875
273.3	-69.875
273.375	-69.9062
273.45	-69.8125
273.525	-69.7813
273.6	-69.8125
273.675	-69.875
273.75	-69.7813
273.825	-69.8437
273.9	-69.875
273.975	-69.875
274.05	-69.7813
274.125	-69.8125
274.2	-69.9062
274.275	-69.8125
274.35	-69.7813
274.425	-69.875
274.5	-69.9375
274.575	-69.75
274.65	-69.875
274.725	-69.9062
274.8	-69.8437
274.875	-69.8437
274.95	-69.9062
275.025	-69.9062
275.1	-69.875
275.175	-69.9375
275.25	-69.875
275.325	-69.8437
275.4	-69.9062
275.475	-69.8125
275.55	-69.75
275.625	-69.9375
275.7	-69.9062
275.775	-69.875
275.85	-70
275.925	-69.8437
276	-69.8437
276.075	-69.9375
276.15	-69.9062
276.225	-69.9062
276.3	-69.9375
276.375	-69.8437
276.45	-69.9375
276.525	-69.9062
276.6	-69.7813
276.675	-69.9375
276.75	-69.9375
276.825	-69.8437
276.9	-69.9062
276.975	-69.9062
277.05	-69.9062
277.125	-69.9375
277.2	-69.7813
277.275	-69.875
277.35	-69.9375
277.425	-69.8125
277.5	-69.9062
277.575	-69.9062
277.65	-69.9688
277.725	-69.875
277.8	-69.7813
277.875	-69.9688
277.95	-69.8437
278.025	-69.8437
278.1	-69.9062
278.175	-69.9062
278.25	-69.9375
278.325	-69.7813
278.4	-69.8437
278.475	-69.9062
278.55	-69.875
278.625	-69.9062
278.7	-69.8125
278.775	-69.9688
278.85	-69.9375
278.925	-69.8125
279	-69.9062
279.075	-69.9375
279.15	-70.0312
279.225	-69.875
279.3	-69.9375
279.375	-70
279.45	-69.9062
279.525	-69.875
279.6	-69.9688
279.675	-70.0625
279.75	-69.8437
279.825	-69.8437
279.9	-69.9062
279.975	-70
280.05	-69.9688
280.125	-69.7813
280.2	-69.7813
280.275	-69.9375
280.35	-69.9375
280.425	-69.9062
280.5	-69.9375
280.575	-69.9062
280.65	-69.9062
280.725	-69.8437
280.8	-69.9062
280.875	-69.9062
280.95	-69.8125
281.025	-69.8125
281.1	-69.9688
281.175	-69.9062
281.25	-69.75
281.325	-69.875
281.4	-69.9062
281.475	-69.9062
281.55	-69.8125
281.625	-69.9062
281.7	-69.9375
281.775	-69.875
281.85	-69.9375
281.925	-69.9062
282	-69.8437
282.075	-69.9688
282.15	-69.9375
282.225	-69.8437
282.3	-69.8125
282.375	-69.875
282.45	-69.9062
282.525	-69.7813
282.6	-69.875
282.675	-69.9688
282.75	-69.8125
282.825	-69.7813
282.9	-69.9688
282.975	-69.9062
283.05	-69.8125
283.125	-69.8125
283.2	-69.9062
283.275	-69.7813
283.35	-69.875
283.425	-69.9375
283.5	-69.8437
283.575	-69.8125
283.65	-69.9375
283.725	-69.9062
283.8	-69.8437
283.875	-69.875
283.95	-69.8125
284.025	-69.8125
284.1	-69.8125
284.175	-69.8125
284.25	-69.875
284.325	-69.9062
284.4	-69.8125
284.475	-69.9375
284.55	-69.8125
284.625	-69.8437
284.7	-69.9062
284.775	-69.8125
284.85	-69.9375
284.925	-69.9375
285	-69.8437
285.075	-69.9375
285.15	-69.9375
285.225	-69.875
285.3	-69.9375
285.375	-69.8437
285.45	-69.9688
285.525	-69.9062
285.6	-69.8437
285.675	-69.9375
285.75	-70
285.825	-69.9688
285.9	-69.9375
285.975	-69.8125
286.05	-69.9688
286.125	-69.9375
286.2	-69.8437
286.275	-69.9062
286.35	-69.875
286.425	-70.0312
286.5	-69.8437
286.575	-69.8437
286.65	-70.0625
286.725	-69.9062
286.8	-69.9062
286.875	-69.875
286.95	-69.9688
287.025	-70.0312
287.1	-69.7813
287.175	-69.9375
287.25	-70
287.325	-70
287.4	-69.875
287.475	-69.875
287.55	-70.0938
287.625	-69.875
287.7	-69.9062
287.775	-70.0625
287.85	-70.0312
287.925	-69.875
288	-69.9062
288.075	-70.0625
288.15	-70.0625
288.225	-69.9062
288.3	-69.75
288.375	-69.9688
288.45	-70.0938
288.525	-69.9688
288.6	-69.8125
288.675	-69.9062
288.75	-70
288.825	-69.9375
288.9	-69.875
288.975	-69.9688
289.05	-70
289.125	-69.9688
289.2	-69.9062
289.275	-69.9688
289.35	-70.0312
289.425	-70
289.5	-69.9375
289.575	-70
289.65	-69.9688
289.725	-70.0312
289.8	-69.9688
289.875	-70
289.95	-69.9688
290.025	-70
290.1	-69.9688
290.175	-70.0312
290.25	-70
290.325	-70.0625
290.4	-70.0312
290.475	-70.0312
290.55	-69.9688
290.625	-70.0312
290.7	-70
290.775	-69.9688
290.85	-70.0312
290.925	-70.0312
291	-69.9688
291.075	-70.0312
291.15	-70.0625
291.225	-69.9688
291.3	-69.9688
291.375	-70.0938
291.45	-70.0938
291.525	-70
291.6	-69.9375
291.675	-70.125
291.75	-70.0312
291.825	-69.9375
291.9	-70.0938
291.975	-70.0625
292.05	-69.9688
292.125	-70.0625
292.2	-70
292.275	-70.0312
292.35	-70.0625
292.425	-70
292.5	-70.0625
292.575	-70.0625
292.65	-69.875
292.725	-70.0625
292.8	-70.0625
292.875	-70
292.95	-70.0312
293.025	-69.9375
293.1	-70.0938
293.175	-70
293.25	-69.9688
293.325	-70.0312
293.4	-70
293.475	-70
293.55	-70.0625
293.625	-70
293.7	-70.125
293.775	-70.0312
293.85	-69.875
293.925	-70.1562
294	-70
294.075	-70.0625
294.15	-70
294.225	-70.0312
294.3	-70.125
294.375	-69.9375
294.45	-70.0625
294.525	-70.125
294.6	-70
294.675	-70
294.75	-69.9688
294.825	-70.125
294.9	-70.0625
294.975	-70
295.05	-70.0625
295.125	-70.0625
295.2	-70.125
295.275	-69.9062
295.35	-70.1562
295.425	-70.0938
295.5	-70.0938
295.575	-70.0625
295.65	-70
295.725	-70.2187
295.8	-70
295.875	-70.0312
295.95	-70.125
296.025	-70.125
296.1	-70
296.175	-70.0312
296.25	-70.1562
296.325	-70.0938
296.4	-70.0938
296.475	-70.0625
296.55	-70.2187
296.625	-70.2187
296.7	-70.0938
296.775	-70.0938
296.85	-70.0625
296.925	-70.25
297	-70.1875
297.075	-70.125
297.15	-70.125
297.225	-70.2187
297.3	-70.1562
297.375	-70.125
297.45	-70.0938
297.525	-70.125
297.6	-70.125
297.675	-70.0625
297.75	-70.0938
297.825	-70.125
297.9	-70.1562
297.975	-70.125
298.05	-70.0938
298.125	-70.1875
298.2	-70.0938
298.275	-70.0938
298.35	-70.0625
298.425	-70.25
298.5	-70.1875
298.575	-70.0938
298.65	-70.1875
298.725	-70.1875
298.8	-70.0625
298.875	-70.0938
298.95	-70.2813
299.025	-70.2187
299.1	-70.0938
299.175	-70.1562
299.25	-70.25
299.325	-70.1562
299.4	-70.0938
299.475	-70.25
299.55	-70.2813
299.625	-70.1875
299.7	-70.1875
299.775	-70.1875
299.85	-70.1562
299.925	-70.1562
300	-70.2187
300.075	-70.1562
300.15	-70.125
300.225	-70.25
300.3	-70.1562
300.375	-70.125
300.45	-70.25
300.525	-70.125
300.6	-70.1562
300.675	-70.1875
300.75	-70.125
300.825	-70.1562
300.9	-70.2187
300.975	-70.0312
301.05	-70.1562
301.125	-70.1875
301.2	-70.0938
301.275	-70.1875
301.35	-70.125
301.425	-70.125
301.5	-70.125
301.575	-70.1562
301.65	-70.0312
301.725	-70.2187
301.8	-70.0938
301.875	-70.0938
301.95	-70.125
302.025	-70.0938
302.1	-70.1875
302.175	-70.125
302.25	-70
302.325	-70.1562
302.4	-70.125
302.475	-70.125
302.55	-70.125
302.625	-70.0625
302.7	-70.1875
302.775	-70.0938
302.85	-70.0938
302.925	-70.0312
303	-70.125
303.075	-70.125
303.15	-69.9375
303.225	-70.1875
303.3	-70.1562
303.375	-70.125
303.45	-69.9688
303.525	-70.125
303.6	-70.1875
303.675	-70.0625
303.75	-70
303.825	-70.0625
303.9	-70.25
303.975	-70.0625
304.05	-70.0625
304.125	-70.0938
304.2	-70.1562
304.275	-70.0625
304.35	-70.0312
304.425	-70.1875
304.5	-70.2187
304.575	-70.0938
304.65	-69.9375
304.725	-70.125
304.8	-70.25
304.875	-70.125
304.95	-70.0625
305.025	-70.0625
305.1	-70.0938
305.175	-70.0938
305.25	-70.0625
305.325	-70.1562
305.4	-70.1562
305.475	-70.0312
305.55	-70.0312
305.625	-70.2187
305.7	-70.25
305.775	-70
305.85	-69.9688
305.925	-70.125
306	-70.25
306.075	-70.0938
306.15	-70
306.225	-70.0938
306.3	-70.1562
306.375	-70.0312
306.45	-70
306.525	-70.1562
306.6	-70.1875
306.675	-70
306.75	-70
306.825	-70.2187
306.9	-70.125
306.975	-70
307.05	-70.125
307.125	-70.1875
307.2	-70.0312
307.275	-70.0625
307.35	-70.125
307.425	-70.0625
307.5	-70.0625
307.575	-70.0938
307.65	-70.0938
307.725	-70.0625
307.8	-70.1875
307.875	-70.0625
307.95	-70.0938
308.025	-70.1875
308.1	-70.0625
308.175	-69.9688
308.25	-70.0938
308.325	-70.0625
308.4	-70
308.475	-70.125
308.55	-70.125
308.625	-70.0312
308.7	-70.1562
308.775	-70.1562
308.85	-70.0312
308.925	-70.0938
309	-70.25
309.075	-70.125
309.15	-70.125
309.225	-70.125
309.3	-70.0938
309.375	-70.1875
309.45	-70.125
309.525	-70.1562
309.6	-70.1562
309.675	-70.1875
309.75	-70.125
309.825	-70.125
309.9	-70.125
309.975	-70.0938
310.05	-70.1875
310.125	-70.0312
310.2	-70.125
310.275	-70.125
310.35	-70
310.425	-70.125
310.5	-70.0625
310.575	-70.1875
310.65	-70.125
310.725	-70.0312
310.8	-70.2187
310.875	-70.1562
310.95	-70.125
311.025	-70.0938
311.1	-70.0625
311.175	-70.25
311.25	-70.0938
311.325	-70.0625
311.4	-70.0938
311.475	-70.0938
311.55	-70.1562
311.625	-69.9688
311.7	-70.1562
311.775	-70.1562
311.85	-70.0625
311.925	-70.1562
312	-70.0312
312.075	-70.2187
312.15	-70.0938
312.225	-70.0312
312.3	-70.1875
312.375	-70.0938
312.45	-70.0938
312.525	-70.0938
312.6	-70.1562
312.675	-70.2813
312.75	-70.125
312.825	-70.0312
312.9	-70.0938
312.975	-70.125
313.05	-70.0625
313.125	-70.0312
313.2	-70.125
313.275	-70.125
313.35	-70.1562
313.425	-70.0312
313.5	-70.1562
313.575	-70.0938
313.65	-69.9375
313.725	-70.0625
313.8	-70.1562
313.875	-70.0625
313.95	-69.9688
314.025	-70.0312
314.1	-70.125
314.175	-70.0938
314.25	-69.9375
314.325	-70
314.4	-70.0938
314.475	-70
314.55	-69.9688
314.625	-70.0312
314.7	-70.0938
314.775	-70.0625
314.85	-69.9688
314.925	-70.0312
