4200 2
0	-70
0.075	-70.125
0.15	-70.0625
0.225	-69.9062
0.3	-70.0938
0.375	-70.0938
0.45	-70
0.525	-69.9688
0.6	-70.0625
0.675	-70.1875
0.75	-70
0.825	-69.9375
0.9	-70.0625
0.975	-70.0625
1.05	-70.0625
1.125	-69.9062
1.2	-70
1.275	-70.1562
1.35	-70.0625
1.425	-70.0312
1.5	-70
1.575	-70.0625
1.65	-70.1562
1.725	-70
1.8	-70.0312
1.875	-70.0625
1.95	-70.0625
2.025	-70
2.1	-70.0312
2.175	-70.0625
2.25	-70.0625
2.325	-70.0312
2.4	-70.0312
2.475	-70.125
2.55	-70.0938
2.625	-70.0312
2.7	-70
2.775	-70.0625
2.85	-70
2.925	-70
3	-70
3.075	-70.125
3.15	-70.0938
3.225	-69.9688
3.3	-70.0625
3.375	-70.1562
3.45	-70.0625
3.525	-70
3.6	-70.0938
3.675	-70.0625
3.75	-69.9688
3.825	-70.0625
3.9	-70.125
3.975	-70.0312
4.05	-70
4.125	-70.0625
4.2	-70.0625
4.275	-70.0312
4.35	-70.0938
4.425	-70.0312
4.5	-70
4.575	-70.125
4.65	-70.0625
4.725	-69.9375
4.8	-70.0938
4.875	-70.0938
4.95	-69.9688
5.025	-70.0938
5.1	-70.0625
5.175	-70
5.25	-70.0625
5.325	-70.0625
5.4	-70
5.475	-70.0938
5.55	-70.0625
5.625	-70
5.7	-70.0625
5.775	-70
5.85	-70.0312
5.925	-70.1562
6	-69.9375
6.075	-70.0625
6.15	-70.0625
6.225	-70
6.3	-70.0938
6.375	-70
6.45	-70.125
6.525	-70.125
6.6	-70
6.675	-70.125
6.75	-70.0938
6.825	-70.0938
6.9	-70
6.975	-69.9688
7.05	-70.1875
7.125	-70.0312
7.2	-70.0938
7.275	-70.0938
7.35	-70.0312
7.425	-70.0625
7.5	-70
7.575	-70
7.65	-70.1562
7.725	-70
7.8	-70.0312
7.875	-70
7.95	-70.0938
8.025	-70.0938
8.1	-69.9062
8.175	-70.0938
8.25	-70.0625
8.325	-70.0312
8.4	-69.9688
8.475	-69.9375
8.55	-70.0625
8.625	-70
8.7	-69.875
8.775	-70.1562
8.85	-70.1562
8.925	-70.0312
9	-69.9688
9.075	-70.125
9.15	-70.25
9.225	-70.0938
9.3	-69.9375
9.375	-70
9.45	-70.1562
9.525	-70.0625
9.6	-69.9688
9.675	-70.0625
9.75	-70.0625
9.825	-70.0312
9.9	-70.0625
9.975	-70.0938
10.05	-70.0938
10.125	-70
10.2	-70
10.275	-70.125
10.35	-70.125
10.425	-70.0625
10.5	-70.0938
10.575	-70.0625
10.65	-69.9688
10.725	-70
10.8	-70.0312
10.875	-70.0938
10.95	-70.0312
11.025	-70.0938
11.1	-70.0938
11.175	-70.0938
11.25	-70.0625
11.325	-70.0312
11.4	-70.0625
11.475	-70.0312
11.55	-69.9062
11.625	-70.0625
11.7	-70.0938
11.775	-70.0312
11.85	-70.0312
11.925	-70.0938
12	-70.0312
12.075	-70
12.15	-70.0625
12.225	-70.0625
12.3	-70.0625
12.375	-70.0625
12.45	-70.125
12.525	-69.9688
12.6	-70.0312
12.675	-70.1562
12.75	-70.0312
12.825	-70
12.9	-70.0938
12.975	-70
13.05	-70
13.125	-70.0938
13.2	-70
13.275	-69.9375
13.35	-70.0938
13.425	-70
13.5	-70.0938
13.575	-70.0625
13.65	-69.9375
13.725	-70.0625
13.8	-70.0625
13.875	-69.9688
13.95	-70.0938
14.025	-70.0312
14.1	-69.9375
14.175	-70.1562
14.25	-70.0625
14.325	-70.0625
14.4	-70.0938
14.475	-70.0312
14.55	-70.0625
14.625	-70.1562
14.7	-69.9688
14.775	-70.0625
14.85	-70
14.925	-70
15	-69.9062
15.075	-69.625
15.15	-69.625
15.225	-69.6563
15.3	-69.4375
15.375	-69.4688
15.45	-69.4062
15.525	-69.5312
15.6	-69.4375
15.675	-69.3438
15.75	-69.4375
15.825	-69.4375
15.9	-69.4375
15.975	-69.2813
16.05	-69.2187
16.125	-69.4688
16.2	-69.2813
16.275	-69.25
16.35	-69.2187
16.425	-69.3125
16.5	-69.2187
16.575	-69.0937
16.65	-69.25
16.725	-69.25
16.8	-69.1563
16.875	-69.0625
16.95	-69.0937
17.025	-69.3438
17.1	-69.1875
17.175	-69
17.25	-69.0625
17.325	-69.1875
17.4	-69.0313
17.475	-68.9688
17.55	-69
17.625	-69.0625
17.7	-69
17.775	-69
17.85	-69.0313
17.925	-68.9688
18	-68.9062
18.075	-68.9688
18.15	-69.0625
18.225	-69.0937
18.3	-68.875
18.375	-68.875
18.45	-69
18.525	-69.0625
18.6	-68.8125
18.675	-68.8125
18.75	-69.0313
18.825	-68.9688
18.9	-68.7812
18.975	-68.8438
19.05	-68.9375
19.125	-68.9375
19.2	-68.7812
19.275	-68.9062
19.35	-68.875
19.425	-68.8125
19.5	-68.6875
19.575	-68.8125
19.65	-68.875
19.725	-68.75
19.8	-68.7187
19.875	-68.7812
19.95	-68.75
20.025	-68.6875
20.1	-68.8125
20.175	-68.7812
20.25	-68.6875
20.325	-68.7187
20.4	-68.6563
20.475	-68.625
20.55	-68.75
20.625	-68.8438
20.7	-68.625
20.775	-68.6563
20.85	-68.7187
20.925	-68.6563
21	-68.5937
21.075	-68.6875
21.15	-68.6563
21.225	-68.5625
21.3	-68.5625
21.375	-68.625
21.45	-68.5937
21.525	-68.5
21.6	-68.6563
21.675	-68.5625
21.75	-68.5
21.825	-68.6563
21.9	-68.5
21.975	-68.5
22.05	-68.5625
22.125	-68.5
22.2	-68.5313
22.275	-68.5
22.35	-68.4375
22.425	-68.5625
22.5	-68.4687
22.575	-68.4375
22.65	-68.5313
22.725	-68.4375
22.8	-68.5625
22.875	-68.4687
22.95	-68.375
23.025	-68.5313
23.1	-68.4375
23.175	-68.4375
23.25	-68.375
23.325	-68.4062
23.4	-68.5
23.475	-68.375
23.55	-68.25
23.625	-68.5
23.7	-68.375
23.775	-68.4375
23.85	-68.2812
23.925	-68.4062
24	-68.4062
24.075	-68.2812
24.15	-68.25
24.225	-68.375
24.3	-68.375
24.375	-68.375
24.45	-68.1562
24.525	-68.375
24.6	-68.2812
24.675	-68.2812
24.75	-68.25
24.825	-68.25
24.9	-68.3438
24.975	-68.1562
25.05	-68.25
25.125	-68.3438
25.2	-68.3125
25.275	-68.2812
25.35	-68.0937
25.425	-68.1562
25.5	-68.3125
25.575	-68.1875
25.65	-68.1562
25.725	-68.2188
25.8	-68.25
25.875	-68.125
25.95	-68.1875
26.025	-68.25
26.1	-68.1562
26.175	-68
26.25	-68.125
26.325	-68.25
26.4	-68.1562
26.475	-68.0313
26.55	-68.0937
26.625	-68.2188
26.7	-68.1562
26.775	-68
26.85	-67.9687
26.925	-68.25
27	-68.1875
27.075	-68.0625
27.15	-68
27.225	-68.25
27.3	-68.1875
27.375	-68
27.45	-68
27.525	-68.2188
27.6	-68.0625
27.675	-67.9687
27.75	-68
27.825	-68.125
27.9	-68
27.975	-67.9687
28.05	-68.0937
28.125	-68
28.2	-67.9687
28.275	-68.0313
28.35	-68
28.425	-68
28.5	-68
28.575	-68
28.65	-67.9687
28.725	-67.9063
28.8	-68
28.875	-68
28.95	-67.9375
29.025	-67.9375
29.1	-68.0313
29.175	-67.875
29.25	-67.9063
29.325	-68
29.4	-67.9687
29.475	-67.9375
29.55	-68
29.625	-68
29.7	-67.875
29.775	-67.9687
29.85	-67.9687
29.925	-67.9063
30	-67.9687
30.075	-67.9375
30.15	-67.875
30.225	-68
30.3	-67.9375
30.375	-67.875
30.45	-67.9687
30.525	-67.9375
30.6	-67.9063
30.675	-67.9063
30.75	-67.9375
30.825	-67.9063
30.9	-67.875
30.975	-67.8438
31.05	-67.7812
31.125	-67.9063
31.2	-67.8438
31.275	-67.8125
31.35	-67.9687
31.425	-67.9063
31.5	-67.8125
31.575	-67.9063
31.65	-67.8125
31.725	-67.75
31.8	-67.9063
31.875	-67.8438
31.95	-67.8438
32.025	-67.7812
32.1	-67.8125
32.175	-67.9687
32.25	-67.7812
32.325	-67.7812
32.4	-67.8125
32.475	-67.7812
32.55	-67.7812
32.625	-67.6875
32.7	-67.875
32.775	-67.8438
32.85	-67.6875
32.925	-67.7812
33	-67.75
33.075	-67.9687
33.15	-67.6562
33.225	-67.75
33.3	-67.8438
33.375	-67.7812
33.45	-67.7812
33.525	-67.6562
33.6	-67.8125
33.675	-67.8438
33.75	-67.6562
33.825	-67.6562
33.9	-67.8438
33.975	-67.8125
34.05	-67.7188
34.125	-67.6562
34.2	-67.75
34.275	-67.75
34.35	-67.7188
34.425	-67.6562
34.5	-67.75
34.575	-67.6875
34.65	-67.6875
34.725	-67.75
34.8	-67.75
34.875	-67.7188
34.95	-67.625
35.025	-67.6875
35.1	-67.8438
35.175	-67.7188
35.25	-67.625
35.325	-67.7188
35.4	-67.75
35.475	-67.6562
35.55	-67.625
35.625	-67.7188
35.7	-67.6875
35.775	-67.5625
35.85	-67.625
35.925	-67.7812
36	-67.6875
36.075	-67.5938
36.15	-67.625
36.225	-67.5938
36.3	-67.5625
36.375	-67.5938
36.45	-67.5938
36.525	-67.5938
36.6	-67.5625
36.675	-67.5938
36.75	-67.625
36.825	-67.6562
36.9	-67.6562
36.975	-67.7188
37.05	-67.625
37.125	-67.5938
37.2	-67.625
37.275	-67.6562
37.35	-67.5625
37.425	-67.5625
37.5	-67.6562
37.575	-67.5625
37.65	-67.5
37.725	-67.625
37.8	-67.5625
37.875	-67.4687
37.95	-67.625
38.025	-67.5938
38.1	-67.5
38.175	-67.5938
38.25	-67.5938
38.325	-67.5313
38.4	-67.5625
38.475	-67.5938
38.55	-67.5
38.625	-67.5313
38.7	-67.5938
38.775	-67.5
38.85	-67.5625
38.925	-67.5625
39	-67.4375
39.075	-67.5625
39.15	-67.4687
39.225	-67.5
39.3	-67.5313
39.375	-67.4687
39.45	-67.5
39.525	-67.5625
39.6	-67.375
39.675	-67.5
39.75	-67.5
39.825	-67.4687
39.9	-67.5313
39.975	-67.4375
40.05	-67.5938
40.125	-67.4063
40.2	-67.4375
40.275	-67.5625
40.35	-67.5313
40.425	-67.4375
40.5	-67.5
40.575	-67.5
40.65	-67.5313
40.725	-67.4063
40.8	-67.5313
40.875	-67.5313
40.95	-67.4687
41.025	-67.5313
41.1	-67.3437
41.175	-67.5
41.25	-67.4687
41.325	-67.25
41.4	-67.4063
41.475	-67.375
41.55	-67.4375
41.625	-67.375
41.7	-67.375
41.775	-67.5313
41.85	-67.375
41.925	-67.4063
42	-67.4063
42.075	-67.4375
42.15	-67.5
42.225	-67.4063
42.3	-67.3437
42.375	-67.4375
42.45	-67.3437
42.525	-67.3437
42.6	-67.4063
42.675	-67.4687
42.75	-67.375
42.825	-67.25
42.9	-67.3437
42.975	-67.5
43.05	-67.4687
43.125	-67.3125
43.2	-67.3437
43.275	-67.4375
43.35	-67.5
43.425	-67.375
43.5	-67.375
43.575	-67.4687
43.65	-67.4375
43.725	-67.3437
43.8	-67.3125
43.875	-67.4687
43.95	-67.4375
44.025	-67.25
44.1	-67.3437
44.175	-67.5
44.25	-67.4063
44.325	-67.25
44.4	-67.3125
44.475	-67.4375
44.55	-67.4063
44.625	-67.2813
44.7	-67.4063
44.775	-67.4375
44.85	-67.3125
44.925	-67.25
45	-67.4687
45.075	-67.375
45.15	-67.25
45.225	-67.3437
45.3	-67.375
45.375	-67.2813
45.45	-67.3437
45.525	-67.4063
45.6	-67.3437
45.675	-67.25
45.75	-67.375
45.825	-67.3125
45.9	-67.25
45.975	-67.375
46.05	-67.3437
46.125	-67.3125
46.2	-67.3437
46.275	-67.4063
46.35	-67.2813
46.425	-67.375
46.5	-67.375
46.575	-67.2813
46.65	-67.3125
46.725	-67.3437
46.8	-67.2813
46.875	-67.3125
46.95	-67.4063
47.025	-67.25
47.1	-67.3437
47.175	-67.3125
47.25	-67.2813
47.325	-67.2813
47.4	-67.2188
47.475	-67.1875
47.55	-67.3125
47.625	-67.3125
47.7	-67.2188
47.775	-67.375
47.85	-67.3437
47.925	-67.2188
48	-67.2813
48.075	-67.2188
48.15	-67.2813
48.225	-67.4063
48.3	-67.2813
48.375	-67.2188
48.45	-67.375
48.525	-67.25
48.6	-67.2188
48.675	-67.2813
48.75	-67.1875
48.825	-67.3125
48.9	-67.2188
48.975	-67.125
49.05	-67.3125
49.125	-67.25
49.2	-67.25
49.275	-67.1562
49.35	-67.3125
49.425	-67.3125
49.5	-67.1875
49.575	-67.25
49.65	-67.25
49.725	-67.3125
49.8	-67.125
49.875	-67.2188
49.95	-67.1562
50.025	-67.2813
50.1	-67
50.175	-67.1875
50.25	-67.2813
50.325	-67.1562
50.4	-67.1875
50.475	-67.2813
50.55	-67.3125
50.625	-67.125
50.7	-67.0938
50.775	-67.2188
50.85	-67.2813
50.925	-67.25
51	-67.0938
51.075	-67.1562
51.15	-67.25
51.225	-67.25
51.3	-67.2188
51.375	-67.1875
51.45	-67.1562
51.525	-67.125
51.6	-67.1562
51.675	-67.25
51.75	-67.3437
51.825	-67.1562
51.9	-67.1562
51.975	-67.2188
52.05	-67.2813
52.125	-67.125
52.2	-67.0312
52.275	-67.2188
52.35	-67.2813
52.425	-67.1875
52.5	-67.0938
52.575	-67.2188
52.65	-67.2813
52.725	-67.1562
52.8	-67.0312
52.875	-67.2188
52.95	-67.25
53.025	-67.1875
53.1	-67.0938
53.175	-67.25
53.25	-67.25
53.325	-67.0938
53.4	-67.0625
53.475	-67.125
53.55	-67.125
53.625	-67.2188
53.7	-67.1562
53.775	-67.125
53.85	-67.125
53.925	-67.1562
54	-67.0625
54.075	-67.125
54.15	-67.125
54.225	-67.0938
54.3	-67.125
54.375	-67.1562
54.45	-67.0938
54.525	-67.125
54.6	-67.2188
54.675	-67.125
54.75	-67.0312
54.825	-67.125
54.9	-67.0938
54.975	-67.0625
55.05	-67.2188
55.125	-67.0625
55.2	-67.0938
55.275	-67.125
55.35	-67.0625
55.425	-67.0625
55.5	-67.1875
55.575	-67.125
55.65	-67.0938
55.725	-67.0938
55.8	-67
55.875	-67.0938
55.95	-67.0625
56.025	-66.9375
56.1	-67.1562
56.175	-67.0938
56.25	-67.0625
56.325	-67.1562
56.4	-67.0625
56.475	-67.0312
56.55	-67.0625
56.625	-67.0938
56.7	-67.0625
56.775	-67
56.85	-67.0625
56.925	-67.1875
57	-67.0312
57.075	-67.0625
57.15	-67.0625
57.225	-67.125
57.3	-67.125
57.375	-67
57.45	-67.0625
57.525	-67.0938
57.6	-67.1562
57.675	-67.0312
57.75	-67.0625
57.825	-67.1562
57.9	-67.0938
57.975	-67.125
58.05	-67.0625
58.125	-67.1562
58.2	-67.0938
58.275	-67
58.35	-67.0938
58.425	-67.125
58.5	-67.125
58.575	-67.0312
58.65	-67.0938
58.725	-67.2188
58.8	-67.125
58.875	-66.9375
58.95	-67.0312
59.025	-67.2188
59.1	-67.1875
59.175	-67
59.25	-67.0312
59.325	-67.125
59.4	-67.0625
59.475	-67.0312
59.55	-67.125
59.625	-67.25
59.7	-67.0312
59.775	-66.9687
59.85	-67.0625
59.925	-67.125
60	-67.0625
60.075	-66.9687
60.15	-67.1562
60.225	-67.2188
60.3	-67.125
60.375	-66.9375
60.45	-67.0938
60.525	-67.1562
60.6	-67.0312
60.675	-66.9687
60.75	-67.125
60.825	-67.125
60.9	-67
60.975	-66.9687
61.05	-67.125
61.125	-67.1562
61.2	-67
61.275	-67
61.35	-67.1875
61.425	-67.0938
61.5	-66.9687
61.575	-67.0625
61.65	-67.125
61.725	-67.0312
61.8	-67.0938
61.875	-67.0625
61.95	-67.0625
62.025	-66.9687
62.1	-67.0312
62.175	-67.0312
62.25	-67
62.325	-67.0625
62.4	-67.0625
62.475	-67
62.55	-67.0625
62.625	-67.125
62.7	-66.9687
62.775	-67.0625
62.85	-67.1562
62.925	-67.0312
63	-67
63.075	-67.125
63.15	-67.0312
63.225	-67
63.3	-67.0938
63.375	-67.0625
63.45	-67.0312
63.525	-67.1562
63.6	-67.0625
63.675	-67.0938
63.75	-67.125
63.825	-67
63.9	-66.9687
63.975	-67.0938
64.05	-67.0312
64.125	-67
64.2	-67.0938
64.275	-67.0938
64.35	-67.0312
64.425	-67.0938
64.5	-67.0312
64.575	-67.0625
64.65	-67.0312
64.725	-67.0312
64.8	-67.0312
64.875	-67.0625
64.95	-66.9687
65.025	-67.0312
65.1	-67
65.175	-67.0312
65.25	-67.0312
65.325	-66.9063
65.4	-67.0938
65.475	-67.0938
65.55	-66.9063
65.625	-67.125
65.7	-67.1562
65.775	-67.125
65.85	-66.9687
65.925	-66.9687
66	-67.125
66.075	-66.9687
66.15	-67
66.225	-67
66.3	-67.0625
66.375	-67.0938
66.45	-66.9375
66.525	-67.0938
66.6	-67.0312
66.675	-67.0312
66.75	-66.9063
66.825	-67.0625
66.9	-67.0938
66.975	-66.9687
67.05	-66.9687
67.125	-67.0938
67.2	-67.0625
67.275	-66.9063
67.35	-66.9687
67.425	-67.0938
67.5	-67.1562
67.575	-66.9687
67.65	-66.9063
67.725	-66.9687
67.8	-67.125
67.875	-67.0312
67.95	-67.0625
68.025	-67.0312
68.1	-67.0312
68.175	-67
68.25	-67.0625
68.325	-67.0938
68.4	-67.0625
68.475	-66.9687
68.55	-67.0312
68.625	-67
68.7	-67.0625
68.775	-66.9063
68.85	-67
68.925	-67.0938
69	-67
69.075	-67.0312
69.15	-67.0312
69.225	-67
69.3	-67
69.375	-67.0625
69.45	-67.0312
69.525	-66.9375
69.6	-67.0625
69.675	-67
69.75	-66.9687
69.825	-67.0625
69.9	-67.0625
69.975	-66.9687
70.05	-67.0625
70.125	-67.125
70.2	-67.0312
70.275	-66.9375
70.35	-67.0312
70.425	-67.0625
70.5	-66.9375
70.575	-67.0312
70.65	-67.0938
70.725	-66.9687
70.8	-67
70.875	-67.0625
70.95	-66.9687
71.025	-66.9063
71.1	-67.0625
71.175	-67.0312
71.25	-66.9063
71.325	-67
71.4	-67.0312
71.475	-66.9375
71.55	-66.9375
71.625	-67
71.7	-66.9687
71.775	-67
71.85	-67
71.925	-66.9063
72	-67
72.075	-66.9375
72.15	-66.9063
72.225	-67.0625
72.3	-66.9375
72.375	-66.9375
72.45	-67.0312
72.525	-66.9687
72.6	-67.0625
72.675	-67.0312
72.75	-66.875
72.825	-67.0312
72.9	-67.0312
72.975	-66.9687
73.05	-67.0625
73.125	-66.9375
73.2	-66.9687
73.275	-67.125
73.35	-66.9063
73.425	-66.9687
73.5	-67
73.575	-66.9687
73.65	-67
73.725	-66.9063
73.8	-67
73.875	-67.0625
73.95	-66.875
74.025	-67
74.1	-66.9063
74.175	-67.0625
74.25	-66.9687
74.325	-66.875
74.4	-67.0312
74.475	-66.9375
74.55	-67.0312
74.625	-66.8125
74.7	-66.9687
74.775	-67.0312
74.85	-66.9063
74.925	-66.9375
75	-66.9687
75.075	-67.125
75.15	-66.9063
75.225	-66.8437
75.3	-67
75.375	-67.0625
75.45	-66.9063
75.525	-66.9375
75.6	-67.0312
75.675	-67.0625
75.75	-66.9063
75.825	-66.8437
75.9	-67.0312
75.975	-67.0625
76.05	-66.9375
76.125	-66.9063
76.2	-66.9375
76.275	-67
76.35	-66.9687
76.425	-66.9375
76.5	-66.9375
76.575	-67
76.65	-67
76.725	-66.9375
76.8	-66.9687
76.875	-66.9687
76.95	-66.9375
77.025	-66.875
77.1	-66.9375
77.175	-66.9687
77.25	-66.9375
77.325	-66.9063
77.4	-66.9063
77.475	-67.0625
77.55	-67
77.625	-66.9375
77.7	-66.9063
77.775	-67.0938
77.85	-66.9375
77.925	-66.875
78	-66.9375
78.075	-67.0312
78.15	-66.9063
78.225	-66.875
78.3	-67.0312
78.375	-67
78.45	-66.9063
78.525	-66.875
78.6	-67.0625
78.675	-66.9375
78.75	-66.875
78.825	-67.0312
78.9	-67.0938
78.975	-66.875
79.05	-66.9063
79.125	-66.9687
79.2	-66.9375
79.275	-66.9687
79.35	-66.9687
79.425	-66.9687
79.5	-66.9063
79.575	-67
79.65	-67.0625
79.725	-66.9687
79.8	-67.0312
79.875	-67
79.95	-66.9687
80.025	-67
80.1	-67.0312
80.175	-66.9063
80.25	-66.875
80.325	-66.9375
80.4	-66.875
80.475	-66.9375
80.55	-66.9687
80.625	-66.9063
80.7	-66.9687
80.775	-66.9375
80.85	-66.9375
80.925	-66.9687
81	-66.9063
81.075	-66.9687
81.15	-67
81.225	-66.9063
81.3	-66.9375
81.375	-66.9375
81.45	-66.8437
81.525	-66.9375
81.6	-66.875
81.675	-66.9375
81.75	-67.0312
81.825	-66.875
81.9	-66.9687
81.975	-66.9063
82.05	-67.0312
82.125	-66.9687
82.2	-66.75
82.275	-66.9687
82.35	-67
82.425	-66.875
82.5	-66.9063
82.575	-66.9063
82.65	-67
82.725	-66.875
82.8	-66.9063
82.875	-66.9063
82.95	-67
83.025	-66.9687
83.1	-66.75
83.175	-67.0312
83.25	-66.9375
83.325	-66.9375
83.4	-66.9063
83.475	-66.9063
83.55	-67.0625
83.625	-66.9063
83.7	-66.9063
83.775	-67.0312
83.85	-67
83.925	-66.8125
84	-66.7187
84.075	-66.9687
84.15	-67
84.225	-66.9063
84.3	-66.9063
84.375	-66.875
84.45	-66.9063
84.525	-66.9063
84.6	-66.875
84.675	-66.9375
84.75	-66.9687
84.825	-66.8125
84.9	-66.9375
84.975	-67.0312
85.05	-66.9063
85.125	-66.8125
85.2	-66.9375
85.275	-67.0938
85.35	-66.9687
85.425	-66.8125
85.5	-66.9063
85.575	-67
85.65	-66.9687
85.725	-66.8437
85.8	-66.9063
85.875	-67.0625
85.95	-66.9687
86.025	-66.875
86.1	-67
86.175	-67
86.25	-66.875
86.325	-66.9063
86.4	-66.9375
86.475	-66.9375
86.55	-66.9687
86.625	-66.9687
86.7	-66.9375
86.775	-66.9063
86.85	-66.9375
86.925	-66.875
87	-66.9063
87.075	-66.9687
87.15	-67
87.225	-66.9063
87.3	-66.875
87.375	-67.0625
87.45	-66.9687
87.525	-66.8437
87.6	-66.9687
87.675	-66.9687
87.75	-66.875
87.825	-66.9375
87.9	-66.9687
87.975	-66.9375
88.05	-66.9375
88.125	-66.9687
88.2	-66.875
88.275	-66.9063
88.35	-67
88.425	-66.9063
88.5	-66.9063
88.575	-66.9375
88.65	-66.8437
88.725	-66.9687
88.8	-66.9687
88.875	-66.8437
88.95	-66.9063
89.025	-67
89.1	-66.8437
89.175	-66.8125
89.25	-66.9687
89.325	-66.9063
89.4	-66.9687
89.475	-66.9375
89.55	-66.875
89.625	-66.9375
89.7	-66.9063
89.775	-66.875
89.85	-67
89.925	-66.9687
90	-66.9063
90.075	-66.9063
90.15	-66.8125
90.225	-67
90.3	-66.8437
90.375	-66.8437
90.45	-66.9687
90.525	-67
90.6	-66.9687
90.675	-66.8125
90.75	-66.9063
90.825	-66.9687
90.9	-66.8125
90.975	-66.875
91.05	-66.875
91.125	-66.9687
91.2	-66.7813
91.275	-66.8125
91.35	-66.875
91.425	-66.8125
91.5	-66.8437
91.575	-66.6875
91.65	-66.8437
91.725	-66.8125
91.8	-66.8437
91.875	-66.75
91.95	-66.7813
92.025	-66.875
92.1	-66.7813
92.175	-66.625
92.25	-66.75
92.325	-66.8125
92.4	-66.7813
92.475	-66.6562
92.55	-66.8125
92.625	-66.8125
92.7	-66.6875
92.775	-66.7187
92.85	-66.75
92.925	-66.7187
93	-66.5625
93.075	-66.75
93.15	-66.8125
93.225	-66.8125
93.3	-66.625
93.375	-66.7813
93.45	-66.8437
93.525	-66.7813
93.6	-66.5625
93.675	-66.6875
93.75	-66.8437
93.825	-66.7813
93.9	-66.625
93.975	-66.7187
94.05	-66.75
94.125	-66.8125
94.2	-66.5938
94.275	-66.7187
94.35	-66.8437
94.425	-66.7187
94.5	-66.5312
94.575	-66.7187
94.65	-66.75
94.725	-66.7187
94.8	-66.625
94.875	-66.6875
94.95	-66.7187
95.025	-66.6875
95.1	-66.5312
95.175	-66.7187
95.25	-66.7187
95.325	-66.625
95.4	-66.5938
95.475	-66.7187
95.55	-66.6562
95.625	-66.5625
95.7	-66.6875
95.775	-66.6875
95.85	-66.625
95.925	-66.6562
96	-66.6562
96.075	-66.5625
96.15	-66.625
96.225	-66.5625
96.3	-66.5625
96.375	-66.7187
96.45	-66.625
96.525	-66.5625
96.6	-66.625
96.675	-66.5312
96.75	-66.5
96.825	-66.5938
96.9	-66.5625
96.975	-66.625
97.05	-66.6562
97.125	-66.5625
97.2	-66.7187
97.275	-66.7187
97.35	-66.5938
97.425	-66.7187
97.5	-66.625
97.575	-66.5625
97.65	-66.6875
97.725	-66.625
97.8	-66.5938
97.875	-66.6562
97.95	-66.6562
98.025	-66.6562
98.1	-66.6562
98.175	-66.5312
98.25	-66.5312
98.325	-66.5938
98.4	-66.5312
98.475	-66.5938
98.55	-66.5312
98.625	-66.625
98.7	-66.7187
98.775	-66.5
98.85	-66.5625
98.925	-66.625
99	-66.5
99.075	-66.625
99.15	-66.5
99.225	-66.6875
99.3	-66.625
99.375	-66.5
99.45	-66.5625
99.525	-66.5625
99.6	-66.625
99.675	-66.4688
99.75	-66.5312
99.825	-66.625
99.9	-66.6875
99.975	-66.4375
100.05	-66.625
100.125	-66.625
100.2	-66.6562
100.275	-66.5
100.35	-66.5
100.425	-66.6562
100.5	-66.6562
100.575	-66.5
100.65	-66.4688
100.725	-66.6875
100.8	-66.625
100.875	-66.5625
100.95	-66.5312
101.025	-66.5938
101.1	-66.5
101.175	-66.5
101.25	-66.625
101.325	-66.6875
101.4	-66.5312
101.475	-66.375
101.55	-66.5625
101.625	-66.7187
101.7	-66.5938
101.775	-66.4688
101.85	-66.5
101.925	-66.7187
102	-66.5625
102.075	-66.4375
102.15	-66.5
102.225	-66.6875
102.3	-66.5625
102.375	-66.4688
102.45	-66.5312
102.525	-66.6875
102.6	-66.5
102.675	-66.4063
102.75	-66.5938
102.825	-66.5938
102.9	-66.4688
102.975	-66.4375
103.05	-66.5312
103.125	-66.625
103.2	-66.5
103.275	-66.5
103.35	-66.6562
103.425	-66.5625
103.5	-66.4688
103.575	-66.5
103.65	-66.5312
103.725	-66.5312
103.8	-66.5938
103.875	-66.625
103.95	-66.625
104.025	-66.5
104.1	-66.5312
104.175	-66.5625
104.25	-66.5312
104.325	-66.5
104.4	-66.5
104.475	-66.4688
104.55	-66.5
104.625	-66.5625
104.7	-66.4375
104.775	-66.4688
104.85	-66.4688
104.925	-66.4375
105	-66.5
105.075	-66.5
105.15	-66.4375
105.225	-66.5312
105.3	-66.5312
105.375	-66.4375
105.45	-66.5
105.525	-66.4688
105.6	-66.5
105.675	-66.5
105.75	-66.4688
105.825	-66.5
105.9	-66.4688
105.975	-66.4063
106.05	-66.4688
106.125	-66.4375
106.2	-66.375
106.275	-66.5938
106.35	-66.4063
106.425	-66.4063
106.5	-66.5312
106.575	-66.4688
106.65	-66.4063
106.725	-66.5
106.8	-66.5
106.875	-66.4688
106.95	-66.4688
107.025	-66.4063
107.1	-66.5
107.175	-66.4688
107.25	-66.375
107.325	-66.5
107.4	-66.375
107.475	-66.5
107.55	-66.3125
107.625	-66.4375
107.7	-66.4688
107.775	-66.4375
107.85	-66.375
107.925	-66.3437
108	-66.5
108.075	-66.4063
108.15	-66.4375
108.225	-66.375
108.3	-66.5
108.375	-66.4375
108.45	-66.375
108.525	-66.375
108.6	-66.4375
108.675	-66.4375
108.75	-66.375
108.825	-66.3437
108.9	-66.5625
108.975	-66.5
109.05	-66.375
109.125	-66.375
109.2	-66.5
109.275	-66.5
109.35	-66.4063
109.425	-66.4063
109.5	-66.4688
109.575	-66.375
109.65	-66.375
109.725	-66.5
109.8	-66.5312
109.875	-66.375
109.95	-66.3437
110.025	-66.5
110.1	-66.5625
110.175	-66.4688
110.25	-66.3437
110.325	-66.4375
110.4	-66.5938
110.475	-66.4063
110.55	-66.3437
110.625	-66.4375
110.7	-66.5
110.775	-66.4688
110.85	-66.3437
110.925	-66.375
111	-66.4688
111.075	-66.4375
111.15	-66.3437
111.225	-66.4375
111.3	-66.5
111.375	-66.4063
111.45	-66.3125
111.525	-66.4375
111.6	-66.5
111.675	-66.375
111.75	-66.4063
111.825	-66.4688
111.9	-66.4375
111.975	-66.3125
112.05	-66.4688
112.125	-66.5
112.2	-66.4375
112.275	-66.4688
112.35	-66.4688
112.425	-66.4375
112.5	-66.375
112.575	-66.4688
112.65	-66.375
112.725	-66.4375
112.8	-66.4688
112.875	-66.4375
112.95	-66.4375
113.025	-66.5625
113.1	-66.4375
113.175	-66.4375
113.25	-66.5
113.325	-66.4375
113.4	-66.375
113.475	-66.5
113.55	-66.3437
113.625	-66.4063
113.7	-66.375
113.775	-66.375
113.85	-66.5
113.925	-66.4375
114	-66.4688
114.075	-66.5625
114.15	-66.5
114.225	-66.5312
114.3	-66.5
114.375	-66.375
114.45	-66.4688
114.525	-66.375
114.6	-66.4063
114.675	-66.5625
114.75	-66.5
114.825	-66.375
114.9	-66.5
114.975	-66.4375
115.05	-66.4688
115.125	-66.4063
115.2	-66.4063
115.275	-66.625
115.35	-66.4375
115.425	-66.4375
115.5	-66.4688
115.575	-66.4688
115.65	-66.5312
115.725	-66.375
115.8	-66.4688
115.875	-66.5312
115.95	-66.4063
116.025	-66.375
116.1	-66.4063
116.175	-66.4063
116.25	-66.5
116.325	-66.3437
116.4	-66.4688
116.475	-66.5
116.55	-66.5
116.625	-66.4688
116.7	-66.375
116.775	-66.6562
116.85	-66.4688
116.925	-66.375
117	-66.5938
117.075	-66.5312
117.15	-66.4688
117.225	-66.4688
117.3	-66.5312
117.375	-66.5625
117.45	-66.4375
117.525	-66.3437
117.6	-66.4375
117.675	-66.5938
117.75	-66.4688
117.825	-66.3437
117.9	-66.4063
117.975	-66.5
118.05	-66.5
118.125	-66.5
118.2	-66.5312
118.275	-66.4375
118.35	-66.4375
118.425	-66.4688
118.5	-66.4688
118.575	-66.4688
118.65	-66.4688
118.725	-66.4375
118.8	-66.5312
118.875	-66.4688
118.95	-66.4375
119.025	-66.5312
119.1	-66.5312
119.175	-66.4375
119.25	-66.5
119.325	-66.4375
119.4	-66.4688
119.475	-66.4688
119.55	-66.5625
119.625	-66.5625
119.7	-66.4375
119.775	-66.5938
119.85	-66.5625
119.925	-66.4375
120	-66.5
120.075	-66.5938
120.15	-66.4375
120.225	-66.4375
120.3	-66.625
120.375	-66.5
120.45	-66.5
120.525	-66.5625
120.6	-66.5938
120.675	-66.4375
120.75	-66.625
120.825	-66.4688
120.9	-66.375
120.975	-66.5625
121.05	-66.5
121.125	-66.4375
121.2	-66.5312
121.275	-66.4688
121.35	-66.4375
121.425	-66.5625
121.5	-66.5625
121.575	-66.375
121.65	-66.5
121.725	-66.5
121.8	-66.5
121.875	-66.5938
121.95	-66.5938
122.025	-66.4688
122.1	-66.5
122.175	-66.5
122.25	-66.4063
122.325	-66.5625
122.4	-66.625
122.475	-66.5312
122.55	-66.5938
122.625	-66.4375
122.7	-66.4688
122.775	-66.5625
122.85	-66.5312
122.925	-66.5312
123	-66.5625
123.075	-66.5
123.15	-66.625
123.225	-66.5938
123.3	-66.4063
123.375	-66.5625
123.45	-66.625
123.525	-66.5625
123.6	-66.5312
123.675	-66.5
123.75	-66.6562
123.825	-66.5312
123.9	-66.4375
123.975	-66.5312
124.05	-66.5312
124.125	-66.625
124.2	-66.5
124.275	-66.5938
124.35	-66.6562
124.425	-66.4688
124.5	-66.5312
124.575	-66.5
124.65	-66.625
124.725	-66.5625
124.8	-66.4375
124.875	-66.625
124.95	-66.5
125.025	-66.5938
125.1	-66.375
125.175	-66.625
125.25	-66.625
125.325	-66.4688
125.4	-66.5
125.475	-66.625
125.55	-66.5938
125.625	-66.5625
125.7	-66.5625
125.775	-66.625
125.85	-66.5938
125.925	-66.5312
126	-66.5
126.075	-66.5625
126.15	-66.625
126.225	-66.5312
126.3	-66.4063
126.375	-66.5
126.45	-66.6562
126.525	-66.625
126.6	-66.5
126.675	-66.5938
126.75	-66.625
126.825	-66.6562
126.9	-66.5625
126.975	-66.5938
127.05	-66.6562
127.125	-66.5625
127.2	-66.5
127.275	-66.5938
127.35	-66.5
127.425	-66.5938
127.5	-66.5938
127.575	-66.5625
127.65	-66.5
127.725	-66.625
127.8	-66.5938
127.875	-66.5625
127.95	-66.6562
128.025	-66.625
128.1	-66.5625
128.175	-66.5938
128.25	-66.6562
128.325	-66.5
128.4	-66.5312
128.475	-66.625
128.55	-66.6875
128.625	-66.5
128.7	-66.5
128.775	-66.7187
128.85	-66.625
128.925	-66.5312
129	-66.625
129.075	-66.625
129.15	-66.5
129.225	-66.6875
129.3	-66.5938
129.375	-66.5
129.45	-66.6875
129.525	-66.5938
129.6	-66.5312
129.675	-66.625
129.75	-66.6562
129.825	-66.5625
129.9	-66.6562
129.975	-66.6875
130.05	-66.625
130.125	-66.7187
130.2	-66.7187
130.275	-66.5625
130.35	-66.6875
130.425	-66.6562
130.5	-66.5625
130.575	-66.7187
130.65	-66.7187
130.725	-66.6562
130.8	-66.7187
130.875	-66.6562
130.95	-66.5
131.025	-66.7187
131.1	-66.6562
131.175	-66.625
131.25	-66.7813
131.325	-66.7187
131.4	-66.5625
131.475	-66.6875
131.55	-66.6875
131.625	-66.75
131.7	-66.7187
131.775	-66.5312
131.85	-66.6875
131.925	-66.6875
132	-66.625
132.075	-66.625
132.15	-66.5938
132.225	-66.7813
132.3	-66.5938
132.375	-66.5938
132.45	-66.625
132.525	-66.6875
132.6	-66.75
132.675	-66.5625
132.75	-66.75
132.825	-66.6875
132.9	-66.7187
132.975	-66.5
133.05	-66.7187
133.125	-66.75
133.2	-66.5625
133.275	-66.6562
133.35	-66.5938
133.425	-66.7187
133.5	-66.5312
133.575	-66.5
133.65	-66.6875
133.725	-66.6562
133.8	-66.4688
133.875	-66.5312
133.95	-66.6562
134.025	-66.5938
134.1	-66.4063
134.175	-66.375
134.25	-66.5
134.325	-66.5938
134.4	-66.5
134.475	-66.4688
134.55	-66.4688
134.625	-66.375
134.7	-66.3437
134.775	-66.4063
134.85	-66.4688
134.925	-66.375
135	-66.25
135.075	-66.25
135.15	-66.4688
135.225	-66.4688
135.3	-66.25
135.375	-66.3437
135.45	-66.4688
135.525	-66.375
135.6	-66.25
135.675	-66.375
135.75	-66.4688
135.825	-66.3125
135.9	-66.1875
135.975	-66.4063
136.05	-66.3437
136.125	-66.1875
136.2	-66.2813
136.275	-66.3125
136.35	-66.25
136.425	-66.3125
136.5	-66.25
136.575	-66.25
136.65	-66.3437
136.725	-66.4063
136.8	-66.2187
136.875	-66.25
136.95	-66.25
137.025	-66.375
137.1	-66.2187
137.175	-66.375
137.25	-66.3437
137.325	-66.25
137.4	-66.2813
137.475	-66.375
137.55	-66.3437
137.625	-66.2187
137.7	-66.2813
137.775	-66.2813
137.85	-66.3125
137.925	-66.2813
138	-66.3437
138.075	-66.3125
138.15	-66.2813
138.225	-66.375
138.3	-66.25
138.375	-66.25
138.45	-66.3437
138.525	-66.25
138.6	-66.2187
138.675	-66.3125
138.75	-66.2187
138.825	-66.2187
138.9	-66.2813
138.975	-66.2187
139.05	-66.2813
139.125	-66.2813
139.2	-66.1875
139.275	-66.25
139.35	-66.3437
139.425	-66.2187
139.5	-66.3125
139.575	-66.25
139.65	-66.1875
139.725	-66.3125
139.8	-66.3125
139.875	-66.3437
139.95	-66.3437
140.025	-66.25
140.1	-66.375
140.175	-66.1875
140.25	-66.25
140.325	-66.25
140.4	-66.3437
140.475	-66.25
140.55	-66.125
140.625	-66.4375
140.7	-66.25
140.775	-66.3437
140.85	-66.1875
140.925	-66.25
141	-66.3125
141.075	-66.1875
141.15	-66.25
141.225	-66.2187
141.3	-66.3437
141.375	-66.2187
141.45	-66.2187
141.525	-66.25
141.6	-66.3125
141.675	-66.2813
141.75	-66.1563
141.825	-66.3125
141.9	-66.375
141.975	-66.1563
142.05	-66.25
142.125	-66.4063
142.2	-66.3437
142.275	-66.1563
142.35	-66.1875
142.425	-66.3437
142.5	-66.25
142.575	-66.2187
142.65	-66.1875
142.725	-66.2813
142.8	-66.3437
142.875	-66.2187
142.95	-66.2813
143.025	-66.4063
143.1	-66.2187
143.175	-66.0938
143.25	-66.1563
143.325	-66.3437
143.4	-66.25
143.475	-66.1563
143.55	-66.125
143.625	-66.3437
143.7	-66.3125
143.775	-66.1875
143.85	-66.1563
143.925	-66.3437
144	-66.2187
144.075	-66.1563
144.15	-66.2187
144.225	-66.4063
144.3	-66.3437
144.375	-66.125
144.45	-66.1875
144.525	-66.4063
144.6	-66.25
144.675	-66.0938
144.75	-66.25
144.825	-66.2813
144.9	-66.2187
144.975	-66.25
145.05	-66.2813
145.125	-66.25
145.2	-66.2187
145.275	-66.3437
145.35	-66.3125
145.425	-66.125
145.5	-66.3437
145.575	-66.2813
145.65	-66.25
145.725	-66.25
145.8	-66.25
145.875	-66.125
145.95	-66.3125
146.025	-66.3125
146.1	-66.2187
146.175	-66.3125
146.25	-66.3125
146.325	-66.25
146.4	-66.3437
146.475	-66.3125
146.55	-66.25
146.625	-66.3437
146.7	-66.25
146.775	-66.25
146.85	-66.4063
146.925	-66.25
147	-66.3437
147.075	-66.3125
147.15	-66.2187
147.225	-66.2813
147.3	-66.3125
147.375	-66.25
147.45	-66.25
147.525	-66.3437
147.6	-66.25
147.675	-66.375
147.75	-66.3125
147.825	-66.1875
147.9	-66.4063
147.975	-66.2813
148.05	-66.3437
148.125	-66.375
148.2	-66.2813
148.275	-66.4063
148.35	-66.2813
148.425	-66.1875
148.5	-66.4063
148.575	-66.3125
148.65	-66.2813
148.725	-66.25
148.8	-66.3437
148.875	-66.4375
148.95	-66.3437
149.025	-66.2187
149.1	-66.4063
149.175	-66.2813
149.25	-66.3125
149.325	-66.2813
149.4	-66.3125
149.475	-66.4375
149.55	-66.25
149.625	-66.2813
149.7	-66.3125
149.775	-66.4375
149.85	-66.25
149.925	-66.25
150	-66.4375
150.075	-66.2813
150.15	-66.25
150.225	-66.1875
150.3	-66.4063
150.375	-66.375
150.45	-66.1875
150.525	-66.25
150.6	-66.4375
150.675	-66.3437
150.75	-66.125
150.825	-66.2187
150.9	-66.4063
150.975	-66.25
151.05	-66.125
151.125	-66.1875
151.2	-66.25
151.275	-66.3125
151.35	-66.25
151.425	-66.2187
151.5	-66.2813
151.575	-66.25
151.65	-66.1875
151.725	-66.3125
151.8	-66.3125
151.875	-66.3125
151.95	-66.2187
152.025	-66.2813
152.1	-66.3437
152.175	-66.25
152.25	-66.3125
152.325	-66.3437
152.4	-66.2813
152.475	-66.2187
152.55	-66.25
152.625	-66.3125
152.7	-66.375
152.775	-66.1875
152.85	-66.25
152.925	-66.3437
153	-66.2187
153.075	-66.25
153.15	-66.25
153.225	-66.2187
153.3	-66.2187
153.375	-66.2813
153.45	-66.25
153.525	-66.2187
153.6	-66.3125
153.675	-66.2813
153.75	-66.1875
153.825	-66.1563
153.9	-66.2813
153.975	-66.1875
154.05	-66.2187
154.125	-66.25
154.2	-66.25
154.275	-66.1875
154.35	-66.1875
154.425	-66.2813
154.5	-66.1563
154.575	-66.25
154.65	-66.3437
154.725	-66.1875
154.8	-66.2187
154.875	-66.2813
154.95	-66.25
155.025	-66.2813
155.1	-66.25
155.175	-66.1875
155.25	-66.25
155.325	-66.25
155.4	-66.2187
155.475	-66.25
155.55	-66.3125
155.625	-66.125
155.7	-66.3437
155.775	-66.1875
155.85	-66.2187
155.925	-66.3125
156	-66.2813
156.075	-66.2813
156.15	-66.3125
156.225	-66.2187
156.3	-66.2813
156.375	-66.3125
156.45	-66.2187
156.525	-66.25
156.6	-66.25
156.675	-66.2813
156.75	-66.3125
156.825	-66.1875
156.9	-66.2187
156.975	-66.3125
157.05	-66.25
157.125	-66.25
157.2	-66.1563
157.275	-66.375
157.35	-66.25
157.425	-66.2813
157.5	-66.25
157.575	-66.3437
157.65	-66.3437
157.725	-66.2187
157.8	-66.2187
157.875	-66.375
157.95	-66.25
158.025	-66.25
158.1	-66.1875
158.175	-66.3437
158.25	-66.2187
158.325	-66.2813
158.4	-66.3125
158.475	-66.25
158.55	-66.375
158.625	-66.1875
158.7	-66.2187
158.775	-66.4375
158.85	-66.3125
158.925	-66.1563
159	-66.2187
159.075	-66.4063
159.15	-66.2813
159.225	-66.1875
159.3	-66.2187
159.375	-66.2813
159.45	-66.3125
159.525	-66.25
159.6	-66.3125
159.675	-66.4063
159.75	-66.25
159.825	-66.2187
159.9	-66.3437
159.975	-66.375
160.05	-66.25
160.125	-66.1875
160.2	-66.4063
160.275	-66.4063
160.35	-66.25
160.425	-66.25
160.5	-66.4375
160.575	-66.4063
160.65	-66.25
160.725	-66.2813
160.8	-66.3437
160.875	-66.2813
160.95	-66.25
161.025	-66.2813
161.1	-66.4063
161.175	-66.3437
161.25	-66.125
161.325	-66.2813
161.4	-66.375
161.475	-66.3125
161.55	-66.25
161.625	-66.3437
161.7	-66.3437
161.775	-66.2813
161.85	-66.3437
161.925	-66.4063
162	-66.3437
162.075	-66.3437
162.15	-66.3125
162.225	-66.2813
162.3	-66.3125
162.375	-66.3437
162.45	-66.375
162.525	-66.25
162.6	-66.375
162.675	-66.4375
162.75	-66.3437
162.825	-66.4063
162.9	-66.4375
162.975	-66.3125
163.05	-66.375
163.125	-66.375
163.2	-66.3125
163.275	-66.3437
163.35	-66.375
163.425	-66.25
163.5	-66.4063
163.575	-66.3437
163.65	-66.375
163.725	-66.4063
163.8	-66.3125
163.875	-66.375
163.95	-66.4063
164.025	-66.3125
164.1	-66.4063
164.175	-66.4375
164.25	-66.3125
164.325	-66.4688
164.4	-66.375
164.475	-66.2813
164.55	-66.4375
164.625	-66.4063
164.7	-66.2813
164.775	-66.3437
164.85	-66.3125
164.925	-66.4688
165	-66.4063
165.075	-66.25
165.15	-66.4688
165.225	-66.375
165.3	-66.25
165.375	-66.4063
165.45	-66.3125
165.525	-66.4375
165.6	-66.3125
165.675	-66.3437
165.75	-66.4063
165.825	-66.3125
165.9	-66.375
165.975	-66.25
166.05	-66.4063
166.125	-66.25
166.2	-66.1875
166.275	-66.25
166.35	-66.2187
166.425	-66.25
166.5	-66.0625
166.575	-66.25
166.65	-66.25
166.725	-66.2813
166.8	-66.125
166.875	-66.2187
166.95	-66.3437
167.025	-66.2187
167.1	-66.125
167.175	-66.3437
167.25	-66.4063
167.325	-66.2187
167.4	-66.0625
167.475	-66.2187
167.55	-66.2813
167.625	-66.25
167.7	-66.1563
167.775	-66.25
167.85	-66.25
167.925	-66.1875
168	-66.125
168.075	-66.2813
168.15	-66.3125
168.225	-66.1563
168.3	-66.1563
168.375	-66.25
168.45	-66.25
168.525	-66.1563
168.6	-66.0938
168.675	-66.2187
168.75	-66.25
168.825	-66.1563
168.9	-66.125
168.975	-66.2813
169.05	-66.2813
169.125	-66.125
169.2	-66.1563
169.275	-66.25
169.35	-66.2187
169.425	-66.0938
169.5	-66.1563
169.575	-66.2187
169.65	-66.2187
169.725	-66.0938
169.8	-66.1875
169.875	-66.2187
169.95	-66.1563
170.025	-66.0625
170.1	-66.2187
170.175	-66.2813
170.25	-66.1563
170.325	-66.125
170.4	-66.25
170.475	-66.125
170.55	-66.0938
170.625	-66.25
170.7	-66.2187
170.775	-66.0938
170.85	-66.25
170.925	-66.1563
171	-66.1563
171.075	-66.25
171.15	-66.1875
171.225	-66.1563
171.3	-66.25
171.375	-66.25
171.45	-66.1563
171.525	-66.25
171.6	-66.125
171.675	-66.1563
171.75	-66.2813
171.825	-66.2187
171.9	-66.2187
171.975	-66.2813
172.05	-66.2187
172.125	-66.125
172.2	-66.25
172.275	-66.1563
172.35	-66.125
172.425	-66.25
172.5	-66.2187
172.575	-66.1875
172.65	-66.2187
172.725	-66.1563
172.8	-66.25
172.875	-66.1563
172.95	-66.125
173.025	-66.3125
173.1	-66.1875
173.175	-66.125
173.25	-66.1875
173.325	-66.125
173.4	-66.1875
173.475	-66.125
173.55	-66.1875
173.625	-66.1563
173.7	-66.1875
173.775	-66.1563
173.85	-66.125
173.925	-66.25
174	-66.1563
174.075	-66.2187
174.15	-66.1563
174.225	-66.2813
174.3	-66.25
174.375	-66.125
174.45	-66.25
174.525	-66.3125
174.6	-66.25
174.675	-66.125
174.75	-66.125
174.825	-66.3125
174.9	-66.125
174.975	-66.1875
175.05	-66.1563
175.125	-66.3437
175.2	-66.25
175.275	-66.0625
175.35	-66.3125
175.425	-66.25
175.5	-66.1875
175.575	-66.1875
175.65	-66.375
175.725	-66.3125
175.8	-66.125
175.875	-66.1563
175.95	-66.2813
176.025	-66.4063
176.1	-66.25
176.175	-66.1563
176.25	-66.2187
176.325	-66.3125
176.4	-66.2187
176.475	-66.2187
176.55	-66.25
176.625	-66.2187
176.7	-66.1563
176.775	-66.2187
176.85	-66.375
176.925	-66.375
177	-66.1875
177.075	-66.2187
177.15	-66.3437
177.225	-66.3125
177.3	-66.125
177.375	-66.2187
177.45	-66.4063
177.525	-66.3125
177.6	-66.1875
177.675	-66.25
177.75	-66.375
177.825	-66.3125
177.9	-66.25
177.975	-66.3437
178.05	-66.375
178.125	-66.25
178.2	-66.3437
178.275	-66.3125
178.35	-66.25
178.425	-66.375
178.5	-66.2813
178.575	-66.25
178.65	-66.25
178.725	-66.3437
178.8	-66.2813
178.875	-66.3125
178.95	-66.4063
179.025	-66.3437
179.1	-66.25
179.175	-66.3437
179.25	-66.375
179.325	-66.2813
179.4	-66.2813
179.475	-66.375
179.55	-66.25
179.625	-66.25
179.7	-66.4063
179.775	-66.3437
179.85	-66.375
179.925	-66.4063
180	-66.4063
180.075	-66.25
180.15	-66.375
180.225	-66.375
180.3	-66.3125
180.375	-66.4063
180.45	-66.3125
180.525	-66.3437
180.6	-66.4063
180.675	-66.3125
180.75	-66.25
180.825	-66.375
180.9	-66.3125
180.975	-66.4375
181.05	-66.2813
181.125	-66.25
181.2	-66.4375
181.275	-66.3437
181.35	-66.3437
181.425	-66.375
181.5	-66.2813
181.575	-66.375
181.65	-66.25
181.725	-66.375
181.8	-66.375
181.875	-66.25
181.95	-66.375
182.025	-66.25
182.1	-66.4375
182.175	-66.3125
182.25	-66.25
182.325	-66.375
182.4	-66.375
182.475	-66.4375
182.55	-66.1563
182.625	-66.3437
182.7	-66.3125
182.775	-66.2813
182.85	-66.3125
182.925	-66.2813
183	-66.4688
183.075	-66.3437
183.15	-66.25
183.225	-66.4063
183.3	-66.3437
183.375	-66.4063
183.45	-66.3125
183.525	-66.375
183.6	-66.5
183.675	-66.375
183.75	-66.2187
183.825	-66.4375
183.9	-66.4688
183.975	-66.375
184.05	-66.25
184.125	-66.4375
184.2	-66.4688
184.275	-66.375
184.35	-66.2813
184.425	-66.4063
184.5	-66.4063
184.575	-66.375
184.65	-66.4063
184.725	-66.4375
184.8	-66.4375
184.875	-66.25
184.95	-66.3125
185.025	-66.4688
185.1	-66.4375
185.175	-66.2813
185.25	-66.3437
185.325	-66.4375
185.4	-66.375
185.475	-66.2813
185.55	-66.375
185.625	-66.5
185.7	-66.4375
185.775	-66.375
185.85	-66.4375
185.925	-66.375
186	-66.3437
186.075	-66.375
186.15	-66.4375
186.225	-66.4375
186.3	-66.4375
186.375	-66.375
186.45	-66.4063
186.525	-66.375
186.6	-66.4688
186.675	-66.375
186.75	-66.3125
186.825	-66.4688
186.9	-66.4375
186.975	-66.4063
187.05	-66.375
187.125	-66.4688
187.2	-66.4063
187.275	-66.3125
187.35	-66.375
187.425	-66.4688
187.5	-66.4063
187.575	-66.4063
187.65	-66.4688
187.725	-66.4375
187.8	-66.375
187.875	-66.5
187.95	-66.4375
188.025	-66.4688
188.1	-66.4375
188.175	-66.4375
188.25	-66.375
188.325	-66.4688
188.4	-66.5
188.475	-66.4375
188.55	-66.5
188.625	-66.375
188.7	-66.4063
188.775	-66.4375
188.85	-66.4063
188.925	-66.375
189	-66.5
189.075	-66.3437
189.15	-66.4375
189.225	-66.4688
189.3	-66.4063
189.375	-66.5
189.45	-66.4688
189.525	-66.3437
189.6	-66.4688
189.675	-66.4688
189.75	-66.4063
189.825	-66.5
189.9	-66.4375
189.975	-66.4375
190.05	-66.5
190.125	-66.375
190.2	-66.5
190.275	-66.5312
190.35	-66.4688
190.425	-66.4375
190.5	-66.4375
190.575	-66.5938
190.65	-66.4375
190.725	-66.4063
190.8	-66.5312
190.875	-66.4688
190.95	-66.4688
191.025	-66.375
191.1	-66.5312
191.175	-66.5312
191.25	-66.3125
191.325	-66.4688
191.4	-66.4375
191.475	-66.5
191.55	-66.4375
191.625	-66.375
191.7	-66.5
191.775	-66.4688
191.85	-66.5
191.925	-66.375
192	-66.4375
192.075	-66.5938
192.15	-66.375
192.225	-66.4063
192.3	-66.5625
192.375	-66.6875
192.45	-66.4375
192.525	-66.4063
192.6	-66.5
192.675	-66.625
192.75	-66.5
192.825	-66.5
192.9	-66.5312
192.975	-66.5312
193.05	-66.5
193.125	-66.5312
193.2	-66.5625
193.275	-66.4688
193.35	-66.4375
193.425	-66.5
193.5	-66.625
193.575	-66.5
193.65	-66.375
193.725	-66.5312
193.8	-66.625
193.875	-66.5312
193.95	-66.4688
194.025	-66.5625
194.1	-66.625
194.175	-66.5625
194.25	-66.5
194.325	-66.5
194.4	-66.625
194.475	-66.5312
194.55	-66.5
194.625	-66.5
194.7	-66.5938
194.775	-66.5625
194.85	-66.5
194.925	-66.5
195	-66.5
195.075	-66.625
195.15	-66.5312
195.225	-66.5
195.3	-66.5
195.375	-66.5625
195.45	-66.5
195.525	-66.5625
195.6	-66.6562
195.675	-66.4688
195.75	-66.4688
195.825	-66.6562
195.9	-66.5938
195.975	-66.5
196.05	-66.625
196.125	-66.5938
196.2	-66.4688
196.275	-66.5312
196.35	-66.5938
196.425	-66.5312
196.5	-66.4375
196.575	-66.5625
196.65	-66.6562
196.725	-66.4688
196.8	-66.625
196.875	-66.5938
196.95	-66.5938
197.025	-66.5312
197.1	-66.5938
197.175	-66.5
197.25	-66.5938
197.325	-66.5938
197.4	-66.5
197.475	-66.5625
197.55	-66.625
197.625	-66.4688
197.7	-66.5625
197.775	-66.6562
197.85	-66.5938
197.925	-66.6562
198	-66.5
198.075	-66.6562
198.15	-66.625
198.225	-66.5
198.3	-66.5938
198.375	-66.6562
198.45	-66.7187
198.525	-66.6562
198.6	-66.4688
198.675	-66.625
198.75	-66.6875
198.825	-66.5625
198.9	-66.5
198.975	-66.5312
199.05	-66.6875
199.125	-66.5
199.2	-66.5
199.275	-66.6562
199.35	-66.6875
199.425	-66.6875
199.5	-66.5
199.575	-66.7187
199.65	-66.5938
199.725	-66.5938
199.8	-66.4688
199.875	-66.6562
199.95	-66.625
200.025	-66.5625
200.1	-66.625
200.175	-66.6562
200.25	-66.6875
200.325	-66.5312
200.4	-66.5
200.475	-66.6562
200.55	-66.6562
200.625	-66.5938
200.7	-66.5312
200.775	-66.5938
200.85	-66.6562
200.925	-66.5
201	-66.5938
201.075	-66.75
201.15	-66.5625
201.225	-66.5
201.3	-66.5625
201.375	-66.7187
201.45	-66.7187
201.525	-66.5
201.6	-66.5
201.675	-66.75
201.75	-66.7813
201.825	-66.5938
201.9	-66.5625
201.975	-66.75
202.05	-66.6875
202.125	-66.5
202.2	-66.5625
202.275	-66.75
202.35	-66.5938
202.425	-66.4688
202.5	-66.6875
202.575	-66.7187
202.65	-66.625
202.725	-66.5312
202.8	-66.7187
202.875	-66.7187
202.95	-66.6562
203.025	-66.5938
203.1	-66.7813
203.175	-66.7187
203.25	-66.6562
203.325	-66.6562
203.4	-66.75
203.475	-66.8125
203.55	-66.5938
203.625	-66.6875
203.7	-66.8437
203.775	-66.7187
203.85	-66.5625
203.925	-66.625
204	-66.7187
204.075	-66.6562
204.15	-66.625
204.225	-66.6562
204.3	-66.625
204.375	-66.6562
204.45	-66.75
204.525	-66.625
204.6	-66.6562
204.675	-66.7187
204.75	-66.5938
204.825	-66.6875
204.9	-66.75
204.975	-66.6562
205.05	-66.7187
205.125	-66.7813
205.2	-66.625
205.275	-66.6562
205.35	-66.6562
205.425	-66.6562
205.5	-66.6562
205.575	-66.6562
205.65	-66.6562
205.725	-66.6562
205.8	-66.6875
205.875	-66.5625
205.95	-66.6562
206.025	-66.7813
206.1	-66.5938
206.175	-66.7187
206.25	-66.75
206.325	-66.6562
206.4	-66.7813
206.475	-66.7813
206.55	-66.7813
206.625	-66.8125
206.7	-66.7187
206.775	-66.6875
206.85	-66.8125
206.925	-66.7187
207	-66.6875
207.075	-66.5938
207.15	-66.7813
207.225	-66.7813
207.3	-66.5625
207.375	-66.6562
207.45	-66.75
207.525	-66.8437
207.6	-66.5938
207.675	-66.7813
207.75	-66.8125
207.825	-66.6875
207.9	-66.7813
207.975	-66.5938
208.05	-66.7813
208.125	-66.6875
208.2	-66.625
208.275	-66.7187
208.35	-66.7813
208.425	-66.8437
208.5	-66.5625
208.575	-66.8125
208.65	-66.8437
208.725	-66.625
208.8	-66.625
208.875	-66.6875
208.95	-66.7813
209.025	-66.6562
209.1	-66.7187
209.175	-66.75
209.25	-66.875
209.325	-66.7187
209.4	-66.5
209.475	-66.625
209.55	-66.9063
209.625	-66.7813
209.7	-66.625
209.775	-66.6562
209.85	-66.7813
209.925	-66.875
210	-66.7187
210.075	-66.7813
210.15	-66.7187
210.225	-66.7187
210.3	-66.75
210.375	-66.75
210.45	-66.7813
210.525	-66.75
210.6	-66.7813
210.675	-66.7813
210.75	-66.7813
210.825	-66.7813
210.9	-66.8125
210.975	-66.875
211.05	-66.8125
211.125	-66.7813
211.2	-66.7813
211.275	-66.7813
211.35	-66.75
211.425	-66.75
211.5	-66.7187
211.575	-66.6562
211.65	-66.7813
211.725	-66.7813
211.8	-66.6875
211.875	-66.6562
211.95	-66.8125
212.025	-66.7187
212.1	-66.5938
212.175	-66.7813
212.25	-66.7813
212.325	-66.7187
212.4	-66.7187
212.475	-66.8437
212.55	-66.7813
212.625	-66.6875
212.7	-66.7187
212.775	-66.7813
212.85	-66.75
212.925	-66.7813
213	-66.7813
213.075	-66.7187
213.15	-66.7813
213.225	-66.8437
213.3	-66.7813
213.375	-66.6562
213.45	-66.8125
213.525	-66.7813
213.6	-66.7187
213.675	-66.7813
213.75	-66.75
213.825	-66.7187
213.9	-66.8437
213.975	-66.7187
214.05	-66.75
214.125	-66.8437
214.2	-66.7813
214.275	-66.8125
214.35	-66.8437
214.425	-66.75
214.5	-66.9063
214.575	-66.7813
214.65	-66.7813
214.725	-66.9375
214.8	-66.75
214.875	-66.7813
214.95	-66.75
215.025	-66.7813
215.1	-67
215.175	-67.0625
215.25	-67.2813
215.325	-67.3125
215.4	-67.375
215.475	-67.3437
215.55	-67.2188
215.625	-67.5313
215.7	-67.375
215.775	-67.4687
215.85	-67.4375
215.925	-67.5313
216	-67.625
216.075	-67.375
216.15	-67.5938
216.225	-67.5625
216.3	-67.625
216.375	-67.5313
216.45	-67.5625
216.525	-67.6875
216.6	-67.5313
216.675	-67.5938
216.75	-67.5625
216.825	-67.8125
216.9	-67.6562
216.975	-67.5938
217.05	-67.6875
217.125	-67.8125
217.2	-67.7188
217.275	-67.6875
217.35	-67.8125
217.425	-67.875
217.5	-67.7812
217.575	-67.6875
217.65	-67.875
217.725	-67.9687
217.8	-67.8125
217.875	-67.6875
217.95	-67.8125
218.025	-67.9375
218.1	-67.875
218.175	-67.8438
218.25	-67.9063
218.325	-67.9687
218.4	-67.9375
218.475	-67.9063
218.55	-68
218.625	-67.9375
218.7	-67.9687
218.775	-67.9375
218.85	-67.9687
218.925	-68
219	-68.0313
219.075	-68.0625
219.15	-68
219.225	-68
219.3	-68
219.375	-68
219.45	-68.0313
219.525	-68.0937
219.6	-68.0937
219.675	-68.0937
219.75	-68
219.825	-68.125
219.9	-68.2188
219.975	-68.1875
220.05	-68.1875
220.125	-68.2188
220.2	-68.1562
220.275	-68
220.35	-68.1875
220.425	-68.25
220.5	-68.1562
220.575	-68.1875
220.65	-68.25
220.725	-68.2812
220.8	-68.1562
220.875	-68.25
220.95	-68.2812
221.025	-68.2812
221.1	-68.25
221.175	-68.3125
221.25	-68.25
221.325	-68.3125
221.4	-68.375
221.475	-68.2188
221.55	-68.375
221.625	-68.375
221.7	-68.3125
221.775	-68.4375
221.85	-68.4062
221.925	-68.4062
222	-68.375
222.075	-68.3438
222.15	-68.375
222.225	-68.4687
222.3	-68.4062
222.375	-68.4687
222.45	-68.4375
222.525	-68.4062
222.6	-68.4375
222.675	-68.5
222.75	-68.375
222.825	-68.4687
222.9	-68.5313
222.975	-68.4062
223.05	-68.5625
223.125	-68.5313
223.2	-68.5937
223.275	-68.625
223.35	-68.4375
223.425	-68.5
223.5	-68.5937
223.575	-68.5
223.65	-68.5625
223.725	-68.5
223.8	-68.6875
223.875	-68.5937
223.95	-68.5
224.025	-68.625
224.1	-68.625
224.175	-68.6875
224.25	-68.4687
224.325	-68.625
224.4	-68.5937
224.475	-68.6563
224.55	-68.5937
224.625	-68.5313
224.7	-68.7812
224.775	-68.625
224.85	-68.6875
224.925	-68.7187
225	-68.75
225.075	-68.75
225.15	-68.5
225.225	-68.6875
225.3	-68.8125
225.375	-68.6563
225.45	-68.7187
225.525	-68.8125
225.6	-68.75
225.675	-68.6563
225.75	-68.6875
225.825	-68.8438
225.9	-68.8438
225.975	-68.7187
226.05	-68.6563
226.125	-68.7812
226.2	-68.9062
226.275	-68.8125
226.35	-68.75
226.425	-68.7812
226.5	-68.9062
226.575	-68.8125
226.65	-68.8125
226.725	-68.9688
226.8	-68.9375
226.875	-68.7812
226.95	-68.8438
227.025	-68.9688
227.1	-68.9062
227.175	-68.7812
227.25	-68.875
227.325	-69.0313
227.4	-68.9688
227.475	-68.8438
227.55	-68.875
227.625	-69
227.7	-68.875
227.775	-68.8125
227.85	-68.9688
227.925	-69
228	-68.875
228.075	-68.9688
228.15	-68.9688
228.225	-68.9375
228.3	-68.9688
228.375	-69
228.45	-68.9688
228.525	-68.9688
228.6	-69.0625
228.675	-69
228.75	-68.9688
228.825	-69.0937
228.9	-69.1563
228.975	-69
229.05	-68.9688
229.125	-69.1563
229.2	-69.0313
229.275	-68.9688
229.35	-69.0625
229.425	-69.1563
229.5	-69.0625
229.575	-69.0937
229.65	-69.0937
229.725	-69.0625
229.8	-69.0313
229.875	-69.125
229.95	-69.0625
230.025	-69
230.1	-69.1563
230.175	-69.0625
230.25	-69.125
230.325	-69.1563
230.4	-69.0625
230.475	-69.1875
230.55	-69.125
230.625	-69.0937
230.7	-69.25
230.775	-69.1563
230.85	-69.1875
230.925	-69.1563
231	-69.125
231.075	-69.2187
231.15	-69.1875
231.225	-69.125
231.3	-69.25
231.375	-69.1875
231.45	-69.25
231.525	-69.2187
231.6	-69.1875
231.675	-69.3438
231.75	-69.25
231.825	-69.25
231.9	-69.2813
231.975	-69.2813
232.05	-69.2813
232.125	-69.125
232.2	-69.2813
232.275	-69.3438
232.35	-69.1875
232.425	-69.3438
232.5	-69.2813
232.575	-69.3438
232.65	-69.3125
232.725	-69.125
232.8	-69.3438
232.875	-69.4062
232.95	-69.2813
233.025	-69.2813
233.1	-69.2187
233.175	-69.4688
233.25	-69.2813
233.325	-69.2813
233.4	-69.3438
233.475	-69.3125
233.55	-69.375
233.625	-69.3125
233.7	-69.3125
233.775	-69.4375
233.85	-69.3125
233.925	-69.2813
234	-69.3438
234.075	-69.5937
234.15	-69.4375
234.225	-69.375
234.3	-69.3125
234.375	-69.4062
234.45	-69.375
234.525	-69.3438
234.6	-69.4062
234.675	-69.4062
234.75	-69.3125
234.825	-69.4062
234.9	-69.5312
234.975	-69.5312
235.05	-69.3438
235.125	-69.375
235.2	-69.5312
235.275	-69.5312
235.35	-69.375
235.425	-69.3125
235.5	-69.4688
235.575	-69.5
235.65	-69.375
235.725	-69.4375
235.8	-69.5
235.875	-69.5312
235.95	-69.375
236.025	-69.5312
236.1	-69.5312
236.175	-69.4062
236.25	-69.4062
236.325	-69.4375
236.4	-69.5
236.475	-69.4375
236.55	-69.5312
236.625	-69.5625
236.7	-69.5
236.775	-69.5625
236.85	-69.5625
236.925	-69.4688
237	-69.5312
237.075	-69.6563
237.15	-69.5312
237.225	-69.5312
237.3	-69.5312
237.375	-69.5625
237.45	-69.4688
237.525	-69.5
237.6	-69.6563
237.675	-69.5625
237.75	-69.5312
237.825	-69.6563
237.9	-69.5937
237.975	-69.4375
238.05	-69.5625
238.125	-69.5312
238.2	-69.5312
238.275	-69.5937
238.35	-69.5937
238.425	-69.5312
238.5	-69.5312
238.575	-69.6563
238.65	-69.5312
238.725	-69.5312
238.8	-69.5625
238.875	-69.5937
238.95	-69.5312
239.025	-69.6563
239.1	-69.5625
239.175	-69.5
239.25	-69.6563
239.325	-69.5625
239.4	-69.5937
239.475	-69.625
239.55	-69.5312
239.625	-69.5625
239.7	-69.5312
239.775	-69.625
239.85	-69.6875
239.925	-69.5312
240	-69.625
240.075	-69.5937
240.15	-69.5625
240.225	-69.5937
240.3	-69.4375
240.375	-69.7187
240.45	-69.6563
240.525	-69.625
240.6	-69.5937
240.675	-69.5312
240.75	-69.75
240.825	-69.5312
240.9	-69.5625
240.975	-69.6563
241.05	-69.625
241.125	-69.625
241.2	-69.4688
241.275	-69.7187
241.35	-69.625
241.425	-69.6563
241.5	-69.5937
241.575	-69.7187
241.65	-69.7187
241.725	-69.5
241.8	-69.5937
241.875	-69.6563
241.95	-69.625
242.025	-69.625
242.1	-69.5625
242.175	-69.625
242.25	-69.6563
242.325	-69.6875
242.4	-69.6563
242.475	-69.6563
242.55	-69.6563
242.625	-69.5937
242.7	-69.5937
242.775	-69.75
242.85	-69.7813
242.925	-69.5937
243	-69.5625
243.075	-69.7187
243.15	-69.875
243.225	-69.6563
243.3	-69.5937
243.375	-69.6563
243.45	-69.7813
243.525	-69.75
243.6	-69.6563
243.675	-69.6875
243.75	-69.6875
243.825	-69.75
243.9	-69.6563
243.975	-69.75
244.05	-69.8125
244.125	-69.75
244.2	-69.6875
244.275	-69.7187
244.35	-69.8125
244.425	-69.625
244.5	-69.6563
244.575	-69.9062
244.65	-69.75
244.725	-69.5937
244.8	-69.8437
244.875	-69.8437
244.95	-69.75
245.025	-69.6875
245.1	-69.9062
245.175	-69.8125
245.25	-69.6875
245.325	-69.8125
245.4	-69.8437
245.475	-69.75
245.55	-69.7813
245.625	-69.75
245.7	-69.7813
245.775	-69.7813
245.85	-69.875
245.925	-69.75
246	-69.75
246.075	-69.8437
246.15	-69.8125
246.225	-69.75
246.3	-69.8125
246.375	-69.8125
246.45	-69.75
246.525	-69.8437
246.6	-69.7813
246.675	-69.7187
246.75	-69.8437
246.825	-69.7813
246.9	-69.6563
246.975	-69.7813
247.05	-69.7813
247.125	-69.6875
247.2	-69.7187
247.275	-69.7813
247.35	-69.6875
247.425	-69.8125
247.5	-69.7813
247.575	-69.7187
247.65	-69.7813
247.725	-69.8125
247.8	-69.7187
247.875	-69.7813
247.95	-69.7813
248.025	-69.75
248.1	-69.75
248.175	-69.6563
248.25	-69.75
248.325	-69.8437
248.4	-69.7187
248.475	-69.7813
248.55	-69.7813
248.625	-69.7813
248.7	-69.8437
248.775	-69.6875
248.85	-69.7813
248.925	-69.875
249	-69.6563
249.075	-69.75
249.15	-69.7813
249.225	-69.875
249.3	-69.75
249.375	-69.625
249.45	-69.8437
249.525	-69.8125
249.6	-69.75
249.675	-69.6563
249.75	-69.9062
249.825	-69.7813
249.9	-69.7813
249.975	-69.7813
250.05	-69.8437
250.125	-69.8437
250.2	-69.625
250.275	-69.7813
250.35	-69.875
250.425	-69.875
250.5	-69.6875
250.575	-69.7813
250.65	-69.9062
250.725	-69.7813
250.8	-69.7187
250.875	-69.7187
250.95	-69.875
251.025	-69.875
251.1	-69.8125
251.175	-69.6875
251.25	-69.7813
251.325	-69.8125
251.4	-69.7813
251.475	-69.8125
251.55	-69.8437
251.625	-69.9062
251.7	-69.75
251.775	-69.8437
251.85	-69.8437
251.925	-69.8125
252	-69.8437
252.075	-69.8125
252.15	-69.9062
252.225	-69.7813
252.3	-69.7813
252.375	-69.9062
252.45	-69.875
252.525	-69.75
252.6	-69.8125
252.675	-69.8125
252.75	-69.8437
252.825	-69.8125
252.9	-69.8125
252.975	-69.8125
253.05	-69.8437
253.125	-69.9062
253.2	-69.7813
253.275	-69.7187
253.35	-69.9375
253.425	-69.875
253.5	-69.8125
253.575	-69.75
253.65	-69.9375
253.725	-69.7813
253.8	-69.6875
253.875	-69.9062
253.95	-69.875
254.025	-69.7813
254.1	-69.875
254.175	-69.9062
254.25	-69.8125
254.325	-69.8125
254.4	-69.9062
254.475	-69.8125
254.55	-69.875
254.625	-69.9375
254.7	-69.8437
254.775	-69.8437
254.85	-69.875
254.925	-69.8125
255	-69.8125
255.075	-69.9062
255.15	-69.8125
255.225	-69.8125
255.3	-69.9688
255.375	-69.875
255.45	-69.9062
255.525	-69.9688
255.6	-69.8437
255.675	-69.875
255.75	-69.875
255.825	-69.875
255.9	-69.9062
255.975	-69.875
256.05	-69.8125
256.125	-69.9375
256.2	-69.875
256.275	-69.875
256.35	-69.875
256.425	-69.8437
256.5	-70
256.575	-69.9062
256.65	-69.8125
256.725	-69.9688
256.8	-69.8125
256.875	-69.9062
256.95	-69.9062
257.025	-69.9375
257.1	-70.0312
257.175	-69.8437
257.25	-69.9062
257.325	-70
257.4	-69.9062
257.475	-69.9062
257.55	-69.9375
257.625	-69.9375
257.7	-70.0625
257.775	-69.8125
257.85	-69.9062
257.925	-69.9375
258	-69.9375
258.075	-69.9062
258.15	-69.8437
258.225	-70.0312
258.3	-69.9688
258.375	-69.9688
258.45	-69.9062
258.525	-70
258.6	-70.0312
258.675	-69.9062
258.75	-69.7813
258.825	-70.0312
258.9	-70.0625
258.975	-69.9375
259.05	-69.9062
259.125	-70.0312
259.2	-69.9688
259.275	-69.9688
259.35	-69.9688
259.425	-70.0312
259.5	-69.9688
259.575	-69.8125
259.65	-69.9688
259.725	-70.0938
259.8	-70.0312
259.875	-69.875
259.95	-69.9062
260.025	-70.0625
260.1	-70.0312
260.175	-69.9375
260.25	-69.9062
260.325	-70.0625
260.4	-70.0312
260.475	-69.9688
260.55	-69.9375
260.625	-70.0938
260.7	-70
260.775	-69.875
260.85	-69.9688
260.925	-70.0938
261	-70
261.075	-69.875
261.15	-70
261.225	-70.0625
261.3	-69.9375
261.375	-69.9375
261.45	-70.0625
261.525	-69.9688
261.6	-70.0625
261.675	-70.0625
261.75	-70.0312
261.825	-69.9375
261.9	-69.9375
261.975	-69.9375
262.05	-69.9062
262.125	-70.0312
262.2	-70.0625
262.275	-70.0312
262.35	-70
262.425	-70.0938
262.5	-69.9375
262.575	-70
262.65	-70.0625
262.725	-70
262.8	-69.9688
262.875	-70.1562
262.95	-70.0625
263.025	-69.9688
263.1	-70
263.175	-70.0312
263.25	-69.9375
263.325	-70
263.4	-70
263.475	-69.9375
263.55	-70.0625
263.625	-70.0938
263.7	-69.9375
263.775	-70.0938
263.85	-70.0625
263.925	-70.0312
264	-70.125
264.075	-70.0625
264.15	-70.0938
264.225	-70.0625
264.3	-70.0625
264.375	-70.125
264.45	-70.0312
264.525	-69.9688
264.6	-70.0938
264.675	-70.0625
264.75	-70
264.825	-70.0938
264.9	-70
264.975	-70.0938
265.05	-70.0312
265.125	-69.9375
265.2	-70.0938
265.275	-70.0625
265.35	-69.9375
265.425	-70.0312
265.5	-70.0312
265.575	-70.0938
265.65	-70.0312
265.725	-70.0312
265.8	-70.2187
265.875	-70.0312
265.95	-70
266.025	-70.0312
266.1	-70
266.175	-70.0938
266.25	-69.875
266.325	-70
266.4	-70
266.475	-70
266.55	-69.9688
266.625	-69.9688
266.7	-70.125
266.775	-69.9688
266.85	-69.9688
266.925	-70.0312
267	-70.0312
267.075	-70.0938
267.15	-70
267.225	-70
267.3	-70
267.375	-70.0312
267.45	-69.9688
267.525	-70.0312
267.6	-70
267.675	-69.9688
267.75	-69.9375
267.825	-70.0312
267.9	-70.0938
267.975	-70.0312
268.05	-69.8437
268.125	-69.9062
268.2	-70.0312
268.275	-70.0625
268.35	-69.9375
268.425	-69.9688
268.5	-70
268.575	-70.0312
268.65	-70
268.725	-69.9375
268.8	-70
268.875	-70.0312
268.95	-69.9688
269.025	-69.9375
269.1	-70
269.175	-70.0312
269.25	-69.9062
269.325	-70.0312
269.4	-70.0625
269.475	-69.9375
269.55	-69.875
269.625	-70
269.7	-70.0312
269.775	-69.9062
269.85	-69.9688
269.925	-70.0625
270	-70.0625
270.075	-69.9688
270.15	-70
270.225	-70.0625
270.3	-69.9375
270.375	-69.9375
270.45	-70.0312
270.525	-70.0312
270.6	-69.9375
270.675	-70.0625
270.75	-69.9375
270.825	-70
270.9	-70.125
270.975	-69.9688
271.05	-69.875
271.125	-70.0312
271.2	-69.9375
271.275	-69.9062
271.35	-70.0625
271.425	-70.0312
271.5	-69.875
271.575	-70.0312
271.65	-70
271.725	-69.9688
271.8	-70
271.875	-70.0938
271.95	-69.9688
272.025	-69.9688
272.1	-70.0625
272.175	-69.9688
272.25	-70.0312
272.325	-70
272.4	-69.9062
272.475	-70.0312
272.55	-70.0312
272.625	-69.9062
272.7	-70
272.775	-70.0312
272.85	-69.9688
272.925	-69.9688
273	-70
273.075	-69.9688
273.15	-70.0625
273.225	-70
273.3	-69.9062
273.375	-70.0938
273.45	-69.875
273.525	-70
273.6	-70
273.675	-70.0938
273.75	-70.0625
273.825	-69.9062
273.9	-70.0938
273.975	-70.0312
274.05	-70
274.125	-69.9062
274.2	-69.9062
274.275	-70.0938
274.35	-70
274.425	-69.9375
274.5	-69.9062
274.575	-70
274.65	-70.0312
274.725	-69.875
274.8	-70
274.875	-70
274.95	-70.0625
275.025	-69.9062
275.1	-70.0312
275.175	-70.0312
275.25	-69.9062
275.325	-69.9375
275.4	-70.0625
275.475	-70.0312
275.55	-69.9688
275.625	-69.9688
275.7	-70
275.775	-70
275.85	-69.9062
275.925	-69.8437
276	-70
276.075	-70.125
276.15	-70.0312
276.225	-69.9375
276.3	-69.9688
276.375	-70.0938
276.45	-70.0938
276.525	-70
276.6	-70.0312
276.675	-70.0625
276.75	-70
276.825	-70.0312
276.9	-70
276.975	-70
277.05	-70
277.125	-70.0312
277.2	-70.0938
277.275	-69.9688
277.35	-69.9375
277.425	-70
277.5	-70
277.575	-70.0625
277.65	-70.0312
277.725	-69.875
277.8	-69.9375
277.875	-70.0312
277.95	-70
278.025	-69.8437
278.1	-70
278.175	-70.0625
278.25	-69.9688
278.325	-69.9062
278.4	-70.0625
278.475	-70.0312
278.55	-69.9062
278.625	-69.9688
278.7	-70.0625
278.775	-70.0312
278.85	-69.9375
278.925	-70
279	-70.0312
279.075	-69.9375
279.15	-69.9688
279.225	-70.0625
279.3	-70.0312
279.375	-69.9688
279.45	-70.0625
279.525	-70.0625
279.6	-69.9688
279.675	-70.0625
279.75	-70
279.825	-69.9062
279.9	-70
279.975	-70.0312
280.05	-69.9062
280.125	-70.0312
280.2	-69.9688
280.275	-69.9375
280.35	-70.0625
280.425	-70.0312
280.5	-69.9375
280.575	-70.0625
280.65	-69.9688
280.725	-69.9375
280.8	-70.0312
280.875	-69.9375
280.95	-70.0625
281.025	-70.0312
281.1	-69.9375
281.175	-70.0312
281.25	-70
281.325	-70.0312
281.4	-69.9688
281.475	-69.9062
281.55	-70.0625
281.625	-69.9688
281.7	-69.9062
281.775	-70.0625
281.85	-70.0312
281.925	-69.9688
282	-69.9688
282.075	-69.9375
282.15	-70
282.225	-69.9688
282.3	-69.9375
282.375	-70.0312
282.45	-70.0312
282.525	-70.0312
282.6	-69.9375
282.675	-69.9688
282.75	-70.0938
282.825	-69.9375
282.9	-69.9688
282.975	-69.9688
283.05	-70.0625
283.125	-70.0938
283.2	-69.875
283.275	-70.0312
283.35	-70
283.425	-70.0312
283.5	-69.9062
283.575	-69.9375
283.65	-70.125
283.725	-70.0312
283.8	-69.9062
283.875	-70.125
283.95	-70.1562
284.025	-70.0312
284.1	-69.875
284.175	-70.0312
284.25	-70.0938
284.325	-69.9375
284.4	-69.9062
284.475	-70
284.55	-69.9688
284.625	-69.9688
284.7	-69.875
284.775	-70
284.85	-69.9688
284.925	-69.875
285	-69.9062
285.075	-69.9688
285.15	-69.9375
285.225	-69.75
285.3	-69.875
285.375	-69.9688
285.45	-69.9062
285.525	-69.8125
285.6	-69.8437
285.675	-69.9688
285.75	-69.875
285.825	-69.8437
285.9	-69.8437
285.975	-69.9062
286.05	-69.8437
286.125	-69.75
286.2	-69.9688
286.275	-69.9062
286.35	-69.7813
286.425	-69.8437
286.5	-69.8437
286.575	-69.875
286.65	-69.9062
286.725	-69.875
286.8	-69.9688
286.875	-69.9062
286.95	-69.7813
287.025	-69.875
287.1	-69.875
287.175	-69.8437
287.25	-69.875
287.325	-69.8125
287.4	-69.75
287.475	-69.8125
287.55	-69.8125
287.625	-69.7813
287.7	-69.875
287.775	-69.8437
287.85	-69.7813
287.925	-69.8437
288	-69.875
288.075	-69.7813
288.15	-69.8437
288.225	-69.9062
288.3	-69.8437
288.375	-69.8437
288.45	-69.9375
288.525	-69.9375
288.6	-69.8125
288.675	-69.875
288.75	-69.8125
288.825	-69.8125
288.9	-69.9062
288.975	-69.8125
289.05	-69.8125
289.125	-69.8437
289.2	-69.7813
289.275	-69.8125
289.35	-69.7813
289.425	-69.8437
289.5	-69.875
289.575	-69.7813
289.65	-69.875
289.725	-69.875
289.8	-69.8125
289.875	-69.875
289.95	-69.8437
290.025	-69.9375
290.1	-69.9375
290.175	-69.75
290.25	-69.9062
290.325	-69.9062
290.4	-69.875
290.475	-69.8437
290.55	-69.8437
290.625	-70
290.7	-69.8125
290.775	-69.7813
290.85	-69.9062
290.925	-69.875
291	-69.875
291.075	-69.7813
291.15	-69.9062
291.225	-70
291.3	-69.7813
291.375	-69.8437
291.45	-69.875
291.525	-69.9375
291.6	-69.8125
291.675	-69.75
291.75	-69.875
291.825	-69.9062
291.9	-69.9062
291.975	-69.8437
292.05	-69.8125
292.125	-70
292.2	-69.8125
292.275	-69.8125
292.35	-69.875
292.425	-69.9688
292.5	-69.9062
292.575	-69.8437
292.65	-69.9062
292.725	-69.9688
292.8	-69.8125
292.875	-69.875
292.95	-70.0312
293.025	-70
293.1	-69.8437
293.175	-69.7813
293.25	-69.9688
293.325	-69.9688
293.4	-69.875
293.475	-69.8437
293.55	-69.9062
293.625	-69.9375
293.7	-69.875
293.775	-69.8125
293.85	-69.9062
293.925	-70
294	-69.9062
294.075	-69.8437
294.15	-69.9062
294.225	-70
294.3	-69.8437
294.375	-69.9062
294.45	-69.9062
294.525	-70.0312
294.6	-69.8437
294.675	-69.8437
294.75	-69.9375
294.825	-69.9688
294.9	-69.8437
294.975	-69.875
295.05	-69.9688
295.125	-69.9688
295.2	-69.875
295.275	-69.875
295.35	-69.9375
295.425	-69.9375
295.5	-69.8437
295.575	-69.9688
295.65	-70
295.725	-69.8437
295.8	-69.9375
295.875	-70.0312
295.95	-69.9375
296.025	-70
296.1	-69.9688
296.175	-69.8437
296.25	-69.9062
296.325	-69.9688
296.4	-69.875
296.475	-69.875
296.55	-69.9688
296.625	-69.9062
296.7	-69.875
296.775	-69.9688
296.85	-69.9062
296.925	-69.9062
297	-69.9688
297.075	-69.9062
297.15	-69.8125
297.225	-69.9688
297.3	-69.875
297.375	-69.9062
297.45	-69.9688
297.525	-69.8125
297.6	-69.8125
297.675	-69.9375
297.75	-69.8125
297.825	-69.9062
297.9	-69.9062
297.975	-69.7813
298.05	-69.875
298.125	-69.8437
298.2	-69.875
298.275	-69.9375
298.35	-69.75
298.425	-69.9375
298.5	-69.875
298.575	-69.8437
298.65	-69.8125
298.725	-69.875
298.8	-69.9688
298.875	-69.7813
298.95	-69.8437
299.025	-69.9062
299.1	-69.8437
299.175	-69.9062
299.25	-69.75
299.325	-69.9062
299.4	-69.9688
299.475	-69.8125
299.55	-69.8125
299.625	-69.875
299.7	-69.9688
299.775	-69.8125
299.85	-69.7813
299.925	-69.9375
300	-69.875
300.075	-69.875
300.15	-69.75
300.225	-69.9375
300.3	-69.875
300.375	-69.8125
300.45	-69.875
300.525	-69.9688
300.6	-69.875
300.675	-69.8125
300.75	-69.875
300.825	-70
300.9	-69.9375
300.975	-69.8125
301.05	-69.9062
301.125	-70.0312
301.2	-70
301.275	-69.9375
301.35	-69.8437
301.425	-69.9062
301.5	-69.9688
301.575	-69.9062
301.65	-69.9688
301.725	-69.9375
301.8	-69.875
301.875	-69.875
301.95	-69.9375
302.025	-70.0312
302.1	-69.8437
302.175	-69.8437
302.25	-69.9375
302.325	-69.875
302.4	-69.9062
302.475	-69.7813
302.55	-70.0312
302.625	-69.9688
302.7	-69.9375
302.775	-69.8125
302.85	-69.9688
302.925	-69.9688
303	-69.875
303.075	-69.875
303.15	-69.9688
303.225	-70
303.3	-69.8125
303.375	-69.9688
303.45	-69.9375
303.525	-69.9062
303.6	-69.9062
303.675	-69.9375
303.75	-69.9688
303.825	-69.9688
303.9	-69.9375
303.975	-69.9062
304.05	-69.9062
304.125	-69.9375
304.2	-69.9375
304.275	-69.9062
304.35	-69.9375
304.425	-70.0312
304.5	-69.9375
304.575	-69.9375
304.65	-70
304.725	-69.9375
304.8	-69.9062
304.875	-70.0312
304.95	-69.875
305.025	-69.9688
305.1	-70
305.175	-70
305.25	-69.9375
305.325	-70.0312
305.4	-69.9062
305.475	-69.9375
305.55	-69.9688
305.625	-69.9062
305.7	-70
305.775	-70.0312
305.85	-69.9062
305.925	-70
306	-69.9688
306.075	-69.9375
306.15	-70
306.225	-69.9062
306.3	-69.9062
306.375	-70.0938
306.45	-69.9375
306.525	-69.875
306.6	-70
306.675	-69.9375
306.75	-70.0312
306.825	-69.9062
306.9	-69.875
306.975	-70.0312
307.05	-69.9062
307.125	-69.9375
307.2	-70
307.275	-69.9375
307.35	-70
307.425	-69.875
307.5	-70.0938
307.575	-70.0625
307.65	-70.0312
307.725	-69.9375
307.8	-70.0312
307.875	-70.0625
307.95	-69.9062
308.025	-69.9688
308.1	-70
308.175	-70
308.25	-69.9688
308.325	-69.875
308.4	-70.0625
308.475	-69.9688
308.55	-69.875
308.625	-69.875
308.7	-70
308.775	-70.0312
308.85	-69.9375
308.925	-69.9062
309	-69.9375
309.075	-70
309.15	-69.875
309.225	-69.9688
309.3	-70.0625
309.375	-69.9688
309.45	-69.9062
309.525	-69.9688
309.6	-70.0625
309.675	-70.0312
309.75	-69.875
309.825	-69.9062
309.9	-70
309.975	-70.125
310.05	-69.9688
310.125	-69.9062
310.2	-70.0312
310.275	-70
310.35	-69.9688
310.425	-69.9688
310.5	-70
310.575	-70
310.65	-69.9688
310.725	-69.9375
310.8	-69.9375
310.875	-70
310.95	-69.9688
311.025	-69.9062
311.1	-69.9375
311.175	-69.9688
311.25	-69.9062
311.325	-69.75
311.4	-69.875
311.475	-69.9062
311.55	-69.7813
311.625	-69.7813
311.7	-69.875
311.775	-69.7813
311.85	-69.6875
311.925	-69.6875
312	-69.9062
312.075	-69.75
312.15	-69.7187
312.225	-69.7813
312.3	-69.7813
312.375	-69.5625
312.45	-69.625
312.525	-69.7187
312.6	-69.5937
312.675	-69.625
312.75	-69.625
312.825	-69.625
312.9	-69.5937
312.975	-69.6875
313.05	-69.5625
313.125	-69.5
313.2	-69.6563
313.275	-69.5625
313.35	-69.5625
313.425	-69.625
313.5	-69.5625
313.575	-69.625
313.65	-69.625
313.725	-69.5
313.8	-69.6563
313.875	-69.5312
313.95	-69.5625
314.025	-69.5937
314.1	-69.5
314.175	-69.5
314.25	-69.625
314.325	-69.5312
314.4	-69.625
314.475	-69.5312
314.55	-69.4688
314.625	-69.5625
314.7	-69.4688
314.775	-69.5312
314.85	-69.625
314.925	-69.4375
