4200 2
0	-70.0625
0.075	-70.0312
0.15	-70
0.225	-70.0625
0.3	-70.0312
0.375	-70.0312
0.45	-70.125
0.525	-70.0312
0.6	-70
0.675	-70.0938
0.75	-70.1562
0.825	-70.0938
0.9	-70.0938
0.975	-70.125
1.05	-70.0312
1.125	-70.0312
1.2	-70.1562
1.275	-70.0938
1.35	-70
1.425	-70.0938
1.5	-69.9688
1.575	-69.9062
1.65	-70.0938
1.725	-70.0312
1.8	-69.9062
1.875	-70
1.95	-70
2.025	-69.9375
2.1	-70.0312
2.175	-69.9062
2.25	-69.9062
2.325	-70
2.4	-69.9375
2.475	-69.9375
2.55	-70
2.625	-70
2.7	-70.0938
2.775	-69.9062
2.85	-69.9688
2.925	-69.9688
3	-69.9375
3.075	-69.9688
3.15	-69.8437
3.225	-69.9688
3.3	-69.9688
3.375	-69.8437
3.45	-69.9062
3.525	-69.9062
3.6	-69.9375
3.675	-69.9062
3.75	-69.8125
3.825	-70.0312
3.9	-69.9688
3.975	-69.875
4.05	-70.0312
4.125	-69.9062
4.2	-69.9688
4.275	-69.75
4.35	-69.8437
4.425	-69.9375
4.5	-69.875
4.575	-69.8437
4.65	-69.7813
4.725	-70
4.8	-69.7813
4.875	-69.7813
4.95	-69.875
5.025	-69.8125
5.1	-69.8125
5.175	-69.7187
5.25	-69.75
5.325	-69.8437
5.4	-69.75
5.475	-69.7187
5.55	-69.7813
5.625	-69.75
5.7	-69.7813
5.775	-69.75
5.85	-69.9062
5.925	-69.875
6	-69.75
6.075	-69.6875
6.15	-69.8437
6.225	-69.875
6.3	-69.75
6.375	-69.7187
6.45	-69.875
6.525	-69.9062
6.6	-69.75
6.675	-69.6563
6.75	-69.8437
6.825	-69.9375
6.9	-69.75
6.975	-69.6875
7.05	-69.9062
7.125	-69.9062
7.2	-69.7187
7.275	-69.7187
7.35	-69.875
7.425	-69.8437
7.5	-69.7187
7.575	-69.7187
7.65	-69.9062
7.725	-69.9062
7.8	-69.75
7.875	-69.8125
7.95	-69.9688
8.025	-69.9062
8.1	-69.75
8.175	-69.875
8.25	-69.9375
8.325	-69.8125
8.4	-69.9062
8.475	-69.9062
8.55	-69.7813
8.625	-69.8125
8.7	-69.7813
8.775	-69.7813
8.85	-69.7813
8.925	-69.875
9	-69.8437
9.075	-69.7813
9.15	-69.8437
9.225	-69.8437
9.3	-69.7813
9.375	-69.8125
9.45	-69.8125
9.525	-69.75
9.6	-69.8437
9.675	-69.9062
9.75	-69.8125
9.825	-69.8125
9.9	-69.9375
9.975	-69.8125
10.05	-69.9375
10.125	-69.875
10.2	-69.8125
10.275	-69.9062
10.35	-69.7813
10.425	-69.8437
10.5	-69.875
10.575	-69.8437
10.65	-69.8437
10.725	-69.8437
10.8	-69.7813
10.875	-69.875
10.95	-69.7813
11.025	-69.7813
11.1	-69.9375
11.175	-69.8125
11.25	-69.7813
11.325	-69.8437
11.4	-69.8125
11.475	-69.8437
11.55	-69.7813
11.625	-69.8125
11.7	-69.9375
11.775	-69.8437
11.85	-69.9062
11.925	-69.9062
12	-69.8437
12.075	-69.9688
12.15	-69.7813
12.225	-69.875
12.3	-69.9062
12.375	-69.8437
12.45	-69.8437
12.525	-69.9062
12.6	-69.9688
12.675	-69.9062
12.75	-69.75
12.825	-69.875
12.9	-69.9375
12.975	-69.875
13.05	-69.75
13.125	-69.875
13.2	-69.9062
13.275	-69.8125
13.35	-69.875
13.425	-69.8125
13.5	-69.875
13.575	-69.9375
13.65	-69.7813
13.725	-69.8437
13.8	-70
13.875	-69.875
13.95	-69.875
14.025	-69.9688
14.1	-69.875
14.175	-69.875
14.25	-69.875
14.325	-70
14.4	-69.9688
14.475	-69.8125
14.55	-69.8437
14.625	-69.9375
14.7	-69.9688
14.775	-69.75
14.85	-69.8437
14.925	-70.0312
15	-70.125
15.075	-70.1875
15.15	-70.25
15.225	-70.4688
15.3	-70.4688
15.375	-70.3437
15.45	-70.3437
15.525	-70.5
15.6	-70.5625
15.675	-70.4688
15.75	-70.5
15.825	-70.625
15.9	-70.6562
15.975	-70.5
16.05	-70.5625
16.125	-70.7188
16.2	-70.7188
16.275	-70.5938
16.35	-70.6875
16.425	-70.7813
16.5	-70.6875
16.575	-70.6562
16.65	-70.7813
16.725	-70.8437
16.8	-70.6875
16.875	-70.6875
16.95	-70.8125
17.025	-70.875
17.1	-70.8125
17.175	-70.9063
17.25	-70.9063
17.325	-70.875
17.4	-70.875
17.475	-70.9063
17.55	-70.75
17.625	-70.9687
17.7	-70.9375
17.775	-70.9375
17.85	-71
17.925	-70.9375
18	-70.875
18.075	-71.0313
18.15	-70.9687
18.225	-71
18.3	-71.0625
18.375	-71.0313
18.45	-71.125
18.525	-71.1562
18.6	-71.0313
18.675	-71
18.75	-71.0313
18.825	-71.0313
18.9	-71.125
18.975	-71.2188
19.05	-71.0938
19.125	-71.125
19.2	-71.1875
19.275	-71.1875
19.35	-71.2188
19.425	-71.1875
19.5	-71.1875
19.575	-71.25
19.65	-71.1562
19.725	-71.1875
19.8	-71.2188
19.875	-71.2188
19.95	-71.2812
20.025	-71.125
20.1	-71.25
20.175	-71.3437
20.25	-71.2188
20.325	-71.25
20.4	-71.2188
20.475	-71.4063
20.55	-71.3125
20.625	-71.1562
20.7	-71.4063
20.775	-71.2812
20.85	-71.3437
20.925	-71.2812
21	-71.3125
21.075	-71.4375
21.15	-71.25
21.225	-71.3437
21.3	-71.4375
21.375	-71.4687
21.45	-71.375
21.525	-71.1875
21.6	-71.5
21.675	-71.4375
21.75	-71.375
21.825	-71.4375
21.9	-71.5
21.975	-71.4687
22.05	-71.5313
22.125	-71.4687
22.2	-71.5
22.275	-71.4687
22.35	-71.4063
22.425	-71.4687
22.5	-71.625
22.575	-71.5937
22.65	-71.4375
22.725	-71.3437
22.8	-71.5937
22.875	-71.6562
22.95	-71.5313
23.025	-71.5
23.1	-71.5625
23.175	-71.5937
23.25	-71.5937
23.325	-71.5937
23.4	-71.5937
23.475	-71.5625
23.55	-71.5625
23.625	-71.625
23.7	-71.625
23.775	-71.625
23.85	-71.6875
23.925	-71.5937
24	-71.5937
24.075	-71.6875
24.15	-71.625
24.225	-71.5625
24.3	-71.6562
24.375	-71.6875
24.45	-71.5937
24.525	-71.6562
24.6	-71.8125
24.675	-71.75
24.75	-71.6562
24.825	-71.7812
24.9	-71.8125
24.975	-71.6875
25.05	-71.7188
25.125	-71.7812
25.2	-71.8125
25.275	-71.6562
25.35	-71.7812
25.425	-71.8125
25.5	-71.7188
25.575	-71.7812
25.65	-71.7812
25.725	-71.8125
25.8	-71.6875
25.875	-71.8125
25.95	-71.8438
26.025	-71.7812
26.1	-71.9063
26.175	-71.8125
26.25	-71.875
26.325	-71.8125
26.4	-71.8125
26.475	-71.75
26.55	-71.875
26.625	-71.8438
26.7	-71.7812
26.775	-71.9063
26.85	-71.8125
26.925	-71.8125
27	-71.9375
27.075	-71.8125
27.15	-71.8125
27.225	-71.9063
27.3	-71.75
27.375	-71.9375
27.45	-71.9375
27.525	-71.8125
27.6	-71.875
27.675	-71.8438
27.75	-72
27.825	-71.9687
27.9	-71.9063
27.975	-71.9687
28.05	-71.9375
28.125	-71.9063
28.2	-71.9063
28.275	-71.9063
28.35	-71.9687
28.425	-71.9375
28.5	-71.875
28.575	-72
28.65	-71.9687
28.725	-72
28.8	-72
28.875	-71.9375
28.95	-72.1563
29.025	-71.9375
29.1	-71.9375
29.175	-72.0313
29.25	-72.0313
29.325	-72.0313
29.4	-71.9375
29.475	-72.0937
29.55	-72
29.625	-71.9687
29.7	-72
29.775	-72
29.85	-72.125
29.925	-71.9375
30	-71.9375
30.075	-72.125
30.15	-72.0937
30.225	-72
30.3	-72.0937
30.375	-72.1563
30.45	-72
30.525	-71.9063
30.6	-72.0313
30.675	-72.1875
30.75	-72.1563
30.825	-72
30.9	-72
30.975	-72.0625
31.05	-72.125
31.125	-72.1563
31.2	-72.0937
31.275	-72.125
31.35	-72.0937
31.425	-72.0625
31.5	-72.0937
31.575	-72.0937
31.65	-72
31.725	-72
31.8	-72.0625
31.875	-72.125
31.95	-72
32.025	-72
32.1	-72
32.175	-72.0625
32.25	-72
32.325	-72
32.4	-72
32.475	-72.125
32.55	-72
32.625	-71.9687
32.7	-72.0313
32.775	-72.1563
32.85	-72.0313
32.925	-71.9687
33	-72.0625
33.075	-72.125
33.15	-72
33.225	-71.9687
33.3	-72.125
33.375	-72.0937
33.45	-71.9687
33.525	-72
33.6	-72.1563
33.675	-72.125
33.75	-71.9687
33.825	-72
33.9	-72.125
33.975	-72
34.05	-72
34.125	-72.0625
34.2	-72.0313
34.275	-72.0313
34.35	-72.125
34.425	-72.0313
34.5	-72
34.575	-72.125
34.65	-72.0625
34.725	-72.0625
34.8	-72.1563
34.875	-72
34.95	-72.125
35.025	-72.1563
35.1	-71.9687
35.175	-72.125
35.25	-72.0625
35.325	-72.0625
35.4	-72.1875
35.475	-72.1563
35.55	-72.125
35.625	-72.2188
35.7	-72.0937
35.775	-72.2188
35.85	-72.1875
35.925	-72.0625
36	-72.1875
36.075	-72.0313
36.15	-72.125
36.225	-72.1875
36.3	-72
36.375	-72.125
36.45	-72.1875
36.525	-72.125
36.6	-72.125
36.675	-72.0625
36.75	-72.2812
36.825	-72.1563
36.9	-72.0625
36.975	-72.1875
37.05	-72.125
37.125	-72.25
37.2	-72
37.275	-72.125
37.35	-72.1563
37.425	-72.2812
37.5	-72.125
37.575	-72.0937
37.65	-72.25
37.725	-72.125
37.8	-72.1875
37.875	-72.0625
37.95	-72.25
38.025	-72.2188
38.1	-72.125
38.175	-72.2188
38.25	-72.1875
38.325	-72.2188
38.4	-72.125
38.475	-72.1563
38.55	-72.2188
38.625	-72.3125
38.7	-72.2188
38.775	-72.2188
38.85	-72.1875
38.925	-72.2188
39	-72.1875
39.075	-72.25
39.15	-72.375
39.225	-72.2812
39.3	-72.1563
39.375	-72.25
39.45	-72.4062
39.525	-72.3438
39.6	-72.2188
39.675	-72.1875
39.75	-72.3438
39.825	-72.3438
39.9	-72.2812
39.975	-72.2812
40.05	-72.3125
40.125	-72.2812
40.2	-72.2188
40.275	-72.25
40.35	-72.2812
40.425	-72.4062
40.5	-72.25
40.575	-72.25
40.65	-72.3125
40.725	-72.375
40.8	-72.2812
40.875	-72.25
40.95	-72.4375
41.025	-72.3438
41.1	-72.25
41.175	-72.4062
41.25	-72.375
41.325	-72.2812
41.4	-72.3125
41.475	-72.375
41.55	-72.3438
41.625	-72.3125
41.7	-72.4062
41.775	-72.3125
41.85	-72.4062
41.925	-72.4062
42	-72.3125
42.075	-72.2812
42.15	-72.4062
42.225	-72.4062
42.3	-72.2812
42.375	-72.3438
42.45	-72.4375
42.525	-72.375
42.6	-72.3125
42.675	-72.5
42.75	-72.4062
42.825	-72.3125
42.9	-72.4062
42.975	-72.375
43.05	-72.3438
43.125	-72.4688
43.2	-72.3125
43.275	-72.4375
43.35	-72.4375
43.425	-72.375
43.5	-72.4062
43.575	-72.4062
43.65	-72.4062
43.725	-72.4375
43.8	-72.375
43.875	-72.3125
43.95	-72.4688
44.025	-72.375
44.1	-72.4688
44.175	-72.4688
44.25	-72.3438
44.325	-72.5
44.4	-72.4688
44.475	-72.3438
44.55	-72.4375
44.625	-72.4062
44.7	-72.4688
44.775	-72.4688
44.85	-72.25
44.925	-72.5
45	-72.5
45.075	-72.3438
45.15	-72.4062
45.225	-72.4062
45.3	-72.5313
45.375	-72.3438
45.45	-72.375
45.525	-72.5313
45.6	-72.4062
45.675	-72.4375
45.75	-72.4062
45.825	-72.5313
45.9	-72.4375
45.975	-72.375
46.05	-72.4062
46.125	-72.4688
46.2	-72.5
46.275	-72.3438
46.35	-72.5
46.425	-72.5
46.5	-72.4688
46.575	-72.375
46.65	-72.4062
46.725	-72.5625
46.8	-72.5
46.875	-72.3438
46.95	-72.375
47.025	-72.5937
47.1	-72.5
47.175	-72.4375
47.25	-72.4688
47.325	-72.5937
47.4	-72.5
47.475	-72.4062
47.55	-72.4375
47.625	-72.5313
47.7	-72.4375
47.775	-72.375
47.85	-72.5
47.925	-72.5
48	-72.4375
48.075	-72.3438
48.15	-72.5
48.225	-72.5
48.3	-72.4062
48.375	-72.375
48.45	-72.5625
48.525	-72.5313
48.6	-72.3125
48.675	-72.4375
48.75	-72.5
48.825	-72.5
48.9	-72.25
48.975	-72.4062
49.05	-72.4688
49.125	-72.4062
49.2	-72.375
49.275	-72.4062
49.35	-72.4688
49.425	-72.3125
49.5	-72.3125
49.575	-72.4062
49.65	-72.4375
49.725	-72.375
49.8	-72.4062
49.875	-72.3438
49.95	-72.3125
50.025	-72.375
50.1	-72.4062
50.175	-72.3438
50.25	-72.3438
50.325	-72.4688
50.4	-72.3438
50.475	-72.375
50.55	-72.375
50.625	-72.4062
50.7	-72.375
50.775	-72.375
50.85	-72.4375
50.925	-72.4375
51	-72.3438
51.075	-72.4688
51.15	-72.375
51.225	-72.25
51.3	-72.375
51.375	-72.3438
51.45	-72.4062
51.525	-72.4062
51.6	-72.3125
51.675	-72.375
51.75	-72.4062
51.825	-72.2812
51.9	-72.3438
51.975	-72.4062
52.05	-72.2812
52.125	-72.375
52.2	-72.4062
52.275	-72.3125
52.35	-72.375
52.425	-72.4062
52.5	-72.4062
52.575	-72.5
52.65	-72.3438
52.725	-72.3438
52.8	-72.4062
52.875	-72.375
52.95	-72.3125
53.025	-72.3125
53.1	-72.3125
53.175	-72.4062
53.25	-72.2812
53.325	-72.3438
53.4	-72.4375
53.475	-72.3438
53.55	-72.25
53.625	-72.25
53.7	-72.4688
53.775	-72.3438
53.85	-72.25
53.925	-72.375
54	-72.3125
54.075	-72.4375
54.15	-72.2812
54.225	-72.375
54.3	-72.4062
54.375	-72.4062
54.45	-72.2812
54.525	-72.3438
54.6	-72.4375
54.675	-72.2812
54.75	-72.3438
54.825	-72.3125
54.9	-72.4062
54.975	-72.4062
55.05	-72.3125
55.125	-72.3125
55.2	-72.4688
55.275	-72.3438
55.35	-72.25
55.425	-72.2812
55.5	-72.4062
55.575	-72.4688
55.65	-72.3125
55.725	-72.375
55.8	-72.4062
55.875	-72.2812
55.95	-72.4062
56.025	-72.4375
56.1	-72.4688
56.175	-72.3438
56.25	-72.2188
56.325	-72.4688
56.4	-72.5313
56.475	-72.375
56.55	-72.3125
56.625	-72.4375
56.7	-72.5625
56.775	-72.3438
56.85	-72.3125
56.925	-72.5
57	-72.4375
57.075	-72.375
57.15	-72.3438
57.225	-72.5
57.3	-72.4375
57.375	-72.375
57.45	-72.4375
57.525	-72.4688
57.6	-72.4375
57.675	-72.4688
57.75	-72.4688
57.825	-72.4062
57.9	-72.5
57.975	-72.4375
58.05	-72.4062
58.125	-72.4062
58.2	-72.5
58.275	-72.4375
58.35	-72.4062
58.425	-72.4375
58.5	-72.5
58.575	-72.4688
58.65	-72.4375
58.725	-72.5625
58.8	-72.5
58.875	-72.4062
58.95	-72.5
59.025	-72.4375
59.1	-72.4375
59.175	-72.5625
59.25	-72.5625
59.325	-72.5
59.4	-72.5313
59.475	-72.4688
59.55	-72.4688
59.625	-72.5
59.7	-72.4688
59.775	-72.4688
59.85	-72.5
59.925	-72.4062
60	-72.4062
60.075	-72.5625
60.15	-72.5
60.225	-72.4062
60.3	-72.5
60.375	-72.5
60.45	-72.4062
60.525	-72.5
60.6	-72.4062
60.675	-72.5
60.75	-72.5
60.825	-72.375
60.9	-72.5313
60.975	-72.5
61.05	-72.4688
61.125	-72.4688
61.2	-72.4062
61.275	-72.5
61.35	-72.5
61.425	-72.3438
61.5	-72.4688
61.575	-72.4375
61.65	-72.4375
61.725	-72.4062
61.8	-72.375
61.875	-72.5
61.95	-72.4062
62.025	-72.3438
62.1	-72.4062
62.175	-72.4375
62.25	-72.5
62.325	-72.3438
62.4	-72.4375
62.475	-72.5
62.55	-72.4062
62.625	-72.375
62.7	-72.375
62.775	-72.5313
62.85	-72.3438
62.925	-72.375
63	-72.375
63.075	-72.4375
63.15	-72.375
63.225	-72.2812
63.3	-72.5
63.375	-72.4688
63.45	-72.375
63.525	-72.4062
63.6	-72.5
63.675	-72.5
63.75	-72.3438
63.825	-72.375
63.9	-72.5313
63.975	-72.5313
64.05	-72.4688
64.125	-72.375
64.2	-72.4062
64.275	-72.4688
64.35	-72.4375
64.425	-72.4062
64.5	-72.5
64.575	-72.4375
64.65	-72.3438
64.725	-72.375
64.8	-72.5
64.875	-72.375
64.95	-72.3438
65.025	-72.4375
65.1	-72.5
65.175	-72.4375
65.25	-72.375
65.325	-72.375
65.4	-72.3438
65.475	-72.4062
65.55	-72.375
65.625	-72.375
65.7	-72.4062
65.775	-72.4375
65.85	-72.3438
65.925	-72.3125
66	-72.3438
66.075	-72.5
66.15	-72.375
66.225	-72.3125
66.3	-72.4688
66.375	-72.375
66.45	-72.25
66.525	-72.25
66.6	-72.4375
66.675	-72.25
66.75	-72.25
66.825	-72.4062
66.9	-72.375
66.975	-72.25
67.05	-72.4062
67.125	-72.3438
67.2	-72.25
67.275	-72.3438
67.35	-72.3125
67.425	-72.2812
67.5	-72.375
67.575	-72.4688
67.65	-72.375
67.725	-72.3125
67.8	-72.4062
67.875	-72.4062
67.95	-72.3125
68.025	-72.375
68.1	-72.3438
68.175	-72.3438
68.25	-72.4062
68.325	-72.3125
68.4	-72.2812
68.475	-72.4375
68.55	-72.4062
68.625	-72.3125
68.7	-72.4375
68.775	-72.3438
68.85	-72.3438
68.925	-72.3438
69	-72.2812
69.075	-72.4062
69.15	-72.4062
69.225	-72.25
69.3	-72.3438
69.375	-72.375
69.45	-72.3125
69.525	-72.4375
69.6	-72.2812
69.675	-72.3438
69.75	-72.4375
69.825	-72.3125
69.9	-72.375
69.975	-72.3438
70.05	-72.4688
70.125	-72.375
70.2	-72.2812
70.275	-72.4375
70.35	-72.4375
70.425	-72.4688
70.5	-72.3438
70.575	-72.3438
70.65	-72.4688
70.725	-72.25
70.8	-72.3125
70.875	-72.375
70.95	-72.5
71.025	-72.4062
71.1	-72.3125
71.175	-72.4375
71.25	-72.4062
71.325	-72.4375
71.4	-72.2188
71.475	-72.5
71.55	-72.4375
71.625	-72.3438
71.7	-72.4062
71.775	-72.3438
71.85	-72.4062
71.925	-72.3438
72	-72.4062
72.075	-72.5
72.15	-72.375
72.225	-72.2812
72.3	-72.3125
72.375	-72.5
72.45	-72.5
72.525	-72.3125
72.6	-72.3125
72.675	-72.375
72.75	-72.5
72.825	-72.4062
72.9	-72.3125
72.975	-72.5
73.05	-72.5
73.125	-72.3438
73.2	-72.3438
73.275	-72.5
73.35	-72.5
73.425	-72.4062
73.5	-72.375
73.575	-72.5
73.65	-72.5
73.725	-72.3438
73.8	-72.3438
73.875	-72.5
73.95	-72.4062
74.025	-72.3438
74.1	-72.3438
74.175	-72.5625
74.25	-72.4688
74.325	-72.3438
74.4	-72.4062
74.475	-72.5937
74.55	-72.5
74.625	-72.4062
74.7	-72.4062
74.775	-72.5937
74.85	-72.5
74.925	-72.4062
75	-72.4688
75.075	-72.5937
75.15	-72.4375
75.225	-72.4062
75.3	-72.5625
75.375	-72.5625
75.45	-72.4688
75.525	-72.5
75.6	-72.4688
75.675	-72.4688
75.75	-72.4688
75.825	-72.5625
75.9	-72.4688
75.975	-72.5937
76.05	-72.5
76.125	-72.4688
76.2	-72.4375
76.275	-72.5
76.35	-72.4375
76.425	-72.5
76.5	-72.5
76.575	-72.4375
76.65	-72.5937
76.725	-72.5625
76.8	-72.5
76.875	-72.5625
76.95	-72.5313
77.025	-72.5937
77.1	-72.4688
77.175	-72.375
77.25	-72.5
77.325	-72.5313
77.4	-72.5
77.475	-72.625
77.55	-72.5313
77.625	-72.5937
77.7	-72.5
77.775	-72.4375
77.85	-72.5937
77.925	-72.5625
78	-72.4688
78.075	-72.5313
78.15	-72.375
78.225	-72.6563
78.3	-72.5625
78.375	-72.4375
78.45	-72.5625
78.525	-72.5625
78.6	-72.5625
78.675	-72.5
78.75	-72.5937
78.825	-72.6563
78.9	-72.5
78.975	-72.625
79.05	-72.5625
79.125	-72.625
79.2	-72.5313
79.275	-72.5313
79.35	-72.6563
79.425	-72.5625
79.5	-72.5
79.575	-72.4062
79.65	-72.75
79.725	-72.5937
79.8	-72.5313
79.875	-72.5
79.95	-72.5313
80.025	-72.6875
80.1	-72.5625
80.175	-72.5313
80.25	-72.5625
80.325	-72.7187
80.4	-72.5
80.475	-72.5937
80.55	-72.6563
80.625	-72.5
80.7	-72.5
80.775	-72.5937
80.85	-72.7187
80.925	-72.625
81	-72.4688
81.075	-72.4688
81.15	-72.7187
81.225	-72.7187
81.3	-72.5625
81.375	-72.5625
81.45	-72.6875
81.525	-72.6875
81.6	-72.5625
81.675	-72.5
81.75	-72.6875
81.825	-72.75
81.9	-72.5
81.975	-72.5625
82.05	-72.75
82.125	-72.6563
82.2	-72.5
82.275	-72.6563
82.35	-72.6563
82.425	-72.625
82.5	-72.5625
82.575	-72.625
82.65	-72.5937
82.725	-72.5
82.8	-72.625
82.875	-72.625
82.95	-72.625
83.025	-72.6563
83.1	-72.7187
83.175	-72.625
83.25	-72.6563
83.325	-72.625
83.4	-72.6563
83.475	-72.625
83.55	-72.6875
83.625	-72.6563
83.7	-72.625
83.775	-72.6563
83.85	-72.625
83.925	-72.625
84	-72.5625
84.075	-72.6563
84.15	-72.6875
84.225	-72.6563
84.3	-72.6875
84.375	-72.6563
84.45	-72.5937
84.525	-72.6563
84.6	-72.6563
84.675	-72.5625
84.75	-72.7187
84.825	-72.7187
84.9	-72.625
84.975	-72.6563
85.05	-72.75
85.125	-72.5937
85.2	-72.6563
85.275	-72.6875
85.35	-72.625
85.425	-72.75
85.5	-72.6563
85.575	-72.625
85.65	-72.7812
85.725	-72.7187
85.8	-72.7187
85.875	-72.75
85.95	-72.625
86.025	-72.75
86.1	-72.7812
86.175	-72.5
86.25	-72.6875
86.325	-72.625
86.4	-72.625
86.475	-72.6563
86.55	-72.5625
86.625	-72.7187
86.7	-72.625
86.775	-72.6875
86.85	-72.5625
86.925	-72.7187
87	-72.75
87.075	-72.5
87.15	-72.6563
87.225	-72.6563
87.3	-72.7812
87.375	-72.5313
87.45	-72.5937
87.525	-72.75
87.6	-72.6875
87.675	-72.6875
87.75	-72.5625
87.825	-72.6875
87.9	-72.6875
87.975	-72.625
88.05	-72.5
88.125	-72.6563
88.2	-72.7812
88.275	-72.5625
88.35	-72.5937
88.425	-72.7812
88.5	-72.625
88.575	-72.4375
88.65	-72.5625
88.725	-72.6875
88.8	-72.6563
88.875	-72.4688
88.95	-72.5313
89.025	-72.6875
89.1	-72.6563
89.175	-72.5937
89.25	-72.5625
89.325	-72.6875
89.4	-72.5937
89.475	-72.5
89.55	-72.5625
89.625	-72.6875
89.7	-72.625
89.775	-72.625
89.85	-72.625
89.925	-72.6875
90	-72.5
90.075	-72.625
90.15	-72.6563
90.225	-72.5937
90.3	-72.5625
90.375	-72.625
90.45	-72.5625
90.525	-72.5625
90.6	-72.6875
90.675	-72.5937
90.75	-72.5313
90.825	-72.625
90.9	-72.6563
90.975	-72.5937
91.05	-72.5625
91.125	-72.7187
91.2	-72.6875
91.275	-72.5937
91.35	-72.625
91.425	-72.625
91.5	-72.625
91.575	-72.5625
91.65	-72.6563
91.725	-72.6563
91.8	-72.5625
91.875	-72.5
91.95	-72.6875
92.025	-72.6563
92.1	-72.5313
92.175	-72.625
92.25	-72.6563
92.325	-72.5
92.4	-72.625
92.475	-72.6563
92.55	-72.5625
92.625	-72.5625
92.7	-72.5937
92.775	-72.5625
92.85	-72.5625
92.925	-72.6563
93	-72.5625
93.075	-72.625
93.15	-72.625
93.225	-72.5
93.3	-72.625
93.375	-72.625
93.45	-72.5625
93.525	-72.7187
93.6	-72.5937
93.675	-72.625
93.75	-72.6875
93.825	-72.625
93.9	-72.75
93.975	-72.7187
94.05	-72.5
94.125	-72.7187
94.2	-72.625
94.275	-72.6563
94.35	-72.6563
94.425	-72.5937
94.5	-72.7187
94.575	-72.6875
94.65	-72.5313
94.725	-72.6875
94.8	-72.6563
94.875	-72.625
94.95	-72.6563
95.025	-72.5937
95.1	-72.7187
95.175	-72.6875
95.25	-72.5313
95.325	-72.7187
95.4	-72.6875
95.475	-72.7187
95.55	-72.6563
95.625	-72.5
95.7	-72.75
95.775	-72.6875
95.85	-72.5625
95.925	-72.625
96	-72.6563
96.075	-72.75
96.15	-72.4688
96.225	-72.625
96.3	-72.625
96.375	-72.7812
96.45	-72.5313
96.525	-72.6875
96.6	-72.75
96.675	-72.6563
96.75	-72.6563
96.825	-72.6875
96.9	-72.6563
96.975	-72.5937
97.05	-72.6563
97.125	-72.6875
97.2	-72.7812
97.275	-72.625
97.35	-72.5
97.425	-72.7187
97.5	-72.8438
97.575	-72.7812
97.65	-72.625
97.725	-72.5625
97.8	-72.7187
97.875	-72.7187
97.95	-72.625
98.025	-72.6875
98.1	-72.6875
98.175	-72.6563
98.25	-72.6563
98.325	-72.6875
98.4	-72.6875
98.475	-72.6563
98.55	-72.625
98.625	-72.6875
98.7	-72.5937
98.775	-72.7187
98.85	-72.625
98.925	-72.6563
99	-72.6875
99.075	-72.7187
99.15	-72.6875
99.225	-72.6563
99.3	-72.7812
99.375	-72.75
99.45	-72.625
99.525	-72.6875
99.6	-72.7812
99.675	-72.7187
99.75	-72.6563
99.825	-72.75
99.9	-72.7187
99.975	-72.6563
100.05	-72.6563
100.125	-72.8125
100.2	-72.75
100.275	-72.6563
100.35	-72.6875
100.425	-72.7812
100.5	-72.6563
100.575	-72.5937
100.65	-72.7812
100.725	-72.6875
100.8	-72.6563
100.875	-72.75
100.95	-72.6875
101.025	-72.625
101.1	-72.7187
101.175	-72.7187
101.25	-72.6563
101.325	-72.7812
101.4	-72.6875
101.475	-72.6563
101.55	-72.7812
101.625	-72.6875
101.7	-72.625
101.775	-72.7187
101.85	-72.625
101.925	-72.6875
102	-72.7187
102.075	-72.5625
102.15	-72.6875
102.225	-72.6875
102.3	-72.6563
102.375	-72.8125
102.45	-72.6875
102.525	-72.75
102.6	-72.75
102.675	-72.6875
102.75	-72.7812
102.825	-72.5937
102.9	-72.7187
102.975	-72.8125
103.05	-72.7187
103.125	-72.75
103.2	-72.75
103.275	-72.75
103.35	-72.7187
103.425	-72.625
103.5	-72.7187
103.575	-72.7187
103.65	-72.7187
103.725	-72.6563
103.8	-72.6875
103.875	-72.8438
103.95	-72.7812
104.025	-72.6563
104.1	-72.7812
104.175	-72.7187
104.25	-72.7812
104.325	-72.5937
104.4	-72.6563
104.475	-72.8125
104.55	-72.6875
104.625	-72.7187
104.7	-72.6875
104.775	-72.7812
104.85	-72.75
104.925	-72.625
105	-72.75
105.075	-72.8125
105.15	-72.6563
105.225	-72.6875
105.3	-72.8125
105.375	-72.7812
105.45	-72.6875
105.525	-72.7187
105.6	-72.8438
105.675	-72.8438
105.75	-72.6875
105.825	-72.5937
105.9	-72.7812
105.975	-72.8125
106.05	-72.7812
106.125	-72.6875
106.2	-72.6875
106.275	-72.7812
106.35	-72.75
106.425	-72.7187
106.5	-72.7187
106.575	-72.8125
106.65	-72.7812
106.725	-72.6875
106.8	-72.7187
106.875	-72.7812
106.95	-72.8125
107.025	-72.6875
107.1	-72.7187
107.175	-72.75
107.25	-72.75
107.325	-72.6875
107.4	-72.7812
107.475	-72.8438
107.55	-72.7812
107.625	-72.625
107.7	-72.7812
107.775	-72.8438
107.85	-72.75
107.925	-72.6875
108	-72.7812
108.075	-72.8125
108.15	-72.6563
108.225	-72.6875
108.3	-72.8438
108.375	-72.7812
108.45	-72.625
108.525	-72.7812
108.6	-72.8125
108.675	-72.75
108.75	-72.75
108.825	-72.75
108.9	-72.7187
108.975	-72.7812
109.05	-72.75
109.125	-72.6875
109.2	-72.7187
109.275	-72.7187
109.35	-72.6875
109.425	-72.7812
109.5	-72.7812
109.575	-72.7187
109.65	-72.7812
109.725	-72.8125
109.8	-72.7812
109.875	-72.6875
109.95	-72.875
110.025	-72.8125
110.1	-72.8438
110.175	-72.8438
110.25	-72.7187
110.325	-72.8125
110.4	-72.8438
110.475	-72.75
110.55	-72.8125
110.625	-72.8125
110.7	-72.6875
110.775	-72.875
110.85	-72.8438
110.925	-72.8125
111	-72.7812
111.075	-72.6875
111.15	-72.9375
111.225	-72.7812
111.3	-72.8125
111.375	-72.8438
111.45	-72.8125
111.525	-72.8438
111.6	-72.6875
111.675	-72.7812
111.75	-72.875
111.825	-72.7812
111.9	-72.8125
111.975	-72.7812
112.05	-72.9062
112.125	-72.8438
112.2	-72.6563
112.275	-72.875
112.35	-72.875
112.425	-72.8438
112.5	-72.7812
112.575	-72.75
112.65	-72.9375
112.725	-72.8125
112.8	-72.7812
112.875	-72.8125
112.95	-72.9375
113.025	-72.8125
113.1	-72.7187
113.175	-72.9062
113.25	-72.8125
113.325	-72.7812
113.4	-72.7812
113.475	-72.8125
113.55	-72.8125
113.625	-72.8438
113.7	-72.8438
113.775	-72.875
113.85	-72.7812
113.925	-72.75
114	-72.75
114.075	-72.9062
114.15	-72.9688
114.225	-72.7812
114.3	-72.7187
114.375	-72.875
114.45	-72.9062
114.525	-72.875
114.6	-72.8125
114.675	-72.8438
114.75	-72.9062
114.825	-72.9062
114.9	-72.8438
114.975	-72.8125
115.05	-72.875
115.125	-72.8438
115.2	-72.7812
115.275	-72.8125
115.35	-72.9062
115.425	-72.875
115.5	-72.875
115.575	-72.875
115.65	-72.875
115.725	-72.875
115.8	-72.7812
115.875	-72.875
115.95	-72.875
116.025	-72.75
116.1	-72.8125
116.175	-73
116.25	-72.9062
116.325	-72.7812
116.4	-72.875
116.475	-72.9062
116.55	-72.8438
116.625	-72.7812
116.7	-72.9062
116.775	-72.8438
116.85	-72.75
116.925	-72.8125
117	-72.9062
117.075	-72.9062
117.15	-72.8438
117.225	-72.9375
117.3	-72.875
117.375	-72.9062
117.45	-72.875
117.525	-72.9062
117.6	-72.8438
117.675	-72.9062
117.75	-72.9062
117.825	-72.8125
117.9	-72.875
117.975	-72.9688
118.05	-72.8438
118.125	-72.8438
118.2	-72.875
118.275	-72.8438
118.35	-72.8438
118.425	-72.9062
118.5	-72.9062
118.575	-72.8438
118.65	-72.9062
118.725	-72.9062
118.8	-72.8438
118.875	-72.9062
118.95	-72.8438
119.025	-72.9062
119.1	-72.9062
119.175	-72.8125
119.25	-72.9688
119.325	-73
119.4	-72.875
119.475	-72.875
119.55	-72.875
119.625	-72.8438
119.7	-72.9062
119.775	-72.6875
119.85	-72.9062
119.925	-72.875
120	-72.875
120.075	-72.8438
120.15	-72.8438
120.225	-72.9688
120.3	-72.8438
120.375	-72.9062
120.45	-72.9375
120.525	-72.8438
120.6	-72.8125
120.675	-72.7187
120.75	-72.9062
120.825	-72.9375
120.9	-72.875
120.975	-72.8125
121.05	-72.875
121.125	-72.9375
121.2	-72.7812
121.275	-72.8125
121.35	-72.7812
121.425	-72.9375
121.5	-72.7812
121.575	-72.6875
121.65	-72.9062
121.725	-72.8438
121.8	-72.6875
121.875	-72.7812
121.95	-72.8438
122.025	-72.8125
122.1	-72.6875
122.175	-72.8125
122.25	-72.9375
122.325	-72.875
122.4	-72.75
122.475	-72.6875
122.55	-72.875
122.625	-72.875
122.7	-72.75
122.775	-72.75
122.85	-72.875
122.925	-72.875
123	-72.75
123.075	-72.6875
123.15	-72.9062
123.225	-72.9375
123.3	-72.7187
123.375	-72.75
123.45	-72.9688
123.525	-72.875
123.6	-72.6875
123.675	-72.6875
123.75	-72.9375
123.825	-72.8438
123.9	-72.6875
123.975	-72.875
124.05	-72.9062
124.125	-72.8125
124.2	-72.7187
124.275	-72.7812
124.35	-72.8438
124.425	-72.75
124.5	-72.7187
124.575	-72.8438
124.65	-72.875
124.725	-72.7812
124.8	-72.6875
124.875	-72.7812
124.95	-72.8438
125.025	-72.6875
125.1	-72.7187
125.175	-72.9062
125.25	-72.7812
125.325	-72.7187
125.4	-72.7812
125.475	-72.875
125.55	-72.7812
125.625	-72.75
125.7	-72.8125
125.775	-72.8125
125.85	-72.7187
125.925	-72.75
126	-72.75
126.075	-72.7187
126.15	-72.8438
126.225	-72.7187
126.3	-72.7812
126.375	-72.8125
126.45	-72.6875
126.525	-72.7187
126.6	-72.8438
126.675	-72.75
126.75	-72.75
126.825	-72.8438
126.9	-72.6875
126.975	-72.8125
127.05	-72.8125
127.125	-72.6875
127.2	-72.8438
127.275	-72.7812
127.35	-72.8438
127.425	-72.875
127.5	-72.7812
127.575	-72.8125
127.65	-72.7812
127.725	-72.7187
127.8	-72.8438
127.875	-72.6875
127.95	-72.7187
128.025	-72.7812
128.1	-72.7812
128.175	-72.7812
128.25	-72.7812
128.325	-72.7812
128.4	-72.9062
128.475	-72.7812
128.55	-72.6563
128.625	-72.9062
128.7	-72.9062
128.775	-72.75
128.85	-72.7812
128.925	-72.75
129	-72.9062
129.075	-72.7187
129.15	-72.75
129.225	-72.8438
129.3	-72.7812
129.375	-72.7812
129.45	-72.6875
129.525	-72.9062
129.6	-72.7812
129.675	-72.7812
129.75	-72.75
129.825	-72.8125
129.9	-72.9062
129.975	-72.75
130.05	-72.6875
130.125	-72.9062
130.2	-72.7812
130.275	-72.625
130.35	-72.8125
130.425	-72.875
130.5	-72.875
130.575	-72.75
130.65	-72.75
130.725	-72.9688
130.8	-72.8438
130.875	-72.75
130.95	-72.7812
131.025	-72.875
131.1	-72.9062
131.175	-72.7812
131.25	-72.7187
131.325	-72.8438
131.4	-72.875
131.475	-72.8125
131.55	-72.8438
131.625	-72.8438
131.7	-72.9375
131.775	-72.8125
131.85	-72.7812
131.925	-72.8125
132	-72.875
132.075	-72.8438
132.15	-72.7812
132.225	-72.8438
132.3	-72.8125
132.375	-72.7812
132.45	-72.7812
132.525	-72.875
132.6	-72.9688
132.675	-72.8125
132.75	-72.8125
132.825	-72.8438
132.9	-72.875
132.975	-72.7812
133.05	-72.8125
133.125	-72.9375
133.2	-72.8125
133.275	-72.6875
133.35	-72.7812
133.425	-72.8125
133.5	-72.7187
133.575	-72.8438
133.65	-72.9062
133.725	-72.8438
133.8	-72.7812
133.875	-72.8438
133.95	-72.8438
134.025	-72.7812
134.1	-72.8438
134.175	-72.9062
134.25	-72.7812
134.325	-72.875
134.4	-72.9062
134.475	-72.8125
134.55	-72.8125
134.625	-72.9062
134.7	-72.9062
134.775	-72.8125
134.85	-72.875
134.925	-72.9062
135	-72.7812
135.075	-72.9375
135.15	-72.8438
135.225	-72.875
135.3	-72.9688
135.375	-72.8125
135.45	-72.875
135.525	-72.9062
135.6	-72.8438
135.675	-72.9062
135.75	-72.8125
135.825	-72.75
135.9	-72.9062
135.975	-72.7812
136.05	-72.9062
136.125	-72.9062
136.2	-72.8438
136.275	-72.9375
136.35	-72.875
136.425	-72.8438
136.5	-72.9375
136.575	-72.8125
136.65	-72.8438
136.725	-72.8125
136.8	-72.8438
136.875	-72.9375
136.95	-72.7812
137.025	-72.875
137.1	-72.875
137.175	-72.9688
137.25	-72.9062
137.325	-72.75
137.4	-72.9688
137.475	-72.9062
137.55	-72.875
137.625	-72.8438
137.7	-72.9688
137.775	-73
137.85	-72.7812
137.925	-72.875
138	-72.9375
138.075	-73
138.15	-72.8438
138.225	-72.8438
138.3	-72.9688
138.375	-72.8438
138.45	-72.7812
138.525	-72.875
138.6	-73
138.675	-72.875
138.75	-72.7812
138.825	-72.875
138.9	-73.0312
138.975	-72.9688
139.05	-72.7812
139.125	-72.7187
139.2	-72.8438
139.275	-72.9062
139.35	-72.8438
139.425	-72.8125
139.5	-72.875
139.575	-72.75
139.65	-72.75
139.725	-72.875
139.8	-72.9062
139.875	-72.8125
139.95	-72.8438
140.025	-72.7812
140.1	-72.875
140.175	-72.75
140.25	-72.7812
140.325	-72.8438
140.4	-72.8125
140.475	-72.9062
140.55	-72.875
140.625	-72.8125
140.7	-72.7812
140.775	-72.8438
140.85	-72.7812
140.925	-72.8125
141	-72.8125
141.075	-72.875
141.15	-72.7812
141.225	-72.7812
141.3	-72.8438
141.375	-72.8438
141.45	-72.7812
141.525	-72.8125
141.6	-72.875
141.675	-72.8438
141.75	-72.6875
141.825	-72.8438
141.9	-72.875
141.975	-72.7812
142.05	-72.875
142.125	-72.9062
142.2	-72.7812
142.275	-72.7812
142.35	-72.9062
142.425	-72.8438
142.5	-72.7812
142.575	-72.8125
142.65	-72.8438
142.725	-72.7812
142.8	-72.9062
142.875	-72.75
142.95	-72.8125
143.025	-72.875
143.1	-72.875
143.175	-72.8125
143.25	-72.9062
143.325	-72.8438
143.4	-72.8125
143.475	-72.9062
143.55	-72.8125
143.625	-72.75
143.7	-72.9062
143.775	-72.8438
143.85	-72.8125
143.925	-72.875
144	-72.75
144.075	-72.9062
144.15	-72.7812
144.225	-72.8125
144.3	-72.875
144.375	-72.7812
144.45	-72.9375
144.525	-72.7812
144.6	-72.75
144.675	-72.9688
144.75	-72.7812
144.825	-72.8125
144.9	-72.7812
144.975	-72.75
145.05	-72.9688
145.125	-72.7812
145.2	-72.8125
145.275	-72.8438
145.35	-72.8438
145.425	-72.8125
145.5	-72.8438
145.575	-72.875
145.65	-72.9375
145.725	-72.6875
145.8	-72.8438
145.875	-72.9062
145.95	-72.9688
146.025	-72.75
146.1	-72.6875
146.175	-72.875
146.25	-72.8438
146.325	-72.7812
146.4	-72.7812
146.475	-72.9688
146.55	-72.875
146.625	-72.625
146.7	-72.8438
146.775	-72.9062
146.85	-72.7812
146.925	-72.75
147	-72.8438
147.075	-72.9688
147.15	-72.8125
147.225	-72.6875
147.3	-72.7187
147.375	-72.9375
147.45	-72.875
147.525	-72.7812
147.6	-72.8125
147.675	-72.9062
147.75	-72.875
147.825	-72.8125
147.9	-72.8438
147.975	-72.8125
148.05	-72.8438
148.125	-72.8125
148.2	-72.8125
148.275	-72.9062
148.35	-72.875
148.425	-72.8438
148.5	-72.8125
148.575	-72.9375
148.65	-72.875
148.725	-72.875
148.8	-72.7812
148.875	-72.9062
148.95	-72.875
149.025	-72.8125
149.1	-72.8125
149.175	-72.9688
149.25	-72.8125
149.325	-72.7187
149.4	-72.9062
149.475	-72.9062
149.55	-72.8125
149.625	-72.75
149.7	-72.875
149.775	-72.9062
149.85	-72.8438
149.925	-72.8125
150	-72.9375
150.075	-72.9062
150.15	-72.8125
150.225	-72.9062
150.3	-72.875
150.375	-72.8125
150.45	-72.8125
150.525	-72.9062
150.6	-72.8438
150.675	-72.8438
150.75	-72.875
150.825	-72.8438
150.9	-72.8125
150.975	-72.9375
151.05	-72.9062
151.125	-72.8438
151.2	-72.9688
151.275	-72.875
151.35	-72.8438
151.425	-72.9062
151.5	-72.9062
151.575	-72.8125
151.65	-72.9375
151.725	-72.9062
151.8	-72.7812
151.875	-72.8438
151.95	-72.8438
152.025	-72.8438
152.1	-72.9062
152.175	-72.8438
152.25	-72.8438
152.325	-72.875
152.4	-72.9062
152.475	-72.7187
152.55	-72.8438
152.625	-72.8438
152.7	-72.75
152.775	-72.875
152.85	-72.875
152.925	-72.875
153	-72.7812
153.075	-72.6875
153.15	-72.8438
153.225	-72.75
153.3	-72.7812
153.375	-72.8438
153.45	-72.8125
153.525	-72.9375
153.6	-72.7187
153.675	-72.9062
153.75	-72.7812
153.825	-72.9062
153.9	-72.7812
153.975	-72.7187
154.05	-72.9062
154.125	-72.7812
154.2	-72.6875
154.275	-72.8125
154.35	-72.8125
154.425	-72.9062
154.5	-72.6563
154.575	-72.8125
154.65	-72.8125
154.725	-72.75
154.8	-72.7187
154.875	-72.6875
154.95	-72.9062
155.025	-72.75
155.1	-72.6875
155.175	-72.8438
155.25	-72.875
155.325	-72.6875
155.4	-72.6875
155.475	-72.9062
155.55	-72.8125
155.625	-72.7187
155.7	-72.625
155.775	-72.7812
155.85	-72.875
155.925	-72.75
156	-72.6875
156.075	-72.7187
156.15	-72.8438
156.225	-72.8125
156.3	-72.7187
156.375	-72.7187
156.45	-72.7812
156.525	-72.7187
156.6	-72.6875
156.675	-72.7187
156.75	-72.7812
156.825	-72.7812
156.9	-72.7187
156.975	-72.7812
157.05	-72.6875
157.125	-72.6875
157.2	-72.75
157.275	-72.8438
157.35	-72.7812
157.425	-72.7187
157.5	-72.7812
157.575	-72.75
157.65	-72.7187
157.725	-72.6875
157.8	-72.7812
157.875	-72.6563
157.95	-72.6875
158.025	-72.75
158.1	-72.6875
158.175	-72.6563
158.25	-72.7812
158.325	-72.7187
158.4	-72.6563
158.475	-72.7187
158.55	-72.7812
158.625	-72.7187
158.7	-72.5937
158.775	-72.7187
158.85	-72.7812
158.925	-72.5625
159	-72.7187
159.075	-72.7812
159.15	-72.6563
159.225	-72.5937
159.3	-72.7187
159.375	-72.6875
159.45	-72.6563
159.525	-72.7812
159.6	-72.7187
159.675	-72.625
159.75	-72.75
159.825	-72.75
159.9	-72.6563
159.975	-72.75
160.05	-72.6875
160.125	-72.6563
160.2	-72.7812
160.275	-72.625
160.35	-72.7187
160.425	-72.6875
160.5	-72.5937
160.575	-72.7187
160.65	-72.625
160.725	-72.6875
160.8	-72.7812
160.875	-72.5625
160.95	-72.7187
161.025	-72.6875
161.1	-72.6563
161.175	-72.7187
161.25	-72.5937
161.325	-72.8125
161.4	-72.7187
161.475	-72.5625
161.55	-72.6875
161.625	-72.6875
161.7	-72.6563
161.775	-72.6563
161.85	-72.5625
161.925	-72.7812
162	-72.6563
162.075	-72.6875
162.15	-72.6563
162.225	-72.625
162.3	-72.7187
162.375	-72.5
162.45	-72.625
162.525	-72.7187
162.6	-72.6563
162.675	-72.625
162.75	-72.5
162.825	-72.7812
162.9	-72.5313
162.975	-72.625
163.05	-72.625
163.125	-72.7812
163.2	-72.625
163.275	-72.5
163.35	-72.7187
163.425	-72.75
163.5	-72.625
163.575	-72.5313
163.65	-72.6875
163.725	-72.75
163.8	-72.6563
163.875	-72.5
163.95	-72.625
164.025	-72.75
164.1	-72.625
164.175	-72.5937
164.25	-72.5937
164.325	-72.6875
164.4	-72.625
164.475	-72.625
164.55	-72.6563
164.625	-72.6875
164.7	-72.6875
164.775	-72.5937
164.85	-72.7187
164.925	-72.625
165	-72.5937
165.075	-72.5625
165.15	-72.7187
165.225	-72.6875
165.3	-72.625
165.375	-72.625
165.45	-72.6563
165.525	-72.6563
165.6	-72.6563
165.675	-72.6563
165.75	-72.5625
165.825	-72.5937
165.9	-72.5625
165.975	-72.5
166.05	-72.625
166.125	-72.6563
166.2	-72.5937
166.275	-72.5
166.35	-72.5625
166.425	-72.6875
166.5	-72.625
166.575	-72.5
166.65	-72.5937
166.725	-72.5937
166.8	-72.4375
166.875	-72.5937
166.95	-72.6563
167.025	-72.5313
167.1	-72.4375
167.175	-72.6563
167.25	-72.5937
167.325	-72.5313
167.4	-72.625
167.475	-72.625
167.55	-72.5
167.625	-72.5625
167.7	-72.5313
167.775	-72.5
167.85	-72.5313
167.925	-72.5625
168	-72.5
168.075	-72.5937
168.15	-72.5937
168.225	-72.5
168.3	-72.5937
168.375	-72.5937
168.45	-72.5
168.525	-72.5937
168.6	-72.5313
168.675	-72.4688
168.75	-72.5
168.825	-72.5
168.9	-72.5
168.975	-72.5625
169.05	-72.4688
169.125	-72.5313
169.2	-72.5937
169.275	-72.5
169.35	-72.5313
169.425	-72.5313
169.5	-72.5
169.575	-72.625
169.65	-72.4688
169.725	-72.5
169.8	-72.5313
169.875	-72.4375
169.95	-72.5
170.025	-72.5
170.1	-72.625
170.175	-72.5
170.25	-72.4062
170.325	-72.5
170.4	-72.5313
170.475	-72.5313
170.55	-72.3438
170.625	-72.4375
170.7	-72.625
170.775	-72.4375
170.85	-72.5313
170.925	-72.5
171	-72.5937
171.075	-72.5
171.15	-72.4688
171.225	-72.5313
171.3	-72.4688
171.375	-72.5313
171.45	-72.375
171.525	-72.5313
171.6	-72.6563
171.675	-72.4375
171.75	-72.4375
171.825	-72.6563
171.9	-72.5937
171.975	-72.4375
172.05	-72.375
172.125	-72.625
172.2	-72.6563
172.275	-72.4375
172.35	-72.4062
172.425	-72.5625
172.5	-72.6563
172.575	-72.5625
172.65	-72.5625
172.725	-72.4688
172.8	-72.5625
172.875	-72.5937
172.95	-72.5313
173.025	-72.5313
173.1	-72.5
173.175	-72.5937
173.25	-72.5937
173.325	-72.5937
173.4	-72.5625
173.475	-72.4688
173.55	-72.5937
173.625	-72.5937
173.7	-72.5
173.775	-72.5625
173.85	-72.625
173.925	-72.6563
174	-72.5
174.075	-72.5625
174.15	-72.5313
174.225	-72.5937
174.3	-72.5625
174.375	-72.625
174.45	-72.5625
174.525	-72.625
174.6	-72.625
174.675	-72.5937
174.75	-72.4688
174.825	-72.6563
174.9	-72.625
174.975	-72.5
175.05	-72.5
175.125	-72.625
175.2	-72.5
175.275	-72.5313
175.35	-72.6563
175.425	-72.5313
175.5	-72.5
175.575	-72.6563
175.65	-72.625
175.725	-72.5625
175.8	-72.625
175.875	-72.5625
175.95	-72.5937
176.025	-72.625
176.1	-72.5937
176.175	-72.5
176.25	-72.6875
176.325	-72.6563
176.4	-72.5
176.475	-72.6875
176.55	-72.5625
176.625	-72.5
176.7	-72.6875
176.775	-72.5625
176.85	-72.625
176.925	-72.625
177	-72.5625
177.075	-72.6563
177.15	-72.6563
177.225	-72.6563
177.3	-72.7187
177.375	-72.625
177.45	-72.6563
177.525	-72.7187
177.6	-72.5937
177.675	-72.6563
177.75	-72.625
177.825	-72.5
177.9	-72.625
177.975	-72.625
178.05	-72.5313
178.125	-72.5937
178.2	-72.5
178.275	-72.5625
178.35	-72.6563
178.425	-72.5
178.5	-72.6875
178.575	-72.6563
178.65	-72.5937
178.725	-72.5937
178.8	-72.5937
178.875	-72.75
178.95	-72.5625
179.025	-72.5937
179.1	-72.6875
179.175	-72.625
179.25	-72.625
179.325	-72.4688
179.4	-72.6563
179.475	-72.625
179.55	-72.625
179.625	-72.625
179.7	-72.6875
179.775	-72.7187
179.85	-72.5
179.925	-72.625
180	-72.6875
180.075	-72.5937
180.15	-72.6563
180.225	-72.625
180.3	-72.7187
180.375	-72.625
180.45	-72.5937
180.525	-72.5625
180.6	-72.6875
180.675	-72.625
180.75	-72.4688
180.825	-72.6563
180.9	-72.75
180.975	-72.7812
181.05	-72.5625
181.125	-72.5625
181.2	-72.6563
181.275	-72.7187
181.35	-72.625
181.425	-72.5625
181.5	-72.5625
181.575	-72.6875
181.65	-72.625
181.725	-72.5625
181.8	-72.7187
181.875	-72.7812
181.95	-72.625
182.025	-72.5313
182.1	-72.7187
182.175	-72.7187
182.25	-72.625
182.325	-72.5937
182.4	-72.7812
182.475	-72.7812
182.55	-72.6563
182.625	-72.5937
182.7	-72.7187
182.775	-72.7812
182.85	-72.7187
182.925	-72.6563
183	-72.6875
183.075	-72.75
183.15	-72.7187
183.225	-72.6563
183.3	-72.75
183.375	-72.7812
183.45	-72.6875
183.525	-72.6875
183.6	-72.75
183.675	-72.6563
183.75	-72.625
183.825	-72.75
183.9	-72.7187
183.975	-72.6875
184.05	-72.6875
184.125	-72.6563
184.2	-72.7812
184.275	-72.8125
184.35	-72.625
184.425	-72.7187
184.5	-72.7812
184.575	-72.7187
184.65	-72.6875
184.725	-72.7812
184.8	-72.7812
184.875	-72.7187
184.95	-72.75
185.025	-72.6875
185.1	-72.6563
185.175	-72.7187
185.25	-72.75
185.325	-72.7812
185.4	-72.7812
185.475	-72.75
185.55	-72.75
185.625	-72.7812
185.7	-72.6563
185.775	-72.7812
185.85	-72.8125
185.925	-72.625
186	-72.7812
186.075	-72.7187
186.15	-72.75
186.225	-72.7187
186.3	-72.625
186.375	-72.7812
186.45	-72.7812
186.525	-72.625
186.6	-72.8125
186.675	-72.75
186.75	-72.8125
186.825	-72.7187
186.9	-72.625
186.975	-72.8125
187.05	-72.7187
187.125	-72.7812
187.2	-72.5625
187.275	-72.75
187.35	-72.75
187.425	-72.625
187.5	-72.625
187.575	-72.6875
187.65	-72.8438
187.725	-72.5625
187.8	-72.7187
187.875	-72.7187
187.95	-72.75
188.025	-72.7187
188.1	-72.6563
188.175	-72.8438
188.25	-72.7187
188.325	-72.625
188.4	-72.75
188.475	-72.6875
188.55	-72.6563
188.625	-72.6563
188.7	-72.6875
188.775	-72.7812
188.85	-72.7812
188.925	-72.625
189	-72.6875
189.075	-72.8438
189.15	-72.75
189.225	-72.6563
189.3	-72.6563
189.375	-72.6875
189.45	-72.7812
189.525	-72.6563
189.6	-72.6875
189.675	-72.7812
189.75	-72.7187
189.825	-72.6563
189.9	-72.7187
189.975	-72.7187
190.05	-72.6563
190.125	-72.625
190.2	-72.7812
190.275	-72.75
190.35	-72.625
190.425	-72.625
190.5	-72.7187
190.575	-72.7187
190.65	-72.625
190.725	-72.7187
190.8	-72.7187
190.875	-72.6875
190.95	-72.6875
191.025	-72.6875
191.1	-72.6563
191.175	-72.6875
191.25	-72.7187
191.325	-72.6563
191.4	-72.6563
191.475	-72.8125
191.55	-72.7187
191.625	-72.625
191.7	-72.7812
191.775	-72.7812
191.85	-72.6563
191.925	-72.6875
192	-72.8125
192.075	-72.75
192.15	-72.625
192.225	-72.7812
192.3	-72.7812
192.375	-72.6875
192.45	-72.75
192.525	-72.75
192.6	-72.625
192.675	-72.75
192.75	-72.6875
192.825	-72.7187
192.9	-72.8125
192.975	-72.6875
193.05	-72.7187
193.125	-72.7812
193.2	-72.6563
193.275	-72.7812
193.35	-72.7812
193.425	-72.7187
193.5	-72.625
193.575	-72.7187
193.65	-72.7187
193.725	-72.6563
193.8	-72.75
193.875	-72.6563
193.95	-72.7187
194.025	-72.8438
194.1	-72.7812
194.175	-72.6875
194.25	-72.8125
194.325	-72.7187
194.4	-72.625
194.475	-72.6875
194.55	-72.6875
194.625	-72.8438
194.7	-72.7187
194.775	-72.75
194.85	-72.8125
194.925	-72.7812
195	-72.7187
195.075	-72.6875
195.15	-72.8438
195.225	-72.8125
195.3	-72.625
195.375	-72.6875
195.45	-72.6563
195.525	-72.8438
195.6	-72.6563
195.675	-72.625
195.75	-72.7812
195.825	-72.6563
195.9	-72.5625
195.975	-72.5
196.05	-72.7187
196.125	-72.625
196.2	-72.625
196.275	-72.5625
196.35	-72.6563
196.425	-72.6875
196.5	-72.5
196.575	-72.625
196.65	-72.6563
196.725	-72.5625
196.8	-72.5313
196.875	-72.625
196.95	-72.625
197.025	-72.5937
197.1	-72.5
197.175	-72.625
197.25	-72.625
197.325	-72.5
197.4	-72.375
197.475	-72.5625
197.55	-72.6875
197.625	-72.625
197.7	-72.4062
197.775	-72.5
197.85	-72.6563
197.925	-72.625
198	-72.4375
198.075	-72.4688
198.15	-72.6875
198.225	-72.5313
198.3	-72.4688
198.375	-72.4375
198.45	-72.625
198.525	-72.5937
198.6	-72.5313
198.675	-72.5
198.75	-72.6563
198.825	-72.5937
198.9	-72.4688
198.975	-72.5
199.05	-72.625
199.125	-72.5625
199.2	-72.4688
199.275	-72.5313
199.35	-72.6563
199.425	-72.5625
199.5	-72.5
199.575	-72.5
199.65	-72.6563
199.725	-72.5
199.8	-72.4688
199.875	-72.625
199.95	-72.5937
200.025	-72.5
200.1	-72.5
200.175	-72.625
200.25	-72.5
200.325	-72.5
200.4	-72.5625
200.475	-72.5625
200.55	-72.5937
200.625	-72.5937
200.7	-72.5
200.775	-72.5
200.85	-72.5937
200.925	-72.5313
201	-72.5625
201.075	-72.5625
201.15	-72.5
201.225	-72.5
201.3	-72.6563
201.375	-72.5
201.45	-72.5
201.525	-72.6563
201.6	-72.4688
201.675	-72.5625
201.75	-72.5
201.825	-72.4688
201.9	-72.5313
201.975	-72.5313
202.05	-72.4688
202.125	-72.5625
202.2	-72.5625
202.275	-72.4688
202.35	-72.5
202.425	-72.5625
202.5	-72.4688
202.575	-72.5625
202.65	-72.5
202.725	-72.5
202.8	-72.5313
202.875	-72.4688
202.95	-72.5
203.025	-72.5
203.1	-72.5
203.175	-72.5
203.25	-72.4688
203.325	-72.5937
203.4	-72.5313
203.475	-72.4375
203.55	-72.5
203.625	-72.5625
203.7	-72.625
203.775	-72.375
203.85	-72.5
203.925	-72.5313
204	-72.5
204.075	-72.5313
204.15	-72.5
204.225	-72.6563
204.3	-72.5
204.375	-72.5
204.45	-72.5
204.525	-72.6563
204.6	-72.5625
204.675	-72.4062
204.75	-72.5937
204.825	-72.625
204.9	-72.625
204.975	-72.5625
205.05	-72.5313
205.125	-72.6875
205.2	-72.625
205.275	-72.5
205.35	-72.5313
205.425	-72.7187
205.5	-72.625
205.575	-72.5
205.65	-72.5937
205.725	-72.5
205.8	-72.5937
205.875	-72.5937
205.95	-72.6563
206.025	-72.6563
206.1	-72.5937
206.175	-72.4062
206.25	-72.625
206.325	-72.75
206.4	-72.625
206.475	-72.4688
206.55	-72.5
206.625	-72.6875
206.7	-72.5625
206.775	-72.4375
206.85	-72.625
206.925	-72.7812
207	-72.5313
207.075	-72.5
207.15	-72.7187
207.225	-72.75
207.3	-72.5937
207.375	-72.5313
207.45	-72.7187
207.525	-72.7187
207.6	-72.5313
207.675	-72.5625
207.75	-72.75
207.825	-72.6875
207.9	-72.5
207.975	-72.6563
208.05	-72.6563
208.125	-72.625
208.2	-72.625
208.275	-72.7812
208.35	-72.6563
208.425	-72.5937
208.5	-72.7187
208.575	-72.5937
208.65	-72.6563
208.725	-72.6563
208.8	-72.6563
208.875	-72.7187
208.95	-72.6563
209.025	-72.7187
209.1	-72.625
209.175	-72.5625
209.25	-72.6563
209.325	-72.6875
209.4	-72.5937
209.475	-72.625
209.55	-72.7187
209.625	-72.5937
209.7	-72.625
209.775	-72.7187
209.85	-72.5937
209.925	-72.6875
210	-72.6875
210.075	-72.6563
210.15	-72.7812
210.225	-72.625
210.3	-72.6563
210.375	-72.6875
210.45	-72.625
210.525	-72.6875
210.6	-72.7187
210.675	-72.625
210.75	-72.7187
210.825	-72.625
210.9	-72.6563
210.975	-72.7812
211.05	-72.6875
211.125	-72.7187
211.2	-72.7187
211.275	-72.6875
211.35	-72.75
211.425	-72.625
211.5	-72.7812
211.575	-72.7812
211.65	-72.5937
211.725	-72.7187
211.8	-72.6875
211.875	-72.7187
211.95	-72.6563
212.025	-72.5937
212.1	-72.8438
212.175	-72.6875
212.25	-72.5937
212.325	-72.6563
212.4	-72.6875
212.475	-72.8125
212.55	-72.625
212.625	-72.7812
212.7	-72.8125
212.775	-72.625
212.85	-72.6563
212.925	-72.5625
213	-72.7187
213.075	-72.5313
213.15	-72.625
213.225	-72.5937
213.3	-72.6563
213.375	-72.6875
213.45	-72.625
213.525	-72.5625
213.6	-72.7187
213.675	-72.6563
213.75	-72.5313
213.825	-72.625
213.9	-72.7812
213.975	-72.7187
214.05	-72.7187
214.125	-72.7812
214.2	-72.7187
214.275	-72.6563
214.35	-72.5
214.425	-72.75
214.5	-72.8125
214.575	-72.6875
214.65	-72.5937
214.725	-72.7187
214.8	-72.8438
214.875	-72.625
214.95	-72.5
215.025	-72.7812
215.1	-72.625
215.175	-72.4062
215.25	-72.1563
215.325	-72.25
215.4	-72.25
215.475	-72.0625
215.55	-71.9687
215.625	-72.1563
215.7	-72.1563
215.775	-71.9375
215.85	-71.9687
215.925	-72.0937
216	-71.9687
216.075	-71.9063
216.15	-71.9375
216.225	-72.0625
216.3	-71.9375
216.375	-71.9063
216.45	-71.9375
216.525	-71.9687
216.6	-71.8438
216.675	-71.9063
216.75	-71.9063
216.825	-71.8438
216.9	-71.8125
216.975	-71.8125
217.05	-71.8125
217.125	-71.7812
217.2	-71.8438
217.275	-71.7812
217.35	-71.6875
217.425	-71.7812
217.5	-71.75
217.575	-71.6562
217.65	-71.6562
217.725	-71.75
217.8	-71.6875
217.875	-71.5937
217.95	-71.7188
218.025	-71.6562
218.1	-71.6875
218.175	-71.7188
218.25	-71.5937
218.325	-71.5625
218.4	-71.6562
218.475	-71.5625
218.55	-71.5625
218.625	-71.5937
218.7	-71.5
218.775	-71.5313
218.85	-71.5313
218.925	-71.4375
219	-71.5625
219.075	-71.5313
219.15	-71.4687
219.225	-71.5625
219.3	-71.4375
219.375	-71.5
219.45	-71.5625
219.525	-71.3437
219.6	-71.5313
219.675	-71.4063
219.75	-71.5
219.825	-71.4375
219.9	-71.3437
219.975	-71.5313
220.05	-71.3437
220.125	-71.375
220.2	-71.375
220.275	-71.4063
220.35	-71.4375
220.425	-71.2812
220.5	-71.3437
220.575	-71.4063
220.65	-71.2812
220.725	-71.2812
220.8	-71.25
220.875	-71.3437
220.95	-71.3437
221.025	-71.0625
221.1	-71.3437
221.175	-71.2812
221.25	-71.2188
221.325	-71.1562
221.4	-71.1875
221.475	-71.3125
221.55	-71.125
221.625	-71.125
221.7	-71.3125
221.775	-71.1875
221.85	-71.1875
221.925	-71.1875
222	-71.25
222.075	-71.1875
222.15	-71.1875
222.225	-71.125
222.3	-71.1562
222.375	-71.125
222.45	-71.0938
222.525	-71.0938
222.6	-71.3125
222.675	-71.2188
222.75	-71.0938
222.825	-71.0313
222.9	-71.1875
222.975	-71.2812
223.05	-71.0625
223.125	-71.0313
223.2	-71.2188
223.275	-71.25
223.35	-71.0625
223.425	-71.0313
223.5	-71.0625
223.575	-71.1875
223.65	-71.0313
223.725	-71.0313
223.8	-71.0938
223.875	-71.2188
223.95	-71.0938
224.025	-71.0313
224.1	-71.0313
224.175	-71.125
224.25	-71.0313
224.325	-71
224.4	-71.0625
224.475	-71.0625
224.55	-71.0625
224.625	-70.9687
224.7	-71.0938
224.775	-71.0313
224.85	-70.9687
224.925	-70.9687
225	-71.0625
225.075	-70.9687
225.15	-70.8437
225.225	-70.9375
225.3	-71.0313
225.375	-70.875
225.45	-70.9375
225.525	-71.0313
225.6	-70.9687
225.675	-70.9375
225.75	-70.9687
225.825	-70.9063
225.9	-70.8437
225.975	-70.9375
226.05	-70.9063
226.125	-70.875
226.2	-70.875
226.275	-70.875
226.35	-70.8437
226.425	-70.9375
226.5	-70.875
226.575	-70.9063
226.65	-70.9375
226.725	-70.8437
226.8	-70.875
226.875	-70.9063
226.95	-70.8125
227.025	-70.8437
227.1	-70.8437
227.175	-70.7813
227.25	-70.9063
227.325	-70.8437
227.4	-70.7188
227.475	-70.9063
227.55	-70.8437
227.625	-70.7813
227.7	-70.875
227.775	-70.8437
227.85	-70.7813
227.925	-70.8125
228	-70.75
228.075	-70.8125
228.15	-70.875
228.225	-70.625
228.3	-70.7813
228.375	-70.7813
228.45	-70.8125
228.525	-70.8125
228.6	-70.7188
228.675	-70.875
228.75	-70.8437
228.825	-70.8125
228.9	-70.7188
228.975	-70.8125
229.05	-70.875
229.125	-70.6875
229.2	-70.7188
229.275	-70.6562
229.35	-70.875
229.425	-70.625
229.5	-70.6875
229.575	-70.7188
229.65	-70.7188
229.725	-70.6562
229.8	-70.5625
229.875	-70.75
229.95	-70.75
230.025	-70.5
230.1	-70.6875
230.175	-70.7813
230.25	-70.7188
230.325	-70.625
230.4	-70.7188
230.475	-70.7188
230.55	-70.6562
230.625	-70.5312
230.7	-70.5938
230.775	-70.6875
230.85	-70.75
230.925	-70.6875
231	-70.625
231.075	-70.6875
231.15	-70.5625
231.225	-70.625
231.3	-70.625
231.375	-70.6562
231.45	-70.6562
231.525	-70.625
231.6	-70.5938
231.675	-70.6875
231.75	-70.5938
231.825	-70.625
231.9	-70.5625
231.975	-70.625
232.05	-70.5938
232.125	-70.625
232.2	-70.6562
232.275	-70.5938
232.35	-70.625
232.425	-70.6562
232.5	-70.5938
232.575	-70.5625
232.65	-70.625
232.725	-70.625
232.8	-70.5938
232.875	-70.625
232.95	-70.5938
233.025	-70.5312
233.1	-70.5
233.175	-70.625
233.25	-70.5938
233.325	-70.5
233.4	-70.5
233.475	-70.6562
233.55	-70.5
233.625	-70.5
233.7	-70.6562
233.775	-70.6562
233.85	-70.5
233.925	-70.5625
234	-70.625
234.075	-70.5
234.15	-70.5
234.225	-70.5625
234.3	-70.4688
234.375	-70.5
234.45	-70.5625
234.525	-70.4688
234.6	-70.6562
234.675	-70.5938
234.75	-70.5
234.825	-70.5625
234.9	-70.5312
234.975	-70.4375
235.05	-70.625
235.125	-70.5625
235.2	-70.4375
235.275	-70.6562
235.35	-70.5
235.425	-70.4375
235.5	-70.5938
235.575	-70.4375
235.65	-70.4688
235.725	-70.5
235.8	-70.4063
235.875	-70.4688
235.95	-70.4688
236.025	-70.4688
236.1	-70.4375
236.175	-70.4375
236.25	-70.4688
236.325	-70.5938
236.4	-70.375
236.475	-70.4063
236.55	-70.5312
236.625	-70.4375
236.7	-70.5
236.775	-70.4688
236.85	-70.4688
236.925	-70.625
237	-70.4063
237.075	-70.375
237.15	-70.4375
237.225	-70.4375
237.3	-70.5
237.375	-70.3437
237.45	-70.5
237.525	-70.4688
237.6	-70.4688
237.675	-70.375
237.75	-70.4688
237.825	-70.5
237.9	-70.3125
237.975	-70.4063
238.05	-70.375
238.125	-70.4375
238.2	-70.4063
238.275	-70.375
238.35	-70.5625
238.425	-70.4375
238.5	-70.4063
238.575	-70.4375
238.65	-70.4688
238.725	-70.4063
238.8	-70.3125
238.875	-70.4063
238.95	-70.5312
239.025	-70.5
239.1	-70.375
239.175	-70.3437
239.25	-70.375
239.325	-70.4375
239.4	-70.4063
239.475	-70.4063
239.55	-70.4375
239.625	-70.375
239.7	-70.3437
239.775	-70.375
239.85	-70.4063
239.925	-70.4063
240	-70.375
240.075	-70.3437
240.15	-70.4375
240.225	-70.375
240.3	-70.375
240.375	-70.4375
240.45	-70.4063
240.525	-70.3125
240.6	-70.3437
240.675	-70.4063
240.75	-70.375
240.825	-70.3125
240.9	-70.4063
240.975	-70.375
241.05	-70.3125
241.125	-70.4063
241.2	-70.3437
241.275	-70.3437
241.35	-70.4063
241.425	-70.375
241.5	-70.3125
241.575	-70.3437
241.65	-70.375
241.725	-70.375
241.8	-70.2813
241.875	-70.3125
241.95	-70.4688
242.025	-70.3125
242.1	-70.25
242.175	-70.4063
242.25	-70.3125
242.325	-70.1875
242.4	-70.375
242.475	-70.3437
242.55	-70.2813
242.625	-70.375
242.7	-70.375
242.775	-70.2187
242.85	-70.3125
242.925	-70.3125
243	-70.2187
243.075	-70.375
243.15	-70.25
243.225	-70.2187
243.3	-70.3437
243.375	-70.2813
243.45	-70.1875
243.525	-70.3125
243.6	-70.25
243.675	-70.1875
243.75	-70.3125
243.825	-70.1875
243.9	-70.2813
243.975	-70.25
244.05	-70.2187
244.125	-70.3125
244.2	-70.2813
244.275	-70.2187
244.35	-70.3125
244.425	-70.25
244.5	-70.25
244.575	-70.25
244.65	-70.125
244.725	-70.3125
244.8	-70.2813
244.875	-70.1875
244.95	-70.1875
245.025	-70.25
245.1	-70.25
245.175	-70.125
245.25	-70.25
245.325	-70.25
245.4	-70.3437
245.475	-70.1875
245.55	-70.0938
245.625	-70.3437
245.7	-70.2187
245.775	-70.1875
245.85	-70.1875
245.925	-70.3125
246	-70.2813
246.075	-70.0938
246.15	-70.2813
246.225	-70.3125
246.3	-70.25
246.375	-70.25
246.45	-70.1562
246.525	-70.3437
246.6	-70.1875
246.675	-70.0938
246.75	-70.1875
246.825	-70.3125
246.9	-70.1562
246.975	-70.1562
247.05	-70.2187
247.125	-70.375
247.2	-70.25
247.275	-70.0938
247.35	-70.0938
247.425	-70.2813
247.5	-70.1875
247.575	-70.125
247.65	-70.1562
247.725	-70.2187
247.8	-70.0938
247.875	-70
247.95	-70.0938
248.025	-70.1875
248.1	-70.0312
248.175	-70
248.25	-70.0625
248.325	-70.2187
248.4	-70.0625
248.475	-70.0312
248.55	-70.125
248.625	-70.1875
248.7	-70
248.775	-70.0312
248.85	-70.0625
248.925	-70.0312
249	-69.875
249.075	-69.9688
249.15	-70.0312
249.225	-69.9688
249.3	-70
249.375	-70
249.45	-70.0312
249.525	-69.9375
249.6	-70.0312
249.675	-69.9688
249.75	-70
249.825	-69.9688
249.9	-70
249.975	-69.875
250.05	-69.9062
250.125	-70.0625
250.2	-70.0312
250.275	-69.9062
250.35	-70
250.425	-70
250.5	-69.875
250.575	-69.9062
250.65	-70
250.725	-69.9375
250.8	-69.9062
250.875	-70.0625
250.95	-69.9375
251.025	-69.9375
251.1	-69.9375
251.175	-69.9375
251.25	-69.9062
251.325	-69.9688
251.4	-69.875
251.475	-69.9688
251.55	-69.9375
251.625	-69.9062
251.7	-70
251.775	-70
251.85	-69.875
251.925	-69.9062
252	-69.9688
252.075	-69.8437
252.15	-70
252.225	-69.9688
252.3	-69.875
252.375	-70.0312
252.45	-69.9375
252.525	-69.9062
252.6	-70.0312
252.675	-69.9062
252.75	-69.8437
252.825	-69.9062
252.9	-69.9062
252.975	-69.9062
253.05	-69.9375
253.125	-69.8437
253.2	-69.9688
253.275	-70.0312
253.35	-69.8437
253.425	-69.9375
253.5	-70.0312
253.575	-69.9062
253.65	-69.9688
253.725	-69.8125
253.8	-69.9688
253.875	-69.9688
253.95	-69.8437
254.025	-69.9688
254.1	-69.9062
254.175	-70.0312
254.25	-69.875
254.325	-69.8125
254.4	-70.0625
254.475	-69.9375
254.55	-69.9062
254.625	-69.875
254.7	-70.0938
254.775	-70.0312
254.85	-69.9062
254.925	-69.9688
255	-70.0312
255.075	-70.0938
255.15	-69.9375
255.225	-69.9375
255.3	-69.9688
255.375	-69.9375
255.45	-69.875
255.525	-69.9062
255.6	-69.9062
255.675	-69.9062
255.75	-69.9062
255.825	-70.0312
255.9	-70.0938
255.975	-69.9688
256.05	-69.9062
256.125	-69.9375
256.2	-70.0938
256.275	-69.9688
256.35	-69.9062
256.425	-69.9375
256.5	-70
256.575	-69.9688
256.65	-69.9062
256.725	-69.875
256.8	-69.9688
256.875	-70.0625
256.95	-69.9375
257.025	-70
257.1	-70
257.175	-69.9375
257.25	-69.9062
257.325	-70
257.4	-70.0625
257.475	-69.9375
257.55	-69.9062
257.625	-70.0312
257.7	-70.0312
257.775	-69.8125
257.85	-69.9062
257.925	-70
258	-69.9375
258.075	-69.875
258.15	-69.9688
258.225	-69.9375
258.3	-69.875
258.375	-69.9375
258.45	-69.9688
258.525	-69.875
258.6	-70
258.675	-70
258.75	-69.8437
258.825	-70
258.9	-69.9688
258.975	-69.875
259.05	-69.9062
259.125	-70
259.2	-69.9062
259.275	-69.9062
259.35	-70.0625
259.425	-70.0312
259.5	-69.9062
259.575	-70
259.65	-69.9375
259.725	-69.9688
259.8	-70
259.875	-70
259.95	-69.9062
260.025	-69.9688
260.1	-70
260.175	-69.9062
260.25	-69.9688
260.325	-70
260.4	-70
260.475	-70.0312
260.55	-70.0312
260.625	-69.875
260.7	-70.0625
260.775	-70.0312
260.85	-69.9688
260.925	-69.9688
261	-69.875
261.075	-70.0312
261.15	-70
261.225	-69.9375
261.3	-70.0312
261.375	-70
261.45	-69.9688
261.525	-69.9375
261.6	-69.9375
261.675	-70.0938
261.75	-69.9688
261.825	-69.9375
261.9	-70.0625
261.975	-70
262.05	-70.0625
262.125	-69.9375
262.2	-70
262.275	-70.0938
262.35	-69.9375
262.425	-69.875
262.5	-69.9375
262.575	-70.0312
262.65	-69.875
262.725	-69.9062
262.8	-69.9375
262.875	-70.0312
262.95	-69.9375
263.025	-69.9062
263.1	-70.0312
263.175	-70.0938
263.25	-69.9688
263.325	-69.9688
263.4	-69.9375
263.475	-70.0312
263.55	-70
263.625	-69.9062
263.7	-70
263.775	-70
263.85	-69.9062
263.925	-69.9062
264	-70.0938
264.075	-70.0312
264.15	-69.9375
264.225	-69.8437
264.3	-69.9688
264.375	-70.0625
264.45	-70.0625
264.525	-69.9375
264.6	-69.9375
264.675	-70.0312
264.75	-69.9688
264.825	-69.9062
264.9	-69.9688
264.975	-70.0625
265.05	-70.0312
265.125	-69.9688
265.2	-70
265.275	-70.0312
265.35	-70
265.425	-69.9688
265.5	-70
265.575	-70.0312
265.65	-69.9375
265.725	-70
265.8	-70
265.875	-70
265.95	-70
266.025	-69.9062
266.1	-70.0312
266.175	-70.0312
266.25	-69.9062
266.325	-69.9688
266.4	-70.0625
266.475	-70.0312
266.55	-69.8437
266.625	-70.0312
266.7	-70.0625
266.775	-69.9688
266.85	-69.875
266.925	-70
267	-69.9688
267.075	-69.9062
267.15	-69.9688
267.225	-70.0312
267.3	-69.9688
267.375	-69.9688
267.45	-70
267.525	-69.9688
267.6	-69.875
267.675	-70.0312
267.75	-70
267.825	-69.9062
267.9	-69.9375
267.975	-69.9688
268.05	-69.8125
268.125	-69.9375
268.2	-69.875
268.275	-69.8437
268.35	-69.9688
268.425	-69.8437
268.5	-69.7813
268.575	-69.9375
268.65	-69.8437
268.725	-69.9062
268.8	-69.875
268.875	-69.9062
268.95	-69.9062
269.025	-69.875
269.1	-69.7813
269.175	-69.9062
269.25	-69.9688
269.325	-69.8437
269.4	-69.9062
269.475	-69.8437
269.55	-69.875
269.625	-69.9688
269.7	-69.75
269.775	-69.9062
269.85	-69.9688
269.925	-69.8125
270	-69.875
270.075	-69.875
270.15	-69.9375
270.225	-69.875
270.3	-69.75
270.375	-69.9062
270.45	-69.7813
270.525	-69.9688
270.6	-69.6875
270.675	-69.9062
270.75	-69.875
270.825	-69.9062
270.9	-69.7813
270.975	-69.7813
271.05	-69.9688
271.125	-69.7813
271.2	-69.8125
271.275	-69.8125
271.35	-69.9062
271.425	-69.9062
271.5	-69.75
271.575	-69.875
271.65	-70
271.725	-69.8125
271.8	-69.75
271.875	-70.0312
271.95	-69.9062
272.025	-69.75
272.1	-69.875
272.175	-70.0312
272.25	-70
272.325	-69.7813
272.4	-69.7187
272.475	-69.9375
272.55	-70
272.625	-69.875
272.7	-69.8437
272.775	-69.8437
272.85	-69.9062
272.925	-69.9062
273	-69.8437
273.075	-69.8437
273.15	-69.875
273.225	-69.75
273.3	-69.9062
273.375	-69.9062
273.45	-69.8437
273.525	-69.8437
273.6	-69.9375
273.675	-69.9375
273.75	-69.875
273.825	-69.8437
273.9	-69.9062
273.975	-69.8437
274.05	-69.75
274.125	-69.8125
274.2	-69.8125
274.275	-69.7813
274.35	-69.8437
274.425	-69.9062
274.5	-69.8125
274.575	-69.8437
274.65	-69.9062
274.725	-69.875
274.8	-69.8125
274.875	-69.875
274.95	-69.9688
275.025	-69.7813
275.1	-69.8437
275.175	-69.9062
275.25	-69.9062
275.325	-69.7813
275.4	-69.875
275.475	-69.9375
275.55	-69.8437
275.625	-69.8125
275.7	-69.9375
275.775	-69.875
275.85	-69.9062
275.925	-69.9688
276	-69.8437
276.075	-69.8437
276.15	-69.9375
276.225	-69.9062
276.3	-69.8125
276.375	-69.9375
276.45	-69.9062
276.525	-69.8125
276.6	-69.875
276.675	-69.875
276.75	-69.9062
276.825	-69.9062
276.9	-69.8437
276.975	-69.875
277.05	-69.9688
277.125	-69.8437
277.2	-69.9688
277.275	-69.9688
277.35	-69.8437
277.425	-69.9375
277.5	-69.9062
277.575	-69.7813
277.65	-69.9688
277.725	-69.9062
277.8	-69.8125
277.875	-69.9375
277.95	-69.9375
278.025	-69.9688
278.1	-69.9688
278.175	-69.8437
278.25	-69.875
278.325	-69.9688
278.4	-69.8125
278.475	-69.8437
278.55	-69.875
278.625	-70.0312
278.7	-69.875
278.775	-69.875
278.85	-69.9688
278.925	-69.9375
279	-69.9062
279.075	-69.7813
279.15	-69.9688
279.225	-69.9688
279.3	-69.8437
279.375	-69.8437
279.45	-69.8125
279.525	-70
279.6	-69.7813
279.675	-69.875
279.75	-69.9375
279.825	-69.9688
279.9	-69.875
279.975	-69.8125
280.05	-69.9688
280.125	-70
280.2	-69.7813
280.275	-69.875
280.35	-70
280.425	-69.9375
280.5	-69.8437
280.575	-69.8125
280.65	-69.9375
280.725	-70
280.8	-69.9375
280.875	-69.9375
280.95	-69.875
281.025	-69.9375
281.1	-69.9062
281.175	-69.9375
281.25	-70.0312
281.325	-69.9375
281.4	-69.875
281.475	-69.9062
281.55	-69.9375
281.625	-69.9688
281.7	-69.875
281.775	-70
281.85	-69.9688
281.925	-69.875
282	-69.9062
282.075	-70.0312
282.15	-70
282.225	-69.9062
282.3	-69.875
282.375	-70
282.45	-70
282.525	-69.9375
282.6	-69.9688
282.675	-70
282.75	-69.9375
282.825	-69.875
282.9	-69.9375
282.975	-69.9375
283.05	-69.9375
283.125	-70
283.2	-69.9062
283.275	-69.875
283.35	-70.0312
283.425	-69.9062
283.5	-69.8125
283.575	-69.9688
283.65	-70.0312
283.725	-69.9062
283.8	-69.8125
283.875	-69.9375
283.95	-69.9375
284.025	-69.8437
284.1	-69.9062
284.175	-70.0312
284.25	-69.9062
284.325	-69.9375
284.4	-70.0312
284.475	-69.9375
284.55	-69.9062
284.625	-69.9688
284.7	-69.9688
284.775	-69.9062
284.85	-69.9375
284.925	-70.0625
285	-70
285.075	-70.0312
285.15	-69.9688
285.225	-69.9062
285.3	-70
285.375	-70.0312
285.45	-69.875
285.525	-69.9688
285.6	-70.0312
285.675	-69.8437
285.75	-69.9688
285.825	-69.875
285.9	-69.9062
285.975	-69.875
286.05	-69.7813
286.125	-69.875
286.2	-69.8125
286.275	-69.6563
286.35	-69.6875
286.425	-69.6875
286.5	-69.75
286.575	-69.6563
286.65	-69.5937
286.725	-69.6875
286.8	-69.6563
286.875	-69.6875
286.95	-69.5625
287.025	-69.625
287.1	-69.6563
287.175	-69.4062
287.25	-69.5312
287.325	-69.4375
287.4	-69.5
287.475	-69.4375
287.55	-69.2813
287.625	-69.4688
287.7	-69.4062
287.775	-69.375
287.85	-69.25
287.925	-69.4062
288	-69.3438
288.075	-69.25
288.15	-69.25
288.225	-69.2813
288.3	-69.375
288.375	-69.2813
288.45	-69.1875
288.525	-69.25
288.6	-69.3438
288.675	-69.1875
288.75	-69.1563
288.825	-69.2813
288.9	-69.25
288.975	-69.2187
289.05	-69.2187
289.125	-69.25
289.2	-69.2187
289.275	-69.125
289.35	-69.2187
289.425	-69.375
289.5	-69.3438
289.575	-69.125
289.65	-69.2187
289.725	-69.3438
289.8	-69.2813
289.875	-69.1563
289.95	-69.1563
290.025	-69.2813
290.1	-69.25
290.175	-69.0625
290.25	-69.0625
290.325	-69.25
290.4	-69.1563
290.475	-69
290.55	-69
290.625	-69.25
290.7	-69.1875
290.775	-69
290.85	-69.1563
290.925	-69.1563
291	-69
291.075	-69.0937
291.15	-69.125
291.225	-69.125
291.3	-69
291.375	-69.125
291.45	-69.0937
291.525	-69.0625
291.6	-69.1563
291.675	-69
291.75	-69
291.825	-69.125
291.9	-69.0937
291.975	-69
292.05	-69.0313
292.125	-69.125
292.2	-69
292.275	-69.0313
292.35	-69.125
292.425	-69.0313
292.5	-69.0313
292.575	-69.0937
292.65	-69.125
292.725	-69.0625
292.8	-69.0625
292.875	-69.0937
292.95	-69.0313
293.025	-69
293.1	-69.0625
293.175	-69.0313
293.25	-69.0625
293.325	-69.0625
293.4	-69.0313
293.475	-69.0625
293.55	-69.0313
293.625	-68.9688
293.7	-69.0937
293.775	-69
293.85	-68.9375
293.925	-69.125
294	-68.9375
294.075	-69.0937
294.15	-69
294.225	-68.9062
294.3	-69
294.375	-69
294.45	-68.9062
294.525	-68.9688
294.6	-69
294.675	-69.125
294.75	-68.9688
294.825	-68.875
294.9	-69.0625
294.975	-69
295.05	-68.9688
295.125	-68.9375
295.2	-69
295.275	-69.0625
295.35	-68.9062
295.425	-68.9375
295.5	-69.0313
295.575	-69.0625
295.65	-68.9688
295.725	-68.9688
295.8	-69.0625
295.875	-69
295.95	-68.9688
296.025	-68.9375
296.1	-69.125
296.175	-69.0625
296.25	-68.9062
296.325	-68.9688
296.4	-69
296.475	-69.0625
296.55	-68.9688
296.625	-68.9062
296.7	-69.125
296.775	-69.0625
296.85	-68.875
296.925	-68.9688
297	-69.1875
297.075	-69.0625
297.15	-68.9375
297.225	-69
297.3	-69.1563
297.375	-69.125
297.45	-69
297.525	-69.0625
297.6	-69.125
297.675	-69
297.75	-69.0313
297.825	-69.0313
297.9	-69
297.975	-68.9375
298.05	-68.9062
298.125	-68.9688
298.2	-68.9688
298.275	-68.8438
298.35	-68.8438
298.425	-69
298.5	-68.9375
298.575	-68.8438
298.65	-68.8438
298.725	-68.9375
298.8	-68.9062
298.875	-68.7187
298.95	-68.7812
299.025	-68.875
299.1	-68.8438
299.175	-68.6563
299.25	-68.6875
299.325	-68.8438
299.4	-68.7812
299.475	-68.6563
299.55	-68.6875
299.625	-68.7812
299.7	-68.75
299.775	-68.625
299.85	-68.7187
299.925	-68.7187
300	-68.6563
300.075	-68.6563
300.15	-68.7812
300.225	-68.6875
300.3	-68.7187
300.375	-68.75
300.45	-68.6875
300.525	-68.6563
300.6	-68.6875
300.675	-68.7187
300.75	-68.5937
300.825	-68.6875
300.9	-68.6875
300.975	-68.625
301.05	-68.6875
301.125	-68.7187
301.2	-68.5625
301.275	-68.7187
301.35	-68.6563
301.425	-68.6563
301.5	-68.8125
301.575	-68.6563
301.65	-68.5937
301.725	-68.75
301.8	-68.6563
301.875	-68.6563
301.95	-68.6563
302.025	-68.625
302.1	-68.6563
302.175	-68.75
302.25	-68.6563
302.325	-68.6563
302.4	-68.7187
302.475	-68.6563
302.55	-68.75
302.625	-68.7187
302.7	-68.5937
302.775	-68.8438
302.85	-68.6875
302.925	-68.5937
303	-68.75
303.075	-68.6875
303.15	-68.7812
303.225	-68.6875
303.3	-68.5937
303.375	-68.8125
303.45	-68.6875
303.525	-68.6875
303.6	-68.625
303.675	-68.7812
303.75	-68.6875
303.825	-68.5625
303.9	-68.75
303.975	-68.7187
304.05	-68.7812
304.125	-68.5
304.2	-68.6563
304.275	-68.7812
304.35	-68.75
304.425	-68.7187
304.5	-68.5625
304.575	-68.8125
304.65	-68.6563
304.725	-68.6563
304.8	-68.6875
304.875	-68.7812
304.95	-68.8125
305.025	-68.6563
305.1	-68.625
305.175	-68.8438
305.25	-68.7812
305.325	-68.625
305.4	-68.6875
305.475	-68.8125
305.55	-68.7812
305.625	-68.6563
305.7	-68.6563
305.775	-68.75
305.85	-68.7187
305.925	-68.6875
306	-68.7812
306.075	-68.8438
306.15	-68.6563
306.225	-68.5937
306.3	-68.7812
306.375	-68.875
306.45	-68.75
306.525	-68.7187
306.6	-68.7812
306.675	-68.875
306.75	-68.7812
306.825	-68.5937
306.9	-68.8125
306.975	-68.7812
307.05	-68.6875
307.125	-68.5937
307.2	-68.8125
307.275	-68.8438
307.35	-68.6875
307.425	-68.625
307.5	-68.8125
307.575	-68.8125
307.65	-68.7187
307.725	-68.7812
307.8	-68.7812
307.875	-68.75
307.95	-68.8125
308.025	-68.8125
308.1	-68.7812
308.175	-68.8125
308.25	-68.8125
308.325	-68.7812
308.4	-68.75
308.475	-68.875
308.55	-68.8125
308.625	-68.7812
308.7	-68.9375
308.775	-68.8125
308.85	-68.7812
308.925	-68.8125
309	-68.7812
309.075	-68.7187
309.15	-68.875
309.225	-68.7812
309.3	-68.7812
309.375	-68.8438
309.45	-68.875
309.525	-68.7812
309.6	-68.8438
309.675	-68.875
309.75	-68.8125
309.825	-68.7812
309.9	-68.8438
309.975	-68.8125
310.05	-68.8438
310.125	-68.875
310.2	-68.8125
310.275	-68.8125
310.35	-68.875
310.425	-68.7812
310.5	-68.8438
310.575	-68.8438
310.65	-68.7187
310.725	-68.9062
310.8	-68.7812
310.875	-68.8438
310.95	-68.9688
311.025	-68.8125
311.1	-68.875
311.175	-68.9375
311.25	-68.8438
311.325	-68.9375
311.4	-68.7812
311.475	-68.8125
311.55	-69
311.625	-68.8125
311.7	-68.8438
311.775	-68.7812
311.85	-68.9688
311.925	-68.9688
312	-68.75
312.075	-68.9062
312.15	-68.875
312.225	-68.9062
312.3	-68.8438
312.375	-68.8438
312.45	-69
312.525	-68.75
312.6	-68.9062
312.675	-68.9062
312.75	-68.9375
312.825	-68.875
312.9	-68.7812
312.975	-68.9375
313.05	-68.9062
313.125	-68.9688
313.2	-68.7812
313.275	-68.9062
313.35	-69
313.425	-68.875
313.5	-68.7812
313.575	-68.875
313.65	-69
313.725	-68.9062
313.8	-68.75
313.875	-68.875
313.95	-69
314.025	-68.9688
314.1	-68.8438
314.175	-68.9062
314.25	-68.9375
314.325	-68.9062
314.4	-68.875
314.475	-68.9688
314.55	-68.9375
314.625	-68.875
314.7	-68.9062
314.775	-68.9688
314.85	-68.9688
314.925	-68.875
