4200 2
0	-69.875
0.075	-70.0312
0.15	-69.9375
0.225	-69.9062
0.3	-69.9062
0.375	-69.8437
0.45	-69.8437
0.525	-69.9375
0.6	-69.9062
0.675	-69.7813
0.75	-69.9062
0.825	-69.9688
0.9	-69.875
0.975	-69.9375
1.05	-70
1.125	-69.875
1.2	-69.9062
1.275	-69.875
1.35	-69.7813
1.425	-70
1.5	-69.9375
1.575	-69.9688
1.65	-70
1.725	-69.8125
1.8	-69.875
1.875	-69.9375
1.95	-69.9688
2.025	-69.9688
2.1	-69.875
2.175	-69.9688
2.25	-70
2.325	-69.9688
2.4	-70
2.475	-69.9062
2.55	-70
2.625	-69.9688
2.7	-69.8125
2.775	-69.9062
2.85	-69.9062
2.925	-69.9688
3	-69.9375
3.075	-69.9062
3.15	-70.0312
3.225	-69.9688
3.3	-69.8437
3.375	-69.9062
3.45	-69.9062
3.525	-69.9688
3.6	-69.8125
3.675	-69.9062
3.75	-70
3.825	-69.9062
3.9	-69.9062
3.975	-69.875
4.05	-70.0312
4.125	-69.9688
4.2	-69.8437
4.275	-69.9062
4.35	-69.9375
4.425	-69.9375
4.5	-69.9062
4.575	-69.8125
4.65	-69.9688
4.725	-70
4.8	-69.9062
4.875	-69.875
4.95	-69.9375
5.025	-69.8437
5.1	-69.9062
5.175	-69.9688
5.25	-70
5.325	-69.9062
5.4	-69.875
5.475	-70.0312
5.55	-70.0938
5.625	-69.9375
5.7	-69.8125
5.775	-69.9375
5.85	-70.0625
5.925	-69.875
6	-69.8125
6.075	-70
6.15	-69.9375
6.225	-69.8437
6.3	-69.9375
6.375	-70
6.45	-69.9062
6.525	-69.9375
6.6	-69.9375
6.675	-69.9375
6.75	-69.9375
6.825	-69.9062
6.9	-69.875
6.975	-69.8125
7.05	-69.9688
7.125	-69.9375
7.2	-69.8437
7.275	-69.9688
7.35	-70.0312
7.425	-69.9062
7.5	-69.8125
7.575	-70
7.65	-69.9375
7.725	-69.875
7.8	-69.9062
7.875	-69.9375
7.95	-69.9062
8.025	-69.8125
8.1	-70
8.175	-69.9375
8.25	-69.8125
8.325	-69.9688
8.4	-69.9062
8.475	-69.9062
8.55	-69.9375
8.625	-69.9688
8.7	-69.8125
8.775	-69.9375
8.85	-69.9062
8.925	-69.8437
9	-69.9375
9.075	-69.9688
9.15	-69.8437
9.225	-69.9062
9.3	-69.9375
9.375	-69.8125
9.45	-69.875
9.525	-69.9375
9.6	-69.8125
9.675	-69.9375
9.75	-69.9062
9.825	-69.875
9.9	-69.875
9.975	-69.7813
10.05	-69.875
10.125	-69.9375
10.2	-69.9062
10.275	-69.9062
10.35	-69.8437
10.425	-69.9375
10.5	-69.9375
10.575	-69.8437
10.65	-69.9375
10.725	-69.875
10.8	-69.9375
10.875	-69.9062
10.95	-69.75
11.025	-69.9375
11.1	-69.9062
11.175	-69.9375
11.25	-69.8437
11.325	-69.9062
11.4	-69.9375
11.475	-69.75
11.55	-69.8437
11.625	-70
11.7	-69.9062
11.775	-69.8125
11.85	-69.8437
11.925	-70.0312
12	-69.8125
12.075	-69.8437
12.15	-69.8437
12.225	-69.9375
12.3	-69.9062
12.375	-69.7813
12.45	-70.0312
12.525	-69.9375
12.6	-69.875
12.675	-69.8437
12.75	-69.8125
12.825	-69.9062
12.9	-69.875
12.975	-69.7813
13.05	-69.8125
13.125	-69.9375
13.2	-69.9375
13.275	-69.8125
13.35	-69.9062
13.425	-69.9062
13.5	-69.875
13.575	-69.875
13.65	-69.9375
13.725	-69.9688
13.8	-69.875
13.875	-69.8437
13.95	-69.9375
14.025	-69.9375
14.1	-69.8437
14.175	-69.9062
14.25	-69.9688
14.325	-70.0312
14.4	-69.8125
14.475	-69.8125
14.55	-69.9688
14.625	-69.9688
14.7	-69.75
14.775	-69.7813
14.85	-69.9062
14.925	-69.9375
15	-69.125
15.075	-68.5625
15.15	-68.2188
15.225	-67.875
15.3	-67.8125
15.375	-67.8438
15.45	-67.75
15.525	-67.5938
15.6	-67.625
15.675	-67.5
15.75	-67.375
15.825	-67.25
15.9	-67.3437
15.975	-67.125
16.05	-67.2188
16.125	-67.1875
16.2	-67
16.275	-66.9375
16.35	-67.0312
16.425	-66.875
16.5	-66.7187
16.575	-66.8125
16.65	-66.75
16.725	-66.5625
16.8	-66.625
16.875	-66.5625
16.95	-66.5312
17.025	-66.4688
17.1	-66.375
17.175	-66.25
17.25	-66.3125
17.325	-66.2813
17.4	-66.1875
17.475	-66.2813
17.55	-66.125
17.625	-66.0312
17.7	-66.1563
17.775	-66
17.85	-65.9375
17.925	-66
18	-65.9062
18.075	-65.9062
18.15	-65.8438
18.225	-65.75
18.3	-65.7187
18.375	-65.7813
18.45	-65.625
18.525	-65.6563
18.6	-65.6563
18.675	-65.5
18.75	-65.5
18.825	-65.5
18.9	-65.4688
18.975	-65.5312
19.05	-65.25
19.125	-65.375
19.2	-65.375
19.275	-65.2812
19.35	-65.25
19.425	-65.2187
19.5	-65.3125
19.575	-65.1875
19.65	-65
19.725	-65.0937
19.8	-64.9687
19.875	-65.0625
19.95	-64.8438
20.025	-64.875
20.1	-64.9687
20.175	-64.8438
20.25	-64.7812
20.325	-64.75
20.4	-64.9687
20.475	-64.6875
20.55	-64.6875
20.625	-64.6563
20.7	-64.7188
20.775	-64.625
20.85	-64.4063
20.925	-64.625
21	-64.6563
21.075	-64.4375
21.15	-64.4063
21.225	-64.4375
21.3	-64.375
21.375	-64.3125
21.45	-64.3438
21.525	-64.3438
21.6	-64.3125
21.675	-64.125
21.75	-64.1562
21.825	-64.3125
21.9	-64.2812
21.975	-64
22.05	-63.9687
22.125	-64.0938
22.2	-64
22.275	-64
22.35	-63.875
22.425	-63.9063
22.5	-64.0938
22.575	-63.8437
22.65	-63.7812
22.725	-63.8437
22.8	-63.875
22.875	-63.8125
22.95	-63.7188
23.025	-63.8437
23.1	-63.8125
23.175	-63.7188
23.25	-63.6875
23.325	-63.6875
23.4	-63.7812
23.475	-63.5625
23.55	-63.5312
23.625	-63.5938
23.7	-63.5625
23.775	-63.375
23.85	-63.4063
23.925	-63.5
24	-63.4375
24.075	-63.3437
24.15	-63.4375
24.225	-63.4687
24.3	-63.3437
24.375	-63.25
24.45	-63.375
24.525	-63.2188
24.6	-63.1562
24.675	-63.2813
24.75	-63.2188
24.825	-63.0938
24.9	-63.0938
24.975	-63.125
25.05	-63.125
25.125	-63
25.2	-63.0938
25.275	-63.0625
25.35	-62.9688
25.425	-63.0312
25.5	-63.0312
25.575	-62.875
25.65	-62.9375
25.725	-62.9375
25.8	-62.8125
25.875	-62.9063
25.95	-62.875
26.025	-62.75
26.1	-62.9063
26.175	-62.8125
26.25	-62.7187
26.325	-62.7813
26.4	-62.625
26.475	-62.7187
26.55	-62.7813
26.625	-62.5625
26.7	-62.6563
26.775	-62.625
26.85	-62.5
26.925	-62.5938
27	-62.5625
27.075	-62.5
27.15	-62.5312
27.225	-62.4062
27.3	-62.4687
27.375	-62.5312
27.45	-62.25
27.525	-62.4062
27.6	-62.3438
27.675	-62.4062
27.75	-62.4062
27.825	-62.2188
27.9	-62.3125
27.975	-62.4062
28.05	-62.1562
28.125	-62.1875
28.2	-62.125
28.275	-62.25
28.35	-62.1875
28.425	-62.0625
28.5	-62.2813
28.575	-62.1562
28.65	-62.1562
28.725	-61.9688
28.8	-62.0625
28.875	-62.125
28.95	-61.9375
29.025	-62.0313
29.1	-61.9688
29.175	-62.0937
29.25	-61.875
29.325	-61.9062
29.4	-62.0313
29.475	-61.9062
29.55	-61.875
29.625	-61.875
29.7	-61.9062
29.775	-61.9062
29.85	-61.75
29.925	-61.8125
30	-61.8437
30.075	-61.9062
30.15	-61.7188
30.225	-61.7188
30.3	-61.75
30.375	-61.7812
30.45	-61.7188
30.525	-61.6563
30.6	-61.625
30.675	-61.625
30.75	-61.5625
30.825	-61.5937
30.9	-61.6875
30.975	-61.5625
31.05	-61.5312
31.125	-61.5937
31.2	-61.625
31.275	-61.5312
31.35	-61.4688
31.425	-61.4688
31.5	-61.5937
31.575	-61.5312
31.65	-61.4688
31.725	-61.5
31.8	-61.5
31.875	-61.375
31.95	-61.3438
32.025	-61.4063
32.1	-61.3125
32.175	-61.2812
32.25	-61.3438
32.325	-61.2812
32.4	-61.2187
32.475	-61.2812
32.55	-61.25
32.625	-61.25
32.7	-61.125
32.775	-61.25
32.85	-61.2187
32.925	-61.1563
33	-61.1563
33.075	-61.1875
33.15	-61.0938
33.225	-61.125
33.3	-61.1875
33.375	-61.0312
33.45	-60.9687
33.525	-61.0938
33.6	-60.9375
33.675	-60.9687
33.75	-61.0312
33.825	-60.9375
33.9	-60.8438
33.975	-61
34.05	-60.9063
34.125	-60.7813
34.2	-60.9063
34.275	-60.8438
34.35	-60.75
34.425	-60.875
34.5	-60.875
34.575	-60.7813
34.65	-60.875
34.725	-60.75
34.8	-60.7187
34.875	-60.8438
34.95	-60.7187
35.025	-60.75
35.1	-60.7813
35.175	-60.6875
35.25	-60.8438
35.325	-60.625
35.4	-60.5625
35.475	-60.6875
35.55	-60.5625
35.625	-60.6562
35.7	-60.5
35.775	-60.5
35.85	-60.5938
35.925	-60.5
36	-60.5625
36.075	-60.5625
36.15	-60.6562
36.225	-60.5
36.3	-60.4062
36.375	-60.5
36.45	-60.5
36.525	-60.4375
36.6	-60.3437
36.675	-60.4375
36.75	-60.5
36.825	-60.3125
36.9	-60.375
36.975	-60.3125
37.05	-60.4687
37.125	-60.375
37.2	-60.3125
37.275	-60.375
37.35	-60.375
37.425	-60.25
37.5	-60.1562
37.575	-60.3437
37.65	-60.2813
37.725	-60.125
37.8	-60.25
37.875	-60.3437
37.95	-60.2188
38.025	-60.1562
38.1	-60.1875
38.175	-60.25
38.25	-60.2188
38.325	-60.0625
38.4	-60.0313
38.475	-60.2813
38.55	-60.1562
38.625	-60.125
38.7	-60.0313
38.775	-60.1562
38.85	-60.0313
38.925	-59.9375
39	-60.0313
39.075	-60.1875
39.15	-60.0313
39.225	-59.9063
39.3	-60.0313
39.375	-60
39.45	-60
39.525	-59.8125
39.6	-59.9688
39.675	-60.0625
39.75	-59.9375
39.825	-59.75
39.9	-59.9063
39.975	-59.9375
40.05	-59.8437
40.125	-59.7812
40.2	-59.8437
40.275	-59.8437
40.35	-59.7812
40.425	-59.8125
40.5	-59.8125
40.575	-59.8125
40.65	-59.8125
40.725	-59.8125
40.8	-59.75
40.875	-59.75
40.95	-59.8125
41.025	-59.7188
41.1	-59.6563
41.175	-59.8437
41.25	-59.625
41.325	-59.5625
41.4	-59.7188
41.475	-59.7188
41.55	-59.6563
41.625	-59.6563
41.7	-59.6875
41.775	-59.6563
41.85	-59.5625
41.925	-59.625
42	-59.5937
42.075	-59.5937
42.15	-59.5937
42.225	-59.625
42.3	-59.5625
42.375	-59.5312
42.45	-59.5625
42.525	-59.5312
42.6	-59.5312
42.675	-59.5312
42.75	-59.5312
42.825	-59.4687
42.9	-59.5312
42.975	-59.4687
43.05	-59.4687
43.125	-59.5312
43.2	-59.4063
43.275	-59.4063
43.35	-59.5312
43.425	-59.4063
43.5	-59.2812
43.575	-59.375
43.65	-59.4063
43.725	-59.375
43.8	-59.4063
43.875	-59.25
43.95	-59.3438
44.025	-59.375
44.1	-59.2187
44.175	-59.3125
44.25	-59.3438
44.325	-59.3438
44.4	-59.2187
44.475	-59.1563
44.55	-59.25
44.625	-59.1875
44.7	-59.1875
44.775	-59.125
44.85	-59.25
44.925	-59.2812
45	-59.125
45.075	-59.2187
45.15	-59.125
45.225	-59.25
45.3	-59.0313
45.375	-59.25
45.45	-59.125
45.525	-59.2187
45.6	-59.0313
45.675	-59.125
45.75	-59.25
45.825	-59.1875
45.9	-59.0938
45.975	-59
46.05	-59.1875
46.125	-59.1875
46.2	-59.0313
46.275	-59.0313
46.35	-59.2187
46.425	-59.0938
46.5	-58.9687
46.575	-58.9375
46.65	-59.0625
46.725	-59.1563
46.8	-59.0625
46.875	-59
46.95	-59.0625
47.025	-58.9687
47.1	-58.9375
47.175	-59.0313
47.25	-59.0313
47.325	-58.9375
47.4	-58.8438
47.475	-58.9687
47.55	-59.0625
47.625	-58.9375
47.7	-58.75
47.775	-58.9375
47.85	-59.0313
47.925	-58.9062
48	-58.7813
48.075	-58.9062
48.15	-59
48.225	-58.9062
48.3	-58.7187
48.375	-58.8125
48.45	-58.9687
48.525	-58.75
48.6	-58.7187
48.675	-58.8125
48.75	-58.9062
48.825	-58.75
48.9	-58.625
48.975	-58.8125
49.05	-58.8438
49.125	-58.7187
49.2	-58.75
49.275	-58.8125
49.35	-58.7187
49.425	-58.75
49.5	-58.7813
49.575	-58.75
49.65	-58.6562
49.725	-58.75
49.8	-58.7813
49.875	-58.6562
49.95	-58.75
50.025	-58.7187
50.1	-58.625
50.175	-58.6562
50.25	-58.6875
50.325	-58.6562
50.4	-58.5938
50.475	-58.6875
50.55	-58.625
50.625	-58.625
50.7	-58.5625
50.775	-58.5625
50.85	-58.625
50.925	-58.6875
51	-58.5
51.075	-58.625
51.15	-58.6562
51.225	-58.5625
51.3	-58.5938
51.375	-58.4375
51.45	-58.5313
51.525	-58.5313
51.6	-58.4688
51.675	-58.5625
51.75	-58.5625
51.825	-58.4688
51.9	-58.6562
51.975	-58.4688
52.05	-58.4062
52.125	-58.5625
52.2	-58.5
52.275	-58.4375
52.35	-58.5
52.425	-58.5
52.5	-58.5625
52.575	-58.4062
52.65	-58.4688
52.725	-58.5
52.8	-58.4688
52.875	-58.4688
52.95	-58.4062
53.025	-58.5313
53.1	-58.5313
53.175	-58.3437
53.25	-58.4688
53.325	-58.4688
53.4	-58.3437
53.475	-58.375
53.55	-58.2813
53.625	-58.4062
53.7	-58.375
53.775	-58.25
53.85	-58.375
53.925	-58.3437
54	-58.3437
54.075	-58.1875
54.15	-58.375
54.225	-58.4062
54.3	-58.25
54.375	-58.25
54.45	-58.2813
54.525	-58.3437
54.6	-58.3125
54.675	-58.2813
54.75	-58.1875
54.825	-58.25
54.9	-58.3125
54.975	-58.2813
55.05	-58.2188
55.125	-58.2188
55.2	-58.1562
55.275	-58.1562
55.35	-58.2188
55.425	-58.2813
55.5	-58.2188
55.575	-58
55.65	-58.125
55.725	-58.25
55.8	-58.2188
55.875	-58.0312
55.95	-58.0937
56.025	-58.1875
56.1	-58.1562
56.175	-58.125
56.25	-58.0937
56.325	-58.1562
56.4	-58.125
56.475	-58.0937
56.55	-58.0312
56.625	-58.0625
56.7	-58.125
56.775	-58.0625
56.85	-58.0625
56.925	-58.125
57	-58.0625
57.075	-57.9688
57.15	-58.0625
57.225	-58.0937
57.3	-58
57.375	-58
57.45	-58.0625
57.525	-58.0625
57.6	-57.9375
57.675	-58
57.75	-58
57.825	-58
57.9	-58.0937
57.975	-57.9688
58.05	-57.9063
58.125	-58.0312
58.2	-58
58.275	-57.9375
58.35	-57.9688
58.425	-58.0312
58.5	-57.9063
58.575	-57.9063
58.65	-57.9375
58.725	-57.9688
58.8	-57.9063
58.875	-57.9063
58.95	-58
59.025	-57.9688
59.1	-57.8125
59.175	-57.875
59.25	-57.9375
59.325	-57.8437
59.4	-57.9375
59.475	-57.9688
59.55	-57.8125
59.625	-57.9063
59.7	-57.9375
59.775	-57.8125
59.85	-57.875
59.925	-57.8125
60	-57.8437
60.075	-57.9688
60.15	-57.7812
60.225	-57.8125
60.3	-57.9063
60.375	-57.8125
60.45	-57.8125
60.525	-57.8437
60.6	-57.8125
60.675	-57.9063
60.75	-57.6875
60.825	-57.7812
60.9	-57.8437
60.975	-57.7812
61.05	-57.75
61.125	-57.7812
61.2	-57.7812
61.275	-57.875
61.35	-57.6875
61.425	-57.75
61.5	-57.9063
61.575	-57.7812
61.65	-57.7812
61.725	-57.6875
61.8	-57.875
61.875	-57.7812
61.95	-57.625
62.025	-57.75
62.1	-57.7188
62.175	-57.7812
62.25	-57.5938
62.325	-57.6875
62.4	-57.7812
62.475	-57.6875
62.55	-57.7188
62.625	-57.6563
62.7	-57.7812
62.775	-57.7812
62.85	-57.6563
62.925	-57.625
63	-57.75
63.075	-57.7812
63.15	-57.5938
63.225	-57.7188
63.3	-57.6875
63.375	-57.625
63.45	-57.625
63.525	-57.6875
63.6	-57.7812
63.675	-57.625
63.75	-57.5938
63.825	-57.6875
63.9	-57.75
63.975	-57.6563
64.05	-57.4375
64.125	-57.6563
64.2	-57.6875
64.275	-57.5625
64.35	-57.5312
64.425	-57.7188
64.5	-57.7188
64.575	-57.5312
64.65	-57.5
64.725	-57.625
64.8	-57.7812
64.875	-57.5312
64.95	-57.5
65.025	-57.5625
65.1	-57.6563
65.175	-57.4687
65.25	-57.5312
65.325	-57.6563
65.4	-57.625
65.475	-57.5
65.55	-57.5625
65.625	-57.625
65.7	-57.5312
65.775	-57.4687
65.85	-57.5625
65.925	-57.5625
66	-57.4687
66.075	-57.5
66.15	-57.5312
66.225	-57.5
66.3	-57.4687
66.375	-57.4375
66.45	-57.4687
66.525	-57.4687
66.6	-57.5
66.675	-57.4063
66.75	-57.4063
66.825	-57.5312
66.9	-57.5312
66.975	-57.3125
67.05	-57.4375
67.125	-57.5312
67.2	-57.4063
67.275	-57.375
67.35	-57.5
67.425	-57.4375
67.5	-57.4375
67.575	-57.5312
67.65	-57.375
67.725	-57.4375
67.8	-57.4687
67.875	-57.4063
67.95	-57.5
68.025	-57.5312
68.1	-57.375
68.175	-57.5312
68.25	-57.4375
68.325	-57.4063
68.4	-57.4063
68.475	-57.4063
68.55	-57.4375
68.625	-57.4063
68.7	-57.375
68.775	-57.5312
68.85	-57.4375
68.925	-57.2812
69	-57.4375
69.075	-57.4063
69.15	-57.3438
69.225	-57.4063
69.3	-57.3125
69.375	-57.4063
69.45	-57.3438
69.525	-57.2812
69.6	-57.3438
69.675	-57.25
69.75	-57.375
69.825	-57.25
69.9	-57.2187
69.975	-57.4375
70.05	-57.1875
70.125	-57.2812
70.2	-57.2187
70.275	-57.375
70.35	-57.3438
70.425	-57.2812
70.5	-57.4063
70.575	-57.3125
70.65	-57.375
70.725	-57.2187
70.8	-57.3125
70.875	-57.3438
70.95	-57.2187
71.025	-57.25
71.1	-57.2812
71.175	-57.3125
71.25	-57.3438
71.325	-57.1875
71.4	-57.25
71.475	-57.2187
71.55	-57.3125
71.625	-57.25
71.7	-57.2187
71.775	-57.25
71.85	-57.1875
71.925	-57.25
72	-57.3438
72.075	-57.2812
72.15	-57.1875
72.225	-57.125
72.3	-57.2812
72.375	-57.3438
72.45	-57.1875
72.525	-57.0938
72.6	-57.2187
72.675	-57.3125
72.75	-57.2187
72.825	-57.0938
72.9	-57.125
72.975	-57.25
73.05	-57.1562
73.125	-57.0938
73.2	-57.125
73.275	-57.25
73.35	-57.125
73.425	-57
73.5	-57.2187
73.575	-57.2812
73.65	-57.0938
73.725	-57
73.8	-57.2187
73.875	-57.2187
73.95	-57.0625
74.025	-57.0938
74.1	-57.2187
74.175	-57.1562
74.25	-57
74.325	-57.125
74.4	-57.1562
74.475	-57.125
74.55	-57
74.625	-57.1875
74.7	-57.0938
74.775	-57.0625
74.85	-57.1562
74.925	-57.0938
75	-57.0625
75.075	-57
75.15	-57.0313
75.225	-56.9375
75.3	-57
75.375	-57.0313
75.45	-56.9062
75.525	-57
75.6	-57.0313
75.675	-56.875
75.75	-56.9375
75.825	-57
75.9	-56.7813
75.975	-57
76.05	-56.9687
76.125	-56.8125
76.2	-56.9375
76.275	-56.9062
76.35	-56.875
76.425	-56.9375
76.5	-56.875
76.575	-56.9062
76.65	-56.9062
76.725	-56.7813
76.8	-56.9687
76.875	-56.875
76.95	-56.7813
77.025	-56.8125
77.1	-56.8438
77.175	-56.6875
77.25	-56.875
77.325	-56.8125
77.4	-56.7813
77.475	-56.7813
77.55	-56.7188
77.625	-56.75
77.7	-56.7813
77.775	-56.75
77.85	-56.9375
77.925	-56.75
78	-56.7813
78.075	-56.7813
78.15	-56.9062
78.225	-56.7813
78.3	-56.5625
78.375	-56.7813
78.45	-56.8125
78.525	-56.7188
78.6	-56.7188
78.675	-56.6875
78.75	-56.9062
78.825	-56.6562
78.9	-56.6562
78.975	-56.7188
79.05	-56.7813
79.125	-56.8438
79.2	-56.5625
79.275	-56.6875
79.35	-56.8438
79.425	-56.5937
79.5	-56.625
79.575	-56.7813
79.65	-56.75
79.725	-56.5937
79.8	-56.5
79.875	-56.7188
79.95	-56.8125
80.025	-56.5625
80.1	-56.4688
80.175	-56.625
80.25	-56.7813
80.325	-56.6562
80.4	-56.5
80.475	-56.5937
80.55	-56.6562
80.625	-56.625
80.7	-56.5937
80.775	-56.6875
80.85	-56.625
80.925	-56.5625
81	-56.5625
81.075	-56.5313
81.15	-56.5625
81.225	-56.5625
81.3	-56.5937
81.375	-56.5625
81.45	-56.5937
81.525	-56.5625
81.6	-56.4688
81.675	-56.5313
81.75	-56.5625
81.825	-56.5
81.9	-56.4375
81.975	-56.5
82.05	-56.5937
82.125	-56.5
82.2	-56.4688
82.275	-56.5937
82.35	-56.5625
82.425	-56.4375
82.5	-56.5313
82.575	-56.5625
82.65	-56.5
82.725	-56.4062
82.8	-56.5313
82.875	-56.4688
82.95	-56.4062
83.025	-56.5
83.1	-56.4688
83.175	-56.375
83.25	-56.375
83.325	-56.4375
83.4	-56.4688
83.475	-56.4375
83.55	-56.5
83.625	-56.5
83.7	-56.4375
83.775	-56.5
83.85	-56.375
83.925	-56.4062
84	-56.5
84.075	-56.4062
84.15	-56.3437
84.225	-56.5
84.3	-56.375
84.375	-56.4062
84.45	-56.4688
84.525	-56.3437
84.6	-56.5
84.675	-56.5
84.75	-56.375
84.825	-56.5
84.9	-56.4375
84.975	-56.4062
85.05	-56.4375
85.125	-56.4062
85.2	-56.4375
85.275	-56.4688
85.35	-56.4688
85.425	-56.5
85.5	-56.375
85.575	-56.2812
85.65	-56.4375
85.725	-56.4062
85.8	-56.2812
85.875	-56.2812
85.95	-56.3125
86.025	-56.4062
86.1	-56.375
86.175	-56.2188
86.25	-56.375
86.325	-56.375
86.4	-56.2812
86.475	-56.25
86.55	-56.25
86.625	-56.4062
86.7	-56.1563
86.775	-56.2188
86.85	-56.25
86.925	-56.3437
87	-56.2812
87.075	-56.0937
87.15	-56.3437
87.225	-56.2812
87.3	-56.2188
87.375	-56.2188
87.45	-56.2188
87.525	-56.4062
87.6	-56.1563
87.675	-56.1563
87.75	-56.3437
87.825	-56.2812
87.9	-56.125
87.975	-56.1563
88.05	-56.375
88.125	-56.3125
88.2	-56.0625
88.275	-56.0937
88.35	-56.2812
88.425	-56.2812
88.5	-56.125
88.575	-56.0937
88.65	-56.2188
88.725	-56.25
88.8	-56.1875
88.875	-56.0937
88.95	-56.125
89.025	-56.1563
89.1	-56.125
89.175	-56.125
89.25	-56.1563
89.325	-56.25
89.4	-56.1563
89.475	-56.0937
89.55	-56.1563
89.625	-56.2188
89.7	-56.0937
89.775	-56.0625
89.85	-56.1563
89.925	-56.25
90	-56.125
90.075	-56.1563
90.15	-56.0937
90.225	-56.1875
90.3	-56.1563
90.375	-56.0625
90.45	-56.2188
90.525	-56.125
90.6	-56.0625
90.675	-56.0937
90.75	-56.2188
90.825	-56.1875
90.9	-56
90.975	-56.125
91.05	-56.125
91.125	-56.0312
91.2	-56.0625
91.275	-56.125
91.35	-56.0625
91.425	-56.125
91.5	-56.125
91.575	-56.0625
91.65	-56.1563
91.725	-56.125
91.8	-56.0625
91.875	-56.1563
91.95	-56.0937
92.025	-56
92.1	-56.125
92.175	-56.0625
92.25	-56.0312
92.325	-56.1563
92.4	-56.125
92.475	-56.0625
92.55	-56.0312
92.625	-56.125
92.7	-56
92.775	-56.125
92.85	-56.1563
92.925	-56.0312
93	-56.125
93.075	-56.1563
93.15	-56.0312
93.225	-56.125
93.3	-56.0625
93.375	-56.0625
93.45	-56.125
93.525	-56.0937
93.6	-56.1563
93.675	-56.0625
93.75	-56
93.825	-56.1875
93.9	-56.125
93.975	-56.0312
94.05	-56.0625
94.125	-56.0312
94.2	-56.125
94.275	-56.0312
94.35	-56.0312
94.425	-56.125
94.5	-56.0937
94.575	-56.0625
94.65	-56.0312
94.725	-56.0937
94.8	-56.1563
94.875	-55.9375
94.95	-56
95.025	-56.0625
95.1	-56.0625
95.175	-56.0937
95.25	-55.9063
95.325	-56.0937
95.4	-56.0312
95.475	-55.9688
95.55	-55.9688
95.625	-56.0312
95.7	-56.125
95.775	-55.9688
95.85	-56
95.925	-56.0312
96	-56
96.075	-56.0312
96.15	-56
96.225	-56.0312
96.3	-56.0625
96.375	-56.0312
96.45	-55.9375
96.525	-56.0312
96.6	-55.9688
96.675	-55.9688
96.75	-55.9063
96.825	-56.0625
96.9	-56
96.975	-55.8437
97.05	-55.8125
97.125	-56.0625
97.2	-55.9688
97.275	-55.9063
97.35	-55.9063
97.425	-56.0312
97.5	-56.0937
97.575	-55.9063
97.65	-55.8125
97.725	-56
97.8	-55.9375
97.875	-55.875
97.95	-55.8437
98.025	-56
98.1	-55.9375
98.175	-55.875
98.25	-55.7812
98.325	-55.9375
98.4	-55.9063
98.475	-55.7187
98.55	-55.8437
98.625	-55.9375
98.7	-55.8437
98.775	-55.6875
98.85	-55.875
98.925	-55.9063
99	-55.8125
99.075	-55.8125
99.15	-55.9375
99.225	-55.8437
99.3	-55.7812
99.375	-55.8125
99.45	-55.8437
99.525	-55.75
99.6	-55.8125
99.675	-55.8437
99.75	-55.75
99.825	-55.8125
99.9	-55.875
99.975	-55.75
100.05	-55.75
100.125	-55.8125
100.2	-55.8125
100.275	-55.8125
100.35	-55.8437
100.425	-55.7812
100.5	-55.7812
100.575	-55.8125
100.65	-55.7812
100.725	-55.7812
100.8	-55.9063
100.875	-55.7812
100.95	-55.7812
101.025	-55.7812
101.1	-55.8437
101.175	-55.75
101.25	-55.75
101.325	-55.7812
101.4	-55.7187
101.475	-55.7187
101.55	-55.8125
101.625	-55.7187
101.7	-55.75
101.775	-55.8125
101.85	-55.7187
101.925	-55.8437
102	-55.8437
102.075	-55.7812
102.15	-55.75
102.225	-55.75
102.3	-55.8437
102.375	-55.875
102.45	-55.6875
102.525	-55.7812
102.6	-55.7812
102.675	-55.7812
102.75	-55.7812
102.825	-55.625
102.9	-55.9063
102.975	-55.8125
103.05	-55.625
103.125	-55.7812
103.2	-55.7812
103.275	-55.8437
103.35	-55.6875
103.425	-55.7187
103.5	-55.8437
103.575	-55.8125
103.65	-55.8125
103.725	-55.625
103.8	-55.8437
103.875	-55.8125
103.95	-55.6875
104.025	-55.7187
104.1	-55.7812
104.175	-55.7812
104.25	-55.625
104.325	-55.7187
104.4	-55.9063
104.475	-55.75
104.55	-55.6563
104.625	-55.7812
104.7	-55.8437
104.775	-55.7812
104.85	-55.6563
104.925	-55.6875
105	-55.875
105.075	-55.875
105.15	-55.7187
105.225	-55.6875
105.3	-55.8125
105.375	-55.7812
105.45	-55.7187
105.525	-55.6875
105.6	-55.7812
105.675	-55.6875
105.75	-55.6563
105.825	-55.75
105.9	-55.7812
105.975	-55.6563
106.05	-55.6563
106.125	-55.625
106.2	-55.7812
106.275	-55.5938
106.35	-55.6875
106.425	-55.75
106.5	-55.7812
106.575	-55.625
106.65	-55.6875
106.725	-55.7187
106.8	-55.6563
106.875	-55.6563
106.95	-55.6875
107.025	-55.6563
107.1	-55.6563
107.175	-55.625
107.25	-55.6563
107.325	-55.7187
107.4	-55.625
107.475	-55.6563
107.55	-55.6563
107.625	-55.5625
107.7	-55.6563
107.775	-55.6875
107.85	-55.625
107.925	-55.625
108	-55.7187
108.075	-55.5938
108.15	-55.6563
108.225	-55.6875
108.3	-55.7187
108.375	-55.6563
108.45	-55.6563
108.525	-55.625
108.6	-55.6563
108.675	-55.625
108.75	-55.7812
108.825	-55.6563
108.9	-55.5938
108.975	-55.7187
109.05	-55.6563
109.125	-55.5312
109.2	-55.625
109.275	-55.5938
109.35	-55.5625
109.425	-55.6563
109.5	-55.6563
109.575	-55.5938
109.65	-55.5938
109.725	-55.6563
109.8	-55.5
109.875	-55.6875
109.95	-55.6563
110.025	-55.5312
110.1	-55.6875
110.175	-55.5312
110.25	-55.5938
110.325	-55.5938
110.4	-55.5938
110.475	-55.6563
110.55	-55.6563
110.625	-55.5625
110.7	-55.6875
110.775	-55.6875
110.85	-55.6875
110.925	-55.625
111	-55.5312
111.075	-55.6563
111.15	-55.5312
111.225	-55.5312
111.3	-55.5625
111.375	-55.5312
111.45	-55.7187
111.525	-55.4687
111.6	-55.5938
111.675	-55.625
111.75	-55.5
111.825	-55.5625
111.9	-55.4063
111.975	-55.7187
112.05	-55.5625
112.125	-55.5
112.2	-55.5
112.275	-55.5938
112.35	-55.5625
112.425	-55.4063
112.5	-55.5312
112.575	-55.5312
112.65	-55.5938
112.725	-55.5
112.8	-55.5312
112.875	-55.5938
112.95	-55.625
113.025	-55.4687
113.1	-55.4375
113.175	-55.5312
113.25	-55.5625
113.325	-55.4375
113.4	-55.5
113.475	-55.5625
113.55	-55.4375
113.625	-55.375
113.7	-55.5312
113.775	-55.5312
113.85	-55.4063
113.925	-55.4063
114	-55.5
114.075	-55.6563
114.15	-55.5
114.225	-55.4063
114.3	-55.5
114.375	-55.5938
114.45	-55.4687
114.525	-55.3125
114.6	-55.4687
114.675	-55.5312
114.75	-55.4375
114.825	-55.3438
114.9	-55.4063
114.975	-55.5625
115.05	-55.4375
115.125	-55.375
115.2	-55.4375
115.275	-55.5
115.35	-55.375
115.425	-55.3125
115.5	-55.5938
115.575	-55.4687
115.65	-55.3438
115.725	-55.4375
115.8	-55.5
115.875	-55.4375
115.95	-55.4063
116.025	-55.4375
116.1	-55.4375
116.175	-55.3438
116.25	-55.4375
116.325	-55.4063
116.4	-55.375
116.475	-55.5
116.55	-55.4687
116.625	-55.375
116.7	-55.4687
116.775	-55.4375
116.85	-55.3438
116.925	-55.4375
117	-55.4687
117.075	-55.4063
117.15	-55.4687
117.225	-55.5312
117.3	-55.4063
117.375	-55.375
117.45	-55.4375
117.525	-55.4687
117.6	-55.3438
117.675	-55.4375
117.75	-55.4063
117.825	-55.375
117.9	-55.375
117.975	-55.4687
118.05	-55.3438
118.125	-55.5312
118.2	-55.375
118.275	-55.3438
118.35	-55.4375
118.425	-55.4063
118.5	-55.4063
118.575	-55.4687
118.65	-55.375
118.725	-55.4375
118.8	-55.4375
118.875	-55.3438
118.95	-55.5312
119.025	-55.375
119.1	-55.3438
119.175	-55.4687
119.25	-55.3125
119.325	-55.4687
119.4	-55.3438
119.475	-55.4063
119.55	-55.5312
119.625	-55.375
119.7	-55.375
119.775	-55.4063
119.85	-55.4375
119.925	-55.5312
120	-55.375
120.075	-55.4375
120.15	-55.5312
120.225	-55.5312
120.3	-55.3125
120.375	-55.3438
120.45	-55.5
120.525	-55.3125
120.6	-55.3438
120.675	-55.3438
120.75	-55.4687
120.825	-55.4063
120.9	-55.2187
120.975	-55.4063
121.05	-55.375
121.125	-55.3125
121.2	-55.3125
121.275	-55.375
121.35	-55.4375
121.425	-55.2813
121.5	-55.3438
121.575	-55.4063
121.65	-55.375
121.725	-55.3438
121.8	-55.2187
121.875	-55.375
121.95	-55.5312
122.025	-55.375
122.1	-55.2813
122.175	-55.2813
122.25	-55.375
122.325	-55.375
122.4	-55.375
122.475	-55.375
122.55	-55.375
122.625	-55.375
122.7	-55.25
122.775	-55.25
122.85	-55.4063
122.925	-55.4063
123	-55.25
123.075	-55.3438
123.15	-55.4687
123.225	-55.3438
123.3	-55.25
123.375	-55.4687
123.45	-55.4063
123.525	-55.2813
123.6	-55.25
123.675	-55.3125
123.75	-55.4375
123.825	-55.3438
123.9	-55.3125
123.975	-55.375
124.05	-55.4063
124.125	-55.25
124.2	-55.3125
124.275	-55.4687
124.35	-55.375
124.425	-55.2187
124.5	-55.3125
124.575	-55.4063
124.65	-55.2813
124.725	-55.3438
124.8	-55.3438
124.875	-55.25
124.95	-55.1875
125.025	-55.2813
125.1	-55.25
125.175	-55.25
125.25	-55.375
125.325	-55.3125
125.4	-55.25
125.475	-55.3125
125.55	-55.2187
125.625	-55.25
125.7	-55.3438
125.775	-55.25
125.85	-55.2187
125.925	-55.3125
126	-55.2813
126.075	-55.3125
126.15	-55.4063
126.225	-55.2813
126.3	-55.3125
126.375	-55.375
126.45	-55.1875
126.525	-55.3125
126.6	-55.3438
126.675	-55.25
126.75	-55.3125
126.825	-55.375
126.9	-55.2813
126.975	-55.3125
127.05	-55.2187
127.125	-55.3438
127.2	-55.2813
127.275	-55.1562
127.35	-55.4063
127.425	-55.3125
127.5	-55.1562
127.575	-55.2813
127.65	-55.25
127.725	-55.375
127.8	-55.3438
127.875	-55.2187
127.95	-55.375
128.025	-55.375
128.1	-55.2813
128.175	-55.3438
128.25	-55.25
128.325	-55.4687
128.4	-55.25
128.475	-55.3125
128.55	-55.4063
128.625	-55.25
128.7	-55.375
128.775	-55.125
128.85	-55.3125
128.925	-55.375
129	-55.375
129.075	-55.25
129.15	-55.375
129.225	-55.5
129.3	-55.3438
129.375	-55.3125
129.45	-55.2813
129.525	-55.4063
129.6	-55.3438
129.675	-55.25
129.75	-55.3125
129.825	-55.3438
129.9	-55.375
129.975	-55.3438
130.05	-55.4687
130.125	-55.4375
130.2	-55.2813
130.275	-55.1875
130.35	-55.3125
130.425	-55.5312
130.5	-55.375
130.575	-55.2813
130.65	-55.2813
130.725	-55.4375
130.8	-55.375
130.875	-55.3125
130.95	-55.3125
131.025	-55.4063
131.1	-55.375
131.175	-55.4063
131.25	-55.3438
131.325	-55.375
131.4	-55.375
131.475	-55.4063
131.55	-55.4063
131.625	-55.4375
131.7	-55.4063
131.775	-55.3438
131.85	-55.4063
131.925	-55.375
132	-55.375
132.075	-55.3125
132.15	-55.3438
132.225	-55.4375
132.3	-55.4063
132.375	-55.3125
132.45	-55.5
132.525	-55.5312
132.6	-55.4063
132.675	-55.4063
132.75	-55.5312
132.825	-55.4375
132.9	-55.3438
132.975	-55.4687
133.05	-55.5312
133.125	-55.4063
133.2	-55.3125
133.275	-55.4375
133.35	-55.4687
133.425	-55.4063
133.5	-55.4375
133.575	-55.5312
133.65	-55.4375
133.725	-55.4375
133.8	-55.4687
133.875	-55.4063
133.95	-55.4063
134.025	-55.5312
134.1	-55.375
134.175	-55.4063
134.25	-55.4687
134.325	-55.4063
134.4	-55.4063
134.475	-55.5625
134.55	-55.4063
134.625	-55.4687
134.7	-55.5312
134.775	-55.375
134.85	-55.4375
134.925	-55.5312
135	-55.4687
135.075	-55.5312
135.15	-55.5
135.225	-55.4687
135.3	-55.5312
135.375	-55.5
135.45	-55.4375
135.525	-55.5312
135.6	-55.5312
135.675	-55.5312
135.75	-55.5
135.825	-55.4063
135.9	-55.5938
135.975	-55.5
136.05	-55.5
136.125	-55.5312
136.2	-55.4375
136.275	-55.5625
136.35	-55.375
136.425	-55.5
136.5	-55.5312
136.575	-55.4687
136.65	-55.4375
136.725	-55.4375
136.8	-55.5625
136.875	-55.375
136.95	-55.4687
137.025	-55.5
137.1	-55.5625
137.175	-55.5312
137.25	-55.4063
137.325	-55.5312
137.4	-55.5312
137.475	-55.5312
137.55	-55.4063
137.625	-55.5312
137.7	-55.6563
137.775	-55.5
137.85	-55.4063
137.925	-55.5938
138	-55.6563
138.075	-55.5312
138.15	-55.4687
138.225	-55.5312
138.3	-55.5312
138.375	-55.5
138.45	-55.5312
138.525	-55.5938
138.6	-55.5312
138.675	-55.4375
138.75	-55.4063
138.825	-55.5625
138.9	-55.625
138.975	-55.5625
139.05	-55.5312
139.125	-55.625
139.2	-55.7187
139.275	-55.5625
139.35	-55.5
139.425	-55.625
139.5	-55.6875
139.575	-55.5
139.65	-55.5
139.725	-55.6875
139.8	-55.5625
139.875	-55.5
139.95	-55.6563
140.025	-55.625
140.1	-55.5625
140.175	-55.5312
140.25	-55.5312
140.325	-55.5625
140.4	-55.5625
140.475	-55.5625
140.55	-55.5938
140.625	-55.5312
140.7	-55.5625
140.775	-55.625
140.85	-55.5625
140.925	-55.5312
141	-55.5625
141.075	-55.5625
141.15	-55.5
141.225	-55.625
141.3	-55.625
141.375	-55.5
141.45	-55.5625
141.525	-55.6563
141.6	-55.5
141.675	-55.5312
141.75	-55.6563
141.825	-55.5938
141.9	-55.5625
141.975	-55.625
142.05	-55.5938
142.125	-55.5312
142.2	-55.5938
142.275	-55.5938
142.35	-55.5312
142.425	-55.5625
142.5	-55.625
142.575	-55.5625
142.65	-55.5625
142.725	-55.5
142.8	-55.5
142.875	-55.5
142.95	-55.5938
143.025	-55.5
143.1	-55.5625
143.175	-55.6563
143.25	-55.5312
143.325	-55.6563
143.4	-55.5625
143.475	-55.5312
143.55	-55.625
143.625	-55.5938
143.7	-55.5938
143.775	-55.7187
143.85	-55.5
143.925	-55.5312
144	-55.5625
144.075	-55.5
144.15	-55.5938
144.225	-55.5625
144.3	-55.625
144.375	-55.6563
144.45	-55.5312
144.525	-55.5625
144.6	-55.5938
144.675	-55.625
144.75	-55.6875
144.825	-55.5625
144.9	-55.625
144.975	-55.5938
145.05	-55.5625
145.125	-55.5312
145.2	-55.6563
145.275	-55.7812
145.35	-55.5625
145.425	-55.6563
145.5	-55.5938
145.575	-55.7187
145.65	-55.625
145.725	-55.5312
145.8	-55.7812
145.875	-55.6875
145.95	-55.625
146.025	-55.625
146.1	-55.7187
146.175	-55.6875
146.25	-55.6563
146.325	-55.5938
146.4	-55.625
146.475	-55.6875
146.55	-55.625
146.625	-55.7187
146.7	-55.7187
146.775	-55.6875
146.85	-55.5312
146.925	-55.5625
147	-55.7812
147.075	-55.7187
147.15	-55.6563
147.225	-55.5938
147.3	-55.7812
147.375	-55.75
147.45	-55.75
147.525	-55.6875
147.6	-55.6563
147.675	-55.6875
147.75	-55.6563
147.825	-55.6875
147.9	-55.75
147.975	-55.7812
148.05	-55.6875
148.125	-55.6563
148.2	-55.75
148.275	-55.7812
148.35	-55.5938
148.425	-55.625
148.5	-55.75
148.575	-55.6875
148.65	-55.625
148.725	-55.7187
148.8	-55.8125
148.875	-55.75
148.95	-55.625
149.025	-55.7187
149.1	-55.75
149.175	-55.6563
149.25	-55.625
149.325	-55.7812
149.4	-55.7812
149.475	-55.6875
149.55	-55.6875
149.625	-55.75
149.7	-55.625
149.775	-55.6875
149.85	-55.7812
149.925	-55.7187
150	-55.7812
150.075	-55.8125
150.15	-55.7812
150.225	-55.7812
150.3	-55.7812
150.375	-55.75
150.45	-55.6875
150.525	-55.7812
150.6	-55.8125
150.675	-55.7187
150.75	-55.7187
150.825	-55.7812
150.9	-55.6875
150.975	-55.7187
151.05	-55.8125
151.125	-55.8125
151.2	-55.7187
151.275	-55.8125
151.35	-55.6875
151.425	-55.7187
151.5	-55.8437
151.575	-55.6875
151.65	-55.8125
151.725	-55.7812
151.8	-55.5938
151.875	-55.8125
151.95	-55.75
152.025	-55.75
152.1	-55.8125
152.175	-55.7812
152.25	-55.875
152.325	-55.75
152.4	-55.75
152.475	-55.9063
152.55	-55.7812
152.625	-55.7812
152.7	-55.7187
152.775	-55.8437
152.85	-55.875
152.925	-55.7812
153	-55.7187
153.075	-55.875
153.15	-55.8125
153.225	-55.8437
153.3	-55.75
153.375	-55.8437
153.45	-55.875
153.525	-55.625
153.6	-55.7812
153.675	-55.7812
153.75	-55.875
153.825	-55.8437
153.9	-55.6875
153.975	-55.9375
154.05	-55.8125
154.125	-55.875
154.2	-55.7187
154.275	-55.8437
154.35	-55.8437
154.425	-55.625
154.5	-55.7812
154.575	-55.9063
154.65	-55.8125
154.725	-55.625
154.8	-55.6875
154.875	-55.9063
154.95	-55.875
155.025	-55.7812
155.1	-55.6563
155.175	-55.75
155.25	-55.8125
155.325	-55.8125
155.4	-55.8437
155.475	-55.9375
155.55	-55.75
155.625	-55.7812
155.7	-55.875
155.775	-55.875
155.85	-55.7812
155.925	-55.75
156	-55.8437
156.075	-55.9063
156.15	-55.7812
156.225	-55.625
156.3	-55.7812
156.375	-55.9063
156.45	-55.75
156.525	-55.7187
156.6	-55.8437
156.675	-55.8437
156.75	-55.8437
156.825	-55.6875
156.9	-55.875
156.975	-55.9063
157.05	-55.8125
157.125	-55.8125
157.2	-55.9063
157.275	-55.9063
157.35	-55.6875
157.425	-55.8437
157.5	-55.9063
157.575	-55.8437
157.65	-55.8125
157.725	-55.875
157.8	-55.875
157.875	-55.8125
157.95	-55.875
158.025	-55.9063
158.1	-55.7812
158.175	-55.9063
158.25	-55.9063
158.325	-55.8125
158.4	-55.8437
158.475	-55.9375
158.55	-55.8437
158.625	-55.8437
158.7	-55.8125
158.775	-55.875
158.85	-55.7812
158.925	-55.875
159	-55.8125
159.075	-55.8437
159.15	-55.875
159.225	-55.9063
159.3	-55.8437
159.375	-55.875
159.45	-55.9063
159.525	-55.7812
159.6	-55.9063
159.675	-55.9063
159.75	-55.7812
159.825	-55.9375
159.9	-55.875
159.975	-55.8125
160.05	-55.9688
160.125	-55.9375
160.2	-55.8125
160.275	-55.9688
160.35	-55.875
160.425	-55.9688
160.5	-55.9375
160.575	-55.8437
160.65	-56.0312
160.725	-55.9688
160.8	-55.8125
160.875	-55.9375
160.95	-55.8437
161.025	-55.8437
161.1	-55.8437
161.175	-55.6563
161.25	-55.875
161.325	-55.7812
161.4	-55.7187
161.475	-55.7187
161.55	-55.75
161.625	-55.8125
161.7	-55.625
161.775	-55.625
161.85	-55.7812
161.925	-55.625
162	-55.6875
162.075	-55.5312
162.15	-55.7812
162.225	-55.6875
162.3	-55.6563
162.375	-55.625
162.45	-55.6875
162.525	-55.7187
162.6	-55.5312
162.675	-55.6875
162.75	-55.8125
162.825	-55.5938
162.9	-55.5938
162.975	-55.625
163.05	-55.7187
163.125	-55.5625
163.2	-55.4687
163.275	-55.6563
163.35	-55.7187
163.425	-55.5938
163.5	-55.4687
163.575	-55.5
163.65	-55.5625
163.725	-55.5938
163.8	-55.5
163.875	-55.5625
163.95	-55.5625
164.025	-55.5312
164.1	-55.4375
164.175	-55.625
164.25	-55.5938
164.325	-55.4375
164.4	-55.4687
164.475	-55.5938
164.55	-55.5312
164.625	-55.4063
164.7	-55.4375
164.775	-55.5312
164.85	-55.5
164.925	-55.4375
165	-55.375
165.075	-55.5938
165.15	-55.5
165.225	-55.3125
165.3	-55.5
165.375	-55.4375
165.45	-55.4375
165.525	-55.4063
165.6	-55.4687
165.675	-55.375
165.75	-55.4687
165.825	-55.4375
165.9	-55.4063
165.975	-55.4375
166.05	-55.4687
166.125	-55.4375
166.2	-55.375
166.275	-55.5312
166.35	-55.5938
166.425	-55.5
166.5	-55.375
166.575	-55.5
166.65	-55.4687
166.725	-55.4063
166.8	-55.4063
166.875	-55.4375
166.95	-55.4375
167.025	-55.5312
167.1	-55.5938
167.175	-55.4063
167.25	-55.4063
167.325	-55.4375
167.4	-55.4063
167.475	-55.3438
167.55	-55.5
167.625	-55.5625
167.7	-55.4063
167.775	-55.4687
167.85	-55.5312
167.925	-55.4375
168	-55.4687
168.075	-55.4375
168.15	-55.4375
168.225	-55.5625
168.3	-55.4687
168.375	-55.4687
168.45	-55.5
168.525	-55.4687
168.6	-55.5625
168.675	-55.4687
168.75	-55.3438
168.825	-55.5312
168.9	-55.5625
168.975	-55.4063
169.05	-55.5
169.125	-55.5
169.2	-55.4687
169.275	-55.4375
169.35	-55.375
169.425	-55.5938
169.5	-55.4375
169.575	-55.4375
169.65	-55.4687
169.725	-55.4375
169.8	-55.5
169.875	-55.4687
169.95	-55.5312
170.025	-55.5625
170.1	-55.5312
170.175	-55.5
170.25	-55.4063
170.325	-55.625
170.4	-55.4687
170.475	-55.4375
170.55	-55.4687
170.625	-55.5312
170.7	-55.5312
170.775	-55.4063
170.85	-55.4687
170.925	-55.5625
171	-55.375
171.075	-55.375
171.15	-55.5
171.225	-55.5625
171.3	-55.5312
171.375	-55.5
171.45	-55.4687
171.525	-55.4687
171.6	-55.4687
171.675	-55.4687
171.75	-55.5
171.825	-55.625
171.9	-55.5312
171.975	-55.375
172.05	-55.4687
172.125	-55.5938
172.2	-55.5312
172.275	-55.4375
172.35	-55.4063
172.425	-55.5
172.5	-55.5625
172.575	-55.5
172.65	-55.5
172.725	-55.5312
172.8	-55.5312
172.875	-55.4687
172.95	-55.4687
173.025	-55.5312
173.1	-55.5
173.175	-55.4687
173.25	-55.5
173.325	-55.4375
173.4	-55.4375
173.475	-55.4063
173.55	-55.4375
173.625	-55.5
173.7	-55.5312
173.775	-55.4375
173.85	-55.4063
173.925	-55.5
174	-55.4687
174.075	-55.4063
174.15	-55.5625
174.225	-55.5938
174.3	-55.4687
174.375	-55.4063
174.45	-55.5312
174.525	-55.5312
174.6	-55.4063
174.675	-55.4063
174.75	-55.4687
174.825	-55.5625
174.9	-55.4063
174.975	-55.4687
175.05	-55.5312
175.125	-55.4687
175.2	-55.3125
175.275	-55.5
175.35	-55.4687
175.425	-55.4063
175.5	-55.4687
175.575	-55.5
175.65	-55.4063
175.725	-55.4687
175.8	-55.5312
175.875	-55.375
175.95	-55.4687
176.025	-55.4687
176.1	-55.4063
176.175	-55.4687
176.25	-55.5312
176.325	-55.4063
176.4	-55.4687
176.475	-55.5
176.55	-55.4687
176.625	-55.5312
176.7	-55.4687
176.775	-55.4063
176.85	-55.4687
176.925	-55.4687
177	-55.5
177.075	-55.5625
177.15	-55.5
177.225	-55.4375
177.3	-55.5312
177.375	-55.3125
177.45	-55.375
177.525	-55.25
177.6	-55.3438
177.675	-55.2813
177.75	-55.125
177.825	-55.2187
177.9	-55.0938
177.975	-55.1562
178.05	-55.0313
178.125	-55.0313
178.2	-55.2187
178.275	-55.0625
178.35	-55
178.425	-55.0313
178.5	-55
178.575	-55.0625
178.65	-54.875
178.725	-55.0625
178.8	-55
178.875	-55.0313
178.95	-54.875
179.025	-55
179.1	-55.0938
179.175	-54.8437
179.25	-54.9062
179.325	-54.875
179.4	-54.9687
179.475	-54.9062
179.55	-54.8125
179.625	-54.875
179.7	-55
179.775	-54.9062
179.85	-54.8125
179.925	-54.8125
180	-54.9062
180.075	-54.9062
180.15	-54.9062
180.225	-54.9062
180.3	-54.9375
180.375	-54.8125
180.45	-54.6875
180.525	-54.9062
180.6	-55
180.675	-54.875
180.75	-54.75
180.825	-54.9062
180.9	-55
180.975	-54.8437
181.05	-54.7188
181.125	-54.875
181.2	-54.9062
181.275	-54.8437
181.35	-54.6875
181.425	-54.8437
181.5	-54.9375
181.575	-54.8125
181.65	-54.7188
181.725	-54.8437
181.8	-54.8437
181.875	-54.7813
181.95	-54.6875
182.025	-54.9062
182.1	-54.9375
182.175	-54.7813
182.25	-54.7813
182.325	-54.875
182.4	-54.875
182.475	-54.8125
182.55	-54.8125
182.625	-54.875
182.7	-54.8125
182.775	-54.7188
182.85	-54.9062
182.925	-54.875
183	-54.8125
183.075	-54.8125
183.15	-54.7813
183.225	-54.7813
183.3	-54.7813
183.375	-54.7813
183.45	-54.7188
183.525	-54.7813
183.6	-54.8437
183.675	-54.8125
183.75	-54.6875
183.825	-54.8437
183.9	-54.875
183.975	-54.8125
184.05	-54.9062
184.125	-54.875
184.2	-54.75
184.275	-54.9062
184.35	-54.8125
184.425	-54.75
184.5	-54.875
184.575	-54.7813
184.65	-54.75
184.725	-54.875
184.8	-54.7813
184.875	-54.8437
184.95	-54.9062
185.025	-54.8437
185.1	-54.875
185.175	-54.9375
185.25	-54.7813
185.325	-54.875
185.4	-54.9062
185.475	-54.8437
185.55	-54.9062
185.625	-54.8125
185.7	-54.75
185.775	-54.9375
185.85	-54.8125
185.925	-54.9062
186	-54.875
186.075	-54.9062
186.15	-55
186.225	-54.8125
186.3	-54.9062
186.375	-54.9375
186.45	-54.8437
186.525	-54.875
186.6	-54.8437
186.675	-55.0625
186.75	-54.875
186.825	-54.8437
186.9	-54.9375
186.975	-54.9687
187.05	-54.9375
187.125	-54.7813
187.2	-55.0313
187.275	-54.9687
187.35	-54.9687
187.425	-54.9062
187.5	-54.9062
187.575	-55.0313
187.65	-54.9687
187.725	-54.8125
187.8	-55.0313
187.875	-55.0938
187.95	-54.9062
188.025	-54.8437
188.1	-54.9687
188.175	-55.0938
188.25	-55
188.325	-54.875
188.4	-55
188.475	-54.9687
188.55	-54.9062
188.625	-54.9375
188.7	-55.0938
188.775	-55.0625
188.85	-54.875
188.925	-54.875
189	-55.0313
189.075	-55
189.15	-54.9375
189.225	-54.9062
189.3	-55.0625
189.375	-55.0938
189.45	-54.8125
189.525	-54.875
189.6	-55.0313
189.675	-54.9375
189.75	-54.9062
189.825	-55
189.9	-55.0313
189.975	-54.9687
190.05	-54.875
190.125	-55
190.2	-55.0938
190.275	-54.9062
190.35	-54.9687
190.425	-55.0313
190.5	-55.0313
190.575	-54.9687
190.65	-54.9062
190.725	-55
190.8	-55.0313
190.875	-54.9062
190.95	-54.9062
191.025	-55
191.1	-55.0313
191.175	-54.9375
191.25	-55.0938
191.325	-55.125
191.4	-55.0313
191.475	-54.9375
191.55	-55.0625
191.625	-55.0313
191.7	-54.9375
191.775	-55.125
191.85	-55.0313
191.925	-55
192	-55.125
192.075	-55.0313
192.15	-55
192.225	-55.125
192.3	-55.0313
192.375	-55.0938
192.45	-55.0625
192.525	-55
192.6	-55.0313
192.675	-55.0625
192.75	-55.0313
192.825	-55.0625
192.9	-55.0625
192.975	-55
193.05	-55.0625
193.125	-55.0938
193.2	-55.1562
193.275	-55.1562
193.35	-55.0938
193.425	-55
193.5	-55.125
193.575	-55.0625
193.65	-55.125
193.725	-55.125
193.8	-54.9687
193.875	-55.0938
193.95	-55.1562
194.025	-55
194.1	-55.0313
194.175	-55.0313
194.25	-55.0938
194.325	-55.0938
194.4	-54.9687
194.475	-55.1562
194.55	-55.125
194.625	-54.9375
194.7	-55.0313
194.775	-55.0313
194.85	-55.0938
194.925	-55
195	-54.9375
195.075	-55.125
195.15	-55.0313
195.225	-55.0313
195.3	-54.9062
195.375	-54.9375
195.45	-55.0938
195.525	-54.875
195.6	-55
195.675	-55
195.75	-55.0313
195.825	-55
195.9	-54.9062
195.975	-55.0938
196.05	-55.0313
196.125	-54.9375
196.2	-55.0313
196.275	-55.0625
196.35	-55.0313
196.425	-54.9375
196.5	-55
196.575	-55.125
196.65	-55.0938
196.725	-54.9687
196.8	-54.9375
196.875	-55.125
196.95	-55.1562
197.025	-54.9375
197.1	-54.9375
197.175	-55.0313
197.25	-55.1562
197.325	-55.0625
197.4	-54.9687
197.475	-55
197.55	-55.0313
197.625	-55.0313
197.7	-55.0313
197.775	-55
197.85	-55.0313
197.925	-55.0625
198	-55.0938
198.075	-55.125
198.15	-55
198.225	-55
198.3	-55.0313
198.375	-55.0938
198.45	-55.0313
198.525	-55.0938
198.6	-55.0625
198.675	-55.0938
198.75	-55.0625
198.825	-55.0938
198.9	-55.0625
198.975	-55
199.05	-55.0625
199.125	-55.0625
199.2	-54.9687
199.275	-55.125
199.35	-55.1562
199.425	-55.0313
199.5	-54.9687
199.575	-55.125
199.65	-55.0625
199.725	-55
199.8	-55.125
199.875	-55.1562
199.95	-55.0625
200.025	-55.0625
200.1	-55.125
200.175	-55.0625
200.25	-55.0625
200.325	-55.0938
200.4	-55.0313
200.475	-55.1562
200.55	-55.1562
200.625	-55.0625
200.7	-55.125
200.775	-55.0938
200.85	-55
200.925	-55.0625
201	-55.1562
201.075	-55
201.15	-55.125
201.225	-55.1562
201.3	-55.0625
201.375	-55.1875
201.45	-55.1562
201.525	-55.0625
201.6	-55.0625
201.675	-55.1875
201.75	-55.0938
201.825	-55.25
201.9	-55.0938
201.975	-55.125
202.05	-55.1875
202.125	-55.0625
202.2	-55.1562
202.275	-55.0625
202.35	-55.0625
202.425	-55.2187
202.5	-55.0625
202.575	-55.125
202.65	-55.125
202.725	-55.0625
202.8	-55.1562
202.875	-55.0625
202.95	-55.2187
203.025	-55.2187
203.1	-55.0625
203.175	-55.125
203.25	-55.0313
203.325	-55.2187
203.4	-55.0938
203.475	-55.0313
203.55	-55.1562
203.625	-55.125
203.7	-55.125
203.775	-55.0313
203.85	-55.125
203.925	-55.2187
204	-54.9375
204.075	-55.125
204.15	-55.1875
204.225	-55.125
204.3	-55.0938
204.375	-55
204.45	-55.1875
204.525	-55.1875
204.6	-55
204.675	-55
204.75	-55.2187
204.825	-55.125
204.9	-55
204.975	-55.0938
205.05	-55.1875
205.125	-55.25
205.2	-55.0938
205.275	-55.0938
205.35	-55.0938
205.425	-55.125
205.5	-55.0313
205.575	-55.0938
205.65	-55.2187
205.725	-55.0625
205.8	-55.0625
205.875	-55.0938
205.95	-55.1875
206.025	-55.125
206.1	-54.9687
206.175	-55.125
206.25	-55.2187
206.325	-55.125
206.4	-54.9687
206.475	-55.1562
206.55	-55.2187
206.625	-55.1562
206.7	-55
206.775	-55.1562
206.85	-55.1875
206.925	-55.1562
207	-55.0313
207.075	-55.125
207.15	-55.25
207.225	-55.0938
207.3	-55.0625
207.375	-55.2187
207.45	-55.2187
207.525	-55.0313
207.6	-55.1562
207.675	-55.1875
207.75	-55.125
207.825	-55.0625
207.9	-55.2187
207.975	-55.1875
208.05	-55.0625
208.125	-55.1875
208.2	-55.125
208.275	-55.1875
208.35	-55.2187
208.425	-55.2187
208.5	-55
208.575	-55.1875
208.65	-55.2187
208.725	-55.0625
208.8	-55.2187
208.875	-55.1875
208.95	-55.1562
209.025	-55.1875
209.1	-55.1875
209.175	-55.125
209.25	-55.2187
209.325	-55.125
209.4	-55.1562
209.475	-55.3125
209.55	-55.1875
209.625	-55.1875
209.7	-55.2187
209.775	-55.125
209.85	-55.2187
209.925	-55.1875
210	-55.0938
210.075	-55.2187
210.15	-55.125
210.225	-55.1562
210.3	-55.2187
210.375	-55.2187
210.45	-55.0625
210.525	-55.25
210.6	-55.1875
210.675	-55.0938
210.75	-55.1875
210.825	-55.1562
210.9	-55.2187
210.975	-55.1875
211.05	-55.1562
211.125	-55.3438
211.2	-55.2187
211.275	-55.2187
211.35	-55.2187
211.425	-55.1562
211.5	-55.3125
211.575	-55.25
211.65	-55.1875
211.725	-55.3438
211.8	-55.25
211.875	-55.1875
211.95	-55.1562
212.025	-55.2813
212.1	-55.2813
212.175	-55.1562
212.25	-55.25
212.325	-55.2187
212.4	-55.375
212.475	-55.1562
212.55	-55.2187
212.625	-55.3438
212.7	-55.2813
212.775	-55.25
212.85	-55.25
212.925	-55.375
213	-55.2187
213.075	-55.2187
213.15	-55.3438
213.225	-55.3125
213.3	-55.2813
213.375	-55.125
213.45	-55.2187
213.525	-55.375
213.6	-55.4063
213.675	-55.25
213.75	-55.25
213.825	-55.2813
213.9	-55.3438
213.975	-55.2813
214.05	-55.2813
214.125	-55.25
214.2	-55.3125
214.275	-55.3125
214.35	-55.3438
214.425	-55.3125
214.5	-55.3125
214.575	-55.3125
214.65	-55.3125
214.725	-55.3125
214.8	-55.3438
214.875	-55.3125
214.95	-55.3125
215.025	-55.3438
215.1	-56.0937
215.175	-56.5625
215.25	-57
215.325	-57.375
215.4	-57.3438
215.475	-57.3125
215.55	-57.4375
215.625	-57.5938
215.7	-57.5625
215.775	-57.5938
215.85	-57.875
215.925	-57.875
216	-57.9688
216.075	-57.9688
216.15	-58.125
216.225	-58.125
216.3	-58.125
216.375	-58.3125
216.45	-58.25
216.525	-58.4062
216.6	-58.5
216.675	-58.5313
216.75	-58.5
216.825	-58.6875
216.9	-58.6875
216.975	-58.6562
217.05	-58.8125
217.125	-58.8438
217.2	-58.8125
217.275	-58.9687
217.35	-58.9375
217.425	-58.9375
217.5	-59.0625
217.575	-59.0938
217.65	-59.0625
217.725	-59.2187
217.8	-59.25
217.875	-59.3125
217.95	-59.4687
218.025	-59.3438
218.1	-59.3438
218.175	-59.5
218.25	-59.4687
218.325	-59.5312
218.4	-59.6875
218.475	-59.6563
218.55	-59.625
218.625	-59.6875
218.7	-59.7812
218.775	-59.875
218.85	-59.8125
218.925	-59.7812
219	-60
219.075	-59.9063
219.15	-59.9688
219.225	-60.0313
219.3	-60.0313
219.375	-60.1562
219.45	-60.125
219.525	-60.1562
219.6	-60.3437
219.675	-60.25
219.75	-60.2188
219.825	-60.25
219.9	-60.3437
219.975	-60.5
220.05	-60.3125
220.125	-60.4375
220.2	-60.5313
220.275	-60.5625
220.35	-60.5
220.425	-60.5625
220.5	-60.7187
220.575	-60.7187
220.65	-60.7187
220.725	-60.7187
220.8	-60.9063
220.875	-60.8125
220.95	-60.7813
221.025	-60.9375
221.1	-61
221.175	-61
221.25	-61.0312
221.325	-61.0938
221.4	-61.0625
221.475	-61.125
221.55	-61.1563
221.625	-61.2187
221.7	-61.2812
221.775	-61.1563
221.85	-61.1563
221.925	-61.3438
222	-61.4375
222.075	-61.4688
222.15	-61.3438
222.225	-61.375
222.3	-61.5
222.375	-61.5937
222.45	-61.5937
222.525	-61.5937
222.6	-61.5625
222.675	-61.5937
222.75	-61.625
222.825	-61.75
222.9	-61.75
222.975	-61.8125
223.05	-61.8437
223.125	-61.8437
223.2	-61.9062
223.275	-61.9062
223.35	-61.875
223.425	-61.9688
223.5	-62
223.575	-62.0937
223.65	-62.0313
223.725	-62.0937
223.8	-62.125
223.875	-62.1875
223.95	-62.125
224.025	-62.2188
224.1	-62.375
224.175	-62.1875
224.25	-62.1875
224.325	-62.4062
224.4	-62.4062
224.475	-62.2813
224.55	-62.4687
224.625	-62.5
224.7	-62.4687
224.775	-62.5
224.85	-62.5938
224.925	-62.5938
225	-62.5312
225.075	-62.6875
225.15	-62.7187
225.225	-62.6563
225.3	-62.75
225.375	-62.7813
225.45	-62.7813
225.525	-62.8437
225.6	-62.875
225.675	-62.875
225.75	-62.8125
225.825	-62.9375
225.9	-62.9375
225.975	-63
226.05	-63
226.125	-62.9688
226.2	-63.0625
226.275	-63.0625
226.35	-63.125
226.425	-63.2813
226.5	-63.0938
226.575	-63.2813
226.65	-63.2813
226.725	-63.1562
226.8	-63.25
226.875	-63.3125
226.95	-63.25
227.025	-63.4063
227.1	-63.4063
227.175	-63.4375
227.25	-63.5312
227.325	-63.4375
227.4	-63.5312
227.475	-63.625
227.55	-63.4687
227.625	-63.6562
227.7	-63.5312
227.775	-63.6875
227.85	-63.6562
227.925	-63.5312
228	-63.7188
228.075	-63.8437
228.15	-63.8125
228.225	-63.8125
228.3	-63.75
228.375	-64
228.45	-63.875
228.525	-63.8437
228.6	-63.9375
228.675	-64
228.75	-64
228.825	-63.875
228.9	-64
228.975	-64
229.05	-64.1562
229.125	-64
229.2	-64.1875
229.275	-64.1875
229.35	-64.125
229.425	-64.2812
229.5	-64.2188
229.575	-64.2812
229.65	-64.3125
229.725	-64.25
229.8	-64.375
229.875	-64.375
229.95	-64.25
230.025	-64.375
230.1	-64.4375
230.175	-64.4687
230.25	-64.4063
230.325	-64.4063
230.4	-64.5625
230.475	-64.6563
230.55	-64.5625
230.625	-64.4687
230.7	-64.5
230.775	-64.6875
230.85	-64.625
230.925	-64.625
231	-64.6563
231.075	-64.875
231.15	-64.7188
231.225	-64.625
231.3	-64.7812
231.375	-64.9687
231.45	-64.8125
231.525	-64.7188
231.6	-64.8438
231.675	-65
231.75	-64.9375
231.825	-64.875
231.9	-64.9687
231.975	-65.0313
232.05	-64.9375
232.125	-64.9062
232.2	-65.0937
232.275	-65
232.35	-64.9375
232.425	-65
232.5	-65.25
232.575	-65.125
232.65	-65
232.725	-65.125
232.8	-65.125
232.875	-65.1875
232.95	-65.25
233.025	-65.25
233.1	-65.2812
233.175	-65.3438
233.25	-65.2187
233.325	-65.25
233.4	-65.4375
233.475	-65.4062
233.55	-65.3438
233.625	-65.4375
233.7	-65.4375
233.775	-65.375
233.85	-65.4375
233.925	-65.5312
234	-65.4688
234.075	-65.5625
234.15	-65.5312
234.225	-65.5312
234.3	-65.6563
234.375	-65.5937
234.45	-65.5937
234.525	-65.625
234.6	-65.6563
234.675	-65.5312
234.75	-65.7187
234.825	-65.7813
234.9	-65.5625
234.975	-65.7813
235.05	-65.75
235.125	-65.7187
235.2	-65.7813
235.275	-65.8125
235.35	-65.7813
235.425	-65.875
235.5	-65.7813
235.575	-65.875
235.65	-65.9375
235.725	-65.875
235.8	-65.9688
235.875	-65.9688
235.95	-66.0625
236.025	-66
236.1	-65.9375
236.175	-66.0625
236.25	-66
236.325	-66.125
236.4	-65.875
236.475	-66.0938
236.55	-66.0938
236.625	-66.125
236.7	-66.125
236.775	-66.2187
236.85	-66.3125
236.925	-66.1875
237	-66.1875
237.075	-66.2187
237.15	-66.375
237.225	-66.25
237.3	-66.25
237.375	-66.25
237.45	-66.4063
237.525	-66.3437
237.6	-66.2187
237.675	-66.375
237.75	-66.4688
237.825	-66.3437
237.9	-66.375
237.975	-66.5
238.05	-66.5625
238.125	-66.4063
238.2	-66.4375
238.275	-66.5
238.35	-66.5625
238.425	-66.5
238.5	-66.4063
238.575	-66.5312
238.65	-66.6562
238.725	-66.5938
238.8	-66.4688
238.875	-66.6562
238.95	-66.625
239.025	-66.6562
239.1	-66.625
239.175	-66.6562
239.25	-66.7187
239.325	-66.625
239.4	-66.7187
239.475	-66.7813
239.55	-66.7187
239.625	-66.6875
239.7	-66.8125
239.775	-66.8437
239.85	-66.75
239.925	-66.7187
240	-66.8125
240.075	-66.875
240.15	-66.8125
240.225	-66.875
240.3	-66.875
240.375	-66.8437
240.45	-66.9687
240.525	-66.9063
240.6	-66.875
240.675	-66.9375
240.75	-67.0625
240.825	-66.9687
240.9	-66.9687
240.975	-67
241.05	-67.0312
241.125	-66.9687
241.2	-67.0625
241.275	-67.125
241.35	-67.0312
241.425	-67.0312
241.5	-67.125
241.575	-67.0938
241.65	-67.125
241.725	-67.2188
241.8	-67.125
241.875	-67.125
241.95	-67.1875
242.025	-67.2188
242.1	-67.1562
242.175	-67.3437
242.25	-67.2188
242.325	-67.1875
242.4	-67.25
242.475	-67.3125
242.55	-67.25
242.625	-67.4063
242.7	-67.25
242.775	-67.3125
242.85	-67.4063
242.925	-67.3125
243	-67.375
243.075	-67.4687
243.15	-67.3437
243.225	-67.5
243.3	-67.4375
243.375	-67.4063
243.45	-67.4687
243.525	-67.4687
243.6	-67.5313
243.675	-67.5
243.75	-67.4375
243.825	-67.5625
243.9	-67.5313
243.975	-67.4375
244.05	-67.5938
244.125	-67.5938
244.2	-67.6562
244.275	-67.625
244.35	-67.5938
244.425	-67.75
244.5	-67.625
244.575	-67.5625
244.65	-67.7188
244.725	-67.6875
244.8	-67.7812
244.875	-67.5313
244.95	-67.75
245.025	-67.7812
245.1	-67.6562
245.175	-67.6875
245.25	-67.6875
245.325	-67.875
245.4	-67.6562
245.475	-67.75
245.55	-67.7812
245.625	-67.9375
245.7	-67.8125
245.775	-67.6875
245.85	-67.9063
245.925	-67.8438
246	-67.8438
246.075	-67.8125
246.15	-67.9063
246.225	-67.9687
246.3	-67.9063
246.375	-67.7812
246.45	-67.875
246.525	-67.9687
246.6	-67.9375
246.675	-68
246.75	-68
246.825	-68
246.9	-67.875
246.975	-67.9063
247.05	-68.0625
247.125	-68.1562
247.2	-67.9375
247.275	-67.9375
247.35	-68.0625
247.425	-68.0937
247.5	-67.9687
247.575	-68
247.65	-68.1562
247.725	-68.1875
247.8	-68
247.875	-68.0937
247.95	-68.2812
248.025	-68.1875
248.1	-68.0937
248.175	-68.125
248.25	-68.3125
248.325	-68.25
248.4	-68.0313
248.475	-68.2188
248.55	-68.25
248.625	-68.2188
248.7	-68.1562
248.775	-68.25
248.85	-68.3438
248.925	-68.25
249	-68.25
249.075	-68.3125
249.15	-68.3125
249.225	-68.3438
249.3	-68.375
249.375	-68.4062
249.45	-68.3125
249.525	-68.4687
249.6	-68.4062
249.675	-68.375
249.75	-68.5
249.825	-68.4687
249.9	-68.3438
249.975	-68.5
250.05	-68.5
250.125	-68.375
250.2	-68.4375
250.275	-68.5
250.35	-68.4375
250.425	-68.5
250.5	-68.5313
250.575	-68.4375
250.65	-68.5937
250.725	-68.5
250.8	-68.4687
250.875	-68.5937
250.95	-68.5625
251.025	-68.5937
251.1	-68.6875
251.175	-68.625
251.25	-68.5625
251.325	-68.6875
251.4	-68.5625
251.475	-68.625
251.55	-68.625
251.625	-68.5625
251.7	-68.7187
251.775	-68.5625
251.85	-68.6563
251.925	-68.6875
252	-68.6563
252.075	-68.7187
252.15	-68.6875
252.225	-68.75
252.3	-68.8438
252.375	-68.625
252.45	-68.7812
252.525	-68.7812
252.6	-68.75
252.675	-68.8125
252.75	-68.7187
252.825	-68.875
252.9	-68.8125
252.975	-68.7187
253.05	-68.8125
253.125	-68.7812
253.2	-68.875
253.275	-68.8438
253.35	-68.625
253.425	-68.9062
253.5	-68.8438
253.575	-68.8125
253.65	-68.7187
253.725	-68.875
253.8	-68.9062
253.875	-68.7812
253.95	-68.7812
254.025	-68.8438
254.1	-68.9688
254.175	-68.9062
254.25	-68.8438
254.325	-69
254.4	-69
254.475	-68.875
254.55	-69
254.625	-69
254.7	-68.9688
254.775	-68.9062
254.85	-68.9688
254.925	-69.0625
255	-69.0313
255.075	-68.8438
255.15	-68.9062
255.225	-69.0937
255.3	-69.0625
255.375	-68.9688
255.45	-68.9375
255.525	-69
255.6	-69.0937
255.675	-69.0625
255.75	-69.0937
255.825	-69.0937
255.9	-69.125
255.975	-69.0625
256.05	-69.0937
256.125	-69.0937
256.2	-69.1563
256.275	-69.125
256.35	-69.0625
256.425	-69.1563
256.5	-69.2187
256.575	-69.125
256.65	-69.0625
256.725	-69.2187
256.8	-69.2187
256.875	-69.1563
256.95	-69.1563
257.025	-69.25
257.1	-69.25
257.175	-69.125
257.25	-69.1563
257.325	-69.25
257.4	-69.0937
257.475	-69.0313
257.55	-69.1875
257.625	-69.1563
257.7	-69.0625
257.775	-69.0937
257.85	-69.0625
257.925	-69.0313
258	-69.0313
258.075	-69.0937
258.15	-69
258.225	-69.0625
258.3	-69.125
258.375	-69.125
258.45	-69.0937
258.525	-69.1563
258.6	-69
258.675	-69.0625
258.75	-69.125
258.825	-69
258.9	-69.1563
258.975	-69.0937
259.05	-69.0313
259.125	-69.125
259.2	-69.0625
259.275	-69
259.35	-69.125
259.425	-69.0625
259.5	-69.0313
259.575	-69.1563
259.65	-69.0937
259.725	-69.0937
259.8	-69.1563
259.875	-69
259.95	-69.0625
260.025	-69.0625
260.1	-69.0937
260.175	-69.1563
260.25	-69.1563
260.325	-69.0937
260.4	-69.2187
260.475	-69.1563
260.55	-69.125
260.625	-69.1563
260.7	-69.125
260.775	-69.1875
260.85	-69.1563
260.925	-69
261	-69.2813
261.075	-69.1563
261.15	-69.125
261.225	-69.0937
261.3	-69.1875
261.375	-69.2813
261.45	-69.0625
261.525	-69.2187
261.6	-69.2187
261.675	-69.2187
261.75	-69.1563
261.825	-69.0937
261.9	-69.3125
261.975	-69.2813
262.05	-69.25
262.125	-69.1875
262.2	-69.1875
262.275	-69.375
262.35	-69.1563
262.425	-69.2813
262.5	-69.2187
262.575	-69.3438
262.65	-69.125
262.725	-69.1875
262.8	-69.4062
262.875	-69.3125
262.95	-69.125
263.025	-69.2813
263.1	-69.4375
263.175	-69.3438
263.25	-69.1875
263.325	-69.2187
263.4	-69.4062
263.475	-69.375
263.55	-69.2813
263.625	-69.25
263.7	-69.4062
263.775	-69.4375
263.85	-69.375
263.925	-69.4062
264	-69.375
264.075	-69.375
264.15	-69.3125
264.225	-69.3438
264.3	-69.4062
264.375	-69.4062
264.45	-69.4062
264.525	-69.4688
264.6	-69.4688
264.675	-69.3438
264.75	-69.4062
264.825	-69.4688
264.9	-69.4688
264.975	-69.4062
265.05	-69.375
265.125	-69.4688
265.2	-69.4375
265.275	-69.375
265.35	-69.4375
265.425	-69.4375
265.5	-69.4688
265.575	-69.4375
265.65	-69.4688
265.725	-69.4375
265.8	-69.5312
265.875	-69.5312
265.95	-69.4062
266.025	-69.4688
266.1	-69.5937
266.175	-69.5312
266.25	-69.4062
266.325	-69.5625
266.4	-69.5625
266.475	-69.4375
266.55	-69.4688
266.625	-69.5625
266.7	-69.4688
266.775	-69.4375
266.85	-69.5937
266.925	-69.5
267	-69.4688
267.075	-69.5625
267.15	-69.5625
267.225	-69.5
267.3	-69.5937
267.375	-69.5
267.45	-69.625
267.525	-69.625
267.6	-69.4688
267.675	-69.625
267.75	-69.5937
267.825	-69.5
267.9	-69.5312
267.975	-69.5312
268.05	-69.5625
268.125	-69.6563
268.2	-69.6563
268.275	-69.625
268.35	-69.625
268.425	-69.5
268.5	-69.625
268.575	-69.625
268.65	-69.5937
268.725	-69.625
268.8	-69.5937
268.875	-69.6875
268.95	-69.6875
269.025	-69.5937
269.1	-69.6875
269.175	-69.6563
269.25	-69.7187
269.325	-69.6875
269.4	-69.5312
269.475	-69.7187
269.55	-69.625
269.625	-69.625
269.7	-69.625
269.775	-69.6875
269.85	-69.8437
269.925	-69.5312
270	-69.6563
270.075	-69.7187
270.15	-69.6563
270.225	-69.7187
270.3	-69.5937
270.375	-69.7813
270.45	-69.75
270.525	-69.625
270.6	-69.6875
270.675	-69.7187
270.75	-69.7813
270.825	-69.5625
270.9	-69.7813
270.975	-69.7813
271.05	-69.7187
271.125	-69.7813
271.2	-69.7813
271.275	-69.8125
271.35	-69.75
271.425	-69.6875
271.5	-69.7813
271.575	-69.9062
271.65	-69.7813
271.725	-69.625
271.8	-69.75
271.875	-69.9688
271.95	-69.8437
272.025	-69.7187
272.1	-69.7813
272.175	-69.9062
272.25	-69.9062
272.325	-69.75
272.4	-69.75
272.475	-69.8437
272.55	-69.9062
272.625	-69.8437
272.7	-69.7187
272.775	-69.9062
272.85	-69.875
272.925	-69.875
273	-69.875
273.075	-69.9062
273.15	-69.875
273.225	-69.8125
273.3	-69.875
273.375	-69.9688
273.45	-69.9062
273.525	-69.75
273.6	-69.9062
273.675	-69.9375
273.75	-69.9062
273.825	-69.75
273.9	-69.9375
273.975	-70.0312
274.05	-69.8125
274.125	-69.875
274.2	-69.9375
274.275	-69.875
274.35	-69.875
274.425	-69.9062
274.5	-69.9062
274.575	-69.9375
274.65	-69.9688
274.725	-69.9062
274.8	-69.875
274.875	-70.0312
274.95	-69.9688
275.025	-69.875
275.1	-69.9688
275.175	-69.9688
275.25	-69.875
275.325	-69.875
275.4	-69.9688
275.475	-69.9375
275.55	-69.9688
275.625	-70
275.7	-69.9375
275.775	-69.9375
275.85	-70.0312
275.925	-69.9062
276	-69.9062
276.075	-70
276.15	-69.875
276.225	-69.9688
276.3	-70.0312
276.375	-69.9688
276.45	-70
276.525	-70.0625
276.6	-69.875
276.675	-69.9375
276.75	-69.9688
276.825	-69.9375
276.9	-70
276.975	-69.9062
277.05	-70.0312
277.125	-70.0938
277.2	-69.875
277.275	-70.0625
277.35	-70.0625
277.425	-70.0312
277.5	-70.0625
277.575	-69.9688
277.65	-70.125
277.725	-70.0312
277.8	-70.0312
277.875	-70.0625
277.95	-70.0312
278.025	-70.125
278.1	-69.9375
278.175	-69.9688
278.25	-70.0625
278.325	-70
278.4	-69.9688
278.475	-69.9375
278.55	-70.0625
278.625	-70.0938
278.7	-70
278.775	-70.0312
278.85	-70.125
278.925	-70.0625
279	-69.9688
279.075	-70.0625
279.15	-70.0625
279.225	-70.0938
279.3	-70
279.375	-70.0312
279.45	-70.2187
279.525	-70.0625
279.6	-69.9375
279.675	-70.0938
279.75	-70.2187
279.825	-70.0625
279.9	-69.9375
279.975	-70.0312
280.05	-70.125
280.125	-70.1562
280.2	-70.0312
280.275	-70.125
280.35	-70.1562
280.425	-70.0938
280.5	-70
280.575	-70.125
280.65	-70.1875
280.725	-70.0938
280.8	-70
280.875	-70.1562
280.95	-70.125
281.025	-70.0625
281.1	-70.0625
281.175	-70.2187
281.25	-70.2187
281.325	-70
281.4	-70.125
281.475	-70.125
281.55	-70.0625
281.625	-70.0938
281.7	-70.125
281.775	-70.125
281.85	-70.0625
281.925	-70.0938
282	-70.0938
282.075	-70.0625
282.15	-70.125
282.225	-70.1875
282.3	-70.0938
282.375	-70.1562
282.45	-70.2187
282.525	-70.0938
282.6	-70.0312
282.675	-70.1875
282.75	-70.1875
282.825	-70.0938
282.9	-70.0625
282.975	-70.2187
283.05	-70.2187
283.125	-70.0625
283.2	-70.1875
283.275	-70.25
283.35	-70.0938
283.425	-70.0938
283.5	-70.125
283.575	-70.0312
283.65	-70.125
283.725	-70.1875
283.8	-70.125
283.875	-70.1562
283.95	-70.1875
284.025	-70.0938
284.1	-70.125
284.175	-70.1875
284.25	-70.125
284.325	-70.1875
284.4	-70.2187
284.475	-70.0938
284.55	-70.3125
284.625	-70.125
284.7	-70.125
284.775	-70.1875
284.85	-70.0625
284.925	-70.1875
285	-70.1562
285.075	-70.125
285.15	-70.25
285.225	-70.2187
285.3	-70.1875
285.375	-70.125
285.45	-70.0625
285.525	-70.2813
285.6	-70.125
285.675	-70.2187
285.75	-70.2187
285.825	-70.1875
285.9	-70.3125
285.975	-70.1562
286.05	-70.125
286.125	-70.25
286.2	-70.125
286.275	-70.125
286.35	-70.1562
286.425	-70.25
286.5	-70.1562
286.575	-70.0625
286.65	-70.2187
286.725	-70.125
286.8	-70.25
286.875	-70.0938
286.95	-70.125
287.025	-70.25
287.1	-70.1562
287.175	-70.1875
287.25	-70.0625
287.325	-70.3437
287.4	-70.125
287.475	-70.1875
287.55	-70.2187
287.625	-70.25
287.7	-70.2813
287.775	-70.0938
287.85	-70.1875
287.925	-70.3437
288	-70.1875
288.075	-70.0938
288.15	-70.125
288.225	-70.2813
288.3	-70.2187
288.375	-70.1562
288.45	-70.25
288.525	-70.2813
288.6	-70.125
288.675	-70.125
288.75	-70.3125
288.825	-70.2813
288.9	-70.1875
288.975	-70.0938
289.05	-70.3125
289.125	-70.4063
289.2	-70.2187
289.275	-70.125
289.35	-70.25
289.425	-70.3437
289.5	-70.1875
289.575	-70.1875
289.65	-70.375
289.725	-70.3437
289.8	-70.0938
289.875	-70.1875
289.95	-70.25
290.025	-70.25
290.1	-70.1562
290.175	-70.25
290.25	-70.2813
290.325	-70.2187
290.4	-70.2187
290.475	-70.2813
290.55	-70.25
290.625	-70.2813
290.7	-70.25
290.775	-70.25
290.85	-70.25
290.925	-70.3125
291	-70.25
291.075	-70.2187
291.15	-70.25
291.225	-70.3437
291.3	-70.25
291.375	-70.2187
291.45	-70.4375
291.525	-70.3125
291.6	-70.1875
291.675	-70.3125
291.75	-70.2813
291.825	-70.25
291.9	-70.375
291.975	-70.25
292.05	-70.25
292.125	-70.2813
292.2	-70.2813
292.275	-70.25
292.35	-70.3125
292.425	-70.25
292.5	-70.25
292.575	-70.4063
292.65	-70.25
292.725	-70.3125
292.8	-70.3437
292.875	-70.25
292.95	-70.4063
293.025	-70.3437
293.1	-70.2187
293.175	-70.4063
293.25	-70.3125
293.325	-70.2187
293.4	-70.4063
293.475	-70.3437
293.55	-70.25
293.625	-70.4063
293.7	-70.3437
293.775	-70.3125
293.85	-70.3437
293.925	-70.3437
294	-70.375
294.075	-70.375
294.15	-70.2813
294.225	-70.375
294.3	-70.4375
294.375	-70.375
294.45	-70.3437
294.525	-70.2813
294.6	-70.5
294.675	-70.4063
294.75	-70.25
294.825	-70.375
294.9	-70.4063
294.975	-70.4375
295.05	-70.2187
295.125	-70.4375
295.2	-70.375
295.275	-70.3437
295.35	-70.2187
295.425	-70.3125
295.5	-70.4375
295.575	-70.25
295.65	-70.3125
295.725	-70.3125
295.8	-70.4688
295.875	-70.25
295.95	-70.3437
296.025	-70.4063
296.1	-70.3437
296.175	-70.375
296.25	-70.3437
296.325	-70.375
296.4	-70.4063
296.475	-70.3437
296.55	-70.4063
296.625	-70.4375
296.7	-70.4688
296.775	-70.25
296.85	-70.25
296.925	-70.4688
297	-70.4688
297.075	-70.3437
297.15	-70.2813
297.225	-70.3437
297.3	-70.375
297.375	-70.4063
297.45	-70.4375
297.525	-70.4375
297.6	-70.4063
297.675	-70.4063
297.75	-70.3437
297.825	-70.4375
297.9	-70.4063
297.975	-70.4063
298.05	-70.4063
298.125	-70.4688
298.2	-70.4063
298.275	-70.4375
298.35	-70.375
298.425	-70.4375
298.5	-70.4063
298.575	-70.4375
298.65	-70.375
298.725	-70.375
298.8	-70.4063
298.875	-70.375
298.95	-70.375
299.025	-70.4688
299.1	-70.4063
299.175	-70.4063
299.25	-70.4375
299.325	-70.5
299.4	-70.4063
299.475	-70.3125
299.55	-70.4375
299.625	-70.4375
299.7	-70.4063
299.775	-70.4688
299.85	-70.4688
299.925	-70.3437
300	-70.4375
300.075	-70.5
300.15	-70.4375
300.225	-70.5
300.3	-70.5
300.375	-70.4063
300.45	-70.375
300.525	-70.5
300.6	-70.375
300.675	-70.4688
300.75	-70.4688
300.825	-70.4375
300.9	-70.5312
300.975	-70.4375
301.05	-70.3125
301.125	-70.4688
301.2	-70.4688
301.275	-70.4063
301.35	-70.5938
301.425	-70.4063
301.5	-70.4063
301.575	-70.5
301.65	-70.4688
301.725	-70.375
301.8	-70.4375
301.875	-70.4063
301.95	-70.375
302.025	-70.4688
302.1	-70.375
302.175	-70.5312
302.25	-70.5
302.325	-70.25
302.4	-70.5312
302.475	-70.4688
302.55	-70.5
302.625	-70.4688
302.7	-70.4375
302.775	-70.5625
302.85	-70.3437
302.925	-70.4375
303	-70.5312
303.075	-70.5
303.15	-70.5312
303.225	-70.4063
303.3	-70.5312
303.375	-70.5
303.45	-70.4688
303.525	-70.4688
303.6	-70.4063
303.675	-70.625
303.75	-70.4375
303.825	-70.4063
303.9	-70.5
303.975	-70.5312
304.05	-70.5
304.125	-70.4375
304.2	-70.5938
304.275	-70.5
304.35	-70.4688
304.425	-70.4688
304.5	-70.5625
304.575	-70.5625
304.65	-70.5
304.725	-70.4688
304.8	-70.4688
304.875	-70.4688
304.95	-70.4375
305.025	-70.4688
305.1	-70.5
305.175	-70.5
305.25	-70.3437
305.325	-70.4688
305.4	-70.5625
305.475	-70.5938
305.55	-70.4375
305.625	-70.4375
305.7	-70.5312
305.775	-70.5938
305.85	-70.4688
305.925	-70.4063
306	-70.5312
306.075	-70.5625
306.15	-70.4688
306.225	-70.375
306.3	-70.4375
306.375	-70.5
306.45	-70.4688
306.525	-70.375
306.6	-70.5625
306.675	-70.5625
306.75	-70.375
306.825	-70.4375
306.9	-70.5625
306.975	-70.5312
307.05	-70.3125
307.125	-70.5312
307.2	-70.5312
307.275	-70.375
307.35	-70.4688
307.425	-70.5
307.5	-70.4375
307.575	-70.4063
307.65	-70.5625
307.725	-70.4688
307.8	-70.375
307.875	-70.4375
307.95	-70.4688
308.025	-70.4063
308.1	-70.4688
308.175	-70.4688
308.25	-70.4375
308.325	-70.4375
308.4	-70.5625
308.475	-70.5
308.55	-70.4375
308.625	-70.5938
308.7	-70.5
308.775	-70.4375
308.85	-70.5625
308.925	-70.5
309	-70.5
309.075	-70.5
309.15	-70.4375
309.225	-70.4688
309.3	-70.4688
309.375	-70.4375
309.45	-70.5
309.525	-70.5625
309.6	-70.4375
309.675	-70.5
309.75	-70.4375
309.825	-70.4375
309.9	-70.5312
309.975	-70.4375
310.05	-70.5625
310.125	-70.5312
310.2	-70.4375
310.275	-70.5625
310.35	-70.5312
310.425	-70.4375
310.5	-70.5625
310.575	-70.5312
310.65	-70.5938
310.725	-70.5
310.8	-70.4063
310.875	-70.5938
310.95	-70.5938
311.025	-70.5
311.1	-70.5625
311.175	-70.5625
311.25	-70.5938
311.325	-70.5312
311.4	-70.4375
311.475	-70.6562
311.55	-70.5
311.625	-70.4688
311.7	-70.4375
311.775	-70.5
311.85	-70.5938
311.925	-70.4063
312	-70.5
312.075	-70.6562
312.15	-70.625
312.225	-70.5625
312.3	-70.4375
312.375	-70.6562
312.45	-70.5
312.525	-70.5625
312.6	-70.5
312.675	-70.6875
312.75	-70.7188
312.825	-70.4375
312.9	-70.4688
312.975	-70.6875
313.05	-70.5938
313.125	-70.4375
313.2	-70.5625
313.275	-70.6562
313.35	-70.6562
313.425	-70.5312
313.5	-70.5
313.575	-70.5625
313.65	-70.5625
313.725	-70.5625
313.8	-70.5
313.875	-70.5
313.95	-70.5
314.025	-70.5312
314.1	-70.625
314.175	-70.6562
314.25	-70.5625
314.325	-70.5938
314.4	-70.5938
314.475	-70.6562
314.55	-70.5312
314.625	-70.4688
314.7	-70.5625
314.775	-70.625
314.85	-70.5312
314.925	-70.5625
