3937 2
0	-68.6563
0.08	-68.5937
0.16	-68.6875
0.24	-68.6875
0.32	-68.5625
0.4	-68.5937
0.48	-68.6875
0.56	-68.625
0.64	-68.5625
0.72	-68.5937
0.8	-68.5937
0.88	-68.7187
0.96	-68.5625
1.04	-68.6563
1.12	-68.5937
1.2	-68.6875
1.28	-68.6563
1.36	-68.6563
1.44	-68.5625
1.52	-68.5937
1.6	-68.625
1.68	-68.625
1.76	-68.75
1.84	-68.7812
1.92	-68.6563
2	-68.5937
2.08	-68.5625
2.16	-68.6563
2.24	-68.5937
2.32	-68.5625
2.4	-68.5937
2.48	-68.5625
2.56	-68.5937
2.64	-68.625
2.72	-68.5313
2.8	-68.5
2.88	-68.5625
2.96	-68.5937
3.04	-68.5937
3.12	-68.5313
3.2	-68.5625
3.28	-68.625
3.36	-68.5625
3.44	-68.5
3.52	-68.5937
3.6	-68.5625
3.68	-68.5937
3.76	-68.5937
3.84	-68.5625
3.92	-68.5937
4	-68.625
4.08	-68.5937
4.16	-68.5313
4.24	-68.5625
4.32	-68.5625
4.4	-68.5625
4.48	-68.5625
4.56	-68.5
4.64	-68.5625
4.72	-68.5625
4.8	-68.5625
4.88	-68.5
4.96	-68.5937
5.04	-68.5937
5.12	-68.5937
5.2	-68.5937
5.28	-68.5937
5.36	-68.5625
5.44	-68.5937
5.52	-68.625
5.6	-68.625
5.68	-68.5937
5.76	-68.5
5.84	-68.5625
5.92	-68.5
6	-68.625
6.08	-68.6563
6.16	-68.5937
6.24	-68.625
6.32	-68.5625
6.4	-68.6875
6.48	-68.5625
6.56	-68.5937
6.64	-68.5937
6.72	-68.6875
6.8	-68.625
6.88	-68.6563
6.96	-68.5937
7.04	-68.625
7.12	-68.7812
7.2	-68.7187
7.28	-68.625
7.36	-68.5937
7.44	-68.6563
7.52	-68.6875
7.6	-68.7187
7.68	-68.5313
7.76	-68.5937
7.84	-68.6563
7.92	-68.625
8	-68.5313
8.08	-68.5937
8.16	-68.625
8.24	-68.5937
8.32	-68.5937
8.4	-68.6563
8.48	-68.6875
8.56	-68.625
8.64	-68.6875
8.72	-68.5937
8.8	-68.625
8.88	-68.625
8.96	-68.5937
9.04	-68.5625
9.12	-68.5625
9.2	-68.5937
9.28	-68.5937
9.36	-68.625
9.44	-68.5937
9.52	-68.5625
9.6	-68.4687
9.68	-68.5937
9.76	-68.625
9.84	-68.5937
9.92	-68.5937
10	-68.5313
10.08	-68.5313
10.16	-68.5
10.24	-68.5937
10.32	-68.625
10.4	-68.5313
10.48	-68.625
10.56	-68.5937
10.64	-68.625
10.72	-68.625
10.8	-68.5937
10.88	-68.6563
10.96	-68.625
11.04	-68.625
11.12	-68.75
11.2	-68.625
11.28	-68.5937
11.36	-68.5937
11.44	-68.5625
11.52	-68.625
11.6	-68.5937
11.68	-68.5937
11.76	-68.625
11.84	-68.625
11.92	-68.5937
12	-68.5937
12.08	-68.5625
12.16	-68.625
12.24	-68.6563
12.32	-68.5625
12.4	-68.5625
12.48	-68.5937
12.56	-68.5
12.64	-68.625
12.72	-68.625
12.8	-68.5625
12.88	-68.5625
12.96	-68.5625
13.04	-68.6563
13.12	-68.5937
13.2	-68.625
13.28	-68.625
13.36	-68.625
13.44	-68.5625
13.52	-68.5313
13.6	-68.5937
13.68	-68.625
13.76	-68.625
13.84	-68.625
13.92	-68.5937
14	-68.5625
14.08	-68.5937
14.16	-68.5937
14.24	-68.625
14.32	-68.625
14.4	-68.625
14.48	-68.6563
14.56	-68.625
14.64	-68.625
14.72	-68.6563
14.8	-68.625
14.88	-68.5625
14.96	-68.6058
15.04	-68.6058
15.12	-68.6058
15.2	-68.6058
15.28	-68.6058
15.36	-68.8245
15.44	-69.0432
15.52	-69.137
15.6	-69.3245
15.68	-69.4182
15.76	-69.512
15.84	-69.6057
15.92	-69.6057
16	-69.7932
16.08	-69.887
16.16	-69.887
16.24	-70.012
16.32	-70.0432
16.4	-70.0432
16.48	-70.137
16.56	-70.1995
16.64	-70.3245
16.72	-70.3245
16.8	-70.4182
16.88	-70.4495
16.96	-70.5745
17.04	-70.5745
17.12	-70.6682
17.2	-70.762
17.28	-70.7932
17.36	-70.8557
17.44	-70.7932
17.52	-70.9182
17.6	-70.9495
17.68	-71.012
17.76	-71.1995
17.84	-71.1682
17.92	-71.1995
18	-71.2932
18.08	-71.3557
18.16	-71.387
18.24	-71.387
18.32	-71.5432
18.4	-71.4807
18.48	-71.5745
18.56	-71.5745
18.64	-71.6057
18.72	-71.7307
18.8	-71.637
18.88	-71.8245
18.96	-71.8557
19.04	-71.9495
19.12	-71.9495
19.2	-71.9182
19.28	-71.9807
19.36	-72.0745
19.44	-72.137
19.52	-72.262
19.6	-72.1682
19.68	-72.3245
19.76	-72.2307
19.84	-72.3557
19.92	-72.3245
20	-72.4807
20.08	-72.4807
20.16	-72.512
20.24	-72.6057
20.32	-72.637
20.4	-72.6682
20.48	-72.6057
20.56	-72.7932
20.64	-72.6682
20.72	-72.762
20.8	-72.8245
20.88	-72.9182
20.96	-72.9495
21.04	-72.9807
21.12	-73.137
21.2	-73.0745
21.28	-73.1995
21.36	-73.2932
21.44	-73.2932
21.52	-73.262
21.6	-73.262
21.68	-73.387
21.76	-73.4182
21.84	-73.4182
21.92	-73.5433
22	-73.5433
22.08	-73.637
22.16	-73.5745
22.24	-73.637
22.32	-73.8557
22.4	-73.7307
22.48	-73.8557
22.56	-73.6995
22.64	-73.7307
22.72	-73.887
22.8	-73.9495
22.88	-73.9495
22.96	-74.0432
23.04	-74.0432
23.12	-74.0745
23.2	-74.1057
23.28	-74.1995
23.36	-74.2932
23.44	-74.2307
23.52	-74.262
23.6	-74.3557
23.68	-74.3557
23.76	-74.3557
23.84	-74.4182
23.92	-74.3245
24	-74.4495
24.08	-74.4495
24.16	-74.6057
24.24	-74.637
24.32	-74.6057
24.4	-74.637
24.48	-74.6057
24.56	-74.762
24.64	-74.7932
24.72	-74.7307
24.8	-74.8557
24.88	-74.9182
24.96	-74.9182
25.04	-74.9808
25.12	-75.0432
25.2	-74.9808
25.28	-75.0432
25.36	-74.9495
25.44	-75.012
25.52	-75.1057
25.6	-75.012
25.68	-75.012
25.76	-75.0745
25.84	-75.1995
25.92	-75.137
26	-75.1995
26.08	-75.2932
26.16	-75.4182
26.24	-75.3557
26.32	-75.4495
26.4	-75.4495
26.48	-75.387
26.56	-75.4807
26.64	-75.6682
26.72	-75.6057
26.8	-75.6682
26.88	-75.6682
26.96	-75.6682
27.04	-75.637
27.12	-75.6057
27.2	-75.637
27.28	-75.637
27.36	-75.762
27.44	-75.7932
27.52	-75.762
27.6	-75.7932
27.68	-75.8245
27.76	-75.9495
27.84	-75.9495
27.92	-75.9495
28	-75.9182
28.08	-75.9495
28.16	-75.9495
28.24	-75.9807
28.32	-76.0745
28.4	-76.0745
28.48	-76.1057
28.56	-76.137
28.64	-76.1682
28.72	-76.137
28.8	-76.1682
28.88	-76.1057
28.96	-76.262
29.04	-76.3245
29.12	-76.2932
29.2	-76.3245
29.28	-76.2932
29.36	-76.3245
29.44	-76.4807
29.52	-76.4495
29.6	-76.4183
29.68	-76.4495
29.76	-76.4807
29.84	-76.5745
29.92	-76.512
30	-76.512
30.08	-76.6057
30.16	-76.5745
30.24	-76.6682
30.32	-76.762
30.4	-76.762
30.48	-76.6995
30.56	-76.7308
30.64	-76.8245
30.72	-76.7308
30.8	-76.8245
30.88	-76.7932
30.96	-76.887
31.04	-76.8557
31.12	-76.887
31.2	-76.887
31.28	-76.887
31.36	-76.9495
31.44	-77.012
31.52	-77.0432
31.6	-76.9807
31.68	-77.0432
31.76	-76.9807
31.84	-77.0745
31.92	-77.0745
32	-77.137
32.08	-77.137
32.16	-77.1057
32.24	-77.1682
32.32	-77.262
32.4	-77.262
32.48	-77.2932
32.56	-77.2932
32.64	-77.3245
32.72	-77.387
32.8	-77.4182
32.88	-77.387
32.96	-77.4495
33.04	-77.4495
33.12	-77.387
33.2	-77.637
33.28	-77.5745
33.36	-77.6057
33.44	-77.6057
33.52	-77.5432
33.6	-77.5745
33.68	-77.637
33.76	-77.637
33.84	-77.6995
33.92	-77.6057
34	-77.6995
34.08	-77.6682
34.16	-77.762
34.24	-77.762
34.32	-77.8245
34.4	-77.8557
34.48	-77.8245
34.56	-77.7932
34.64	-77.9495
34.72	-77.7932
34.8	-77.9807
34.88	-77.9495
34.96	-78.0432
35.04	-78.0432
35.12	-78.0745
35.2	-78.012
35.28	-78.0432
35.36	-78.137
35.44	-78.0432
35.52	-78.0745
35.6	-78.1057
35.68	-78.137
35.76	-78.1683
35.84	-78.137
35.92	-78.2307
36	-78.137
36.08	-78.2307
36.16	-78.2932
36.24	-78.262
36.32	-78.2932
36.4	-78.1995
36.48	-78.262
36.56	-78.262
36.64	-78.2932
36.72	-78.137
36.8	-78.2932
36.88	-78.262
36.96	-78.2932
37.04	-78.3245
37.12	-78.387
37.2	-78.387
37.28	-78.387
37.36	-78.387
37.44	-78.3557
37.52	-78.387
37.6	-78.3557
37.68	-78.387
37.76	-78.4182
37.84	-78.512
37.92	-78.4495
38	-78.5432
38.08	-78.5745
38.16	-78.5745
38.24	-78.637
38.32	-78.6682
38.4	-78.6995
38.48	-78.7307
38.56	-78.6682
38.64	-78.8557
38.72	-78.7932
38.8	-78.762
38.88	-78.6995
38.96	-78.6995
39.04	-78.7932
39.12	-78.8557
39.2	-78.8245
39.28	-78.887
39.36	-78.887
39.44	-78.8557
39.52	-78.9182
39.6	-78.9182
39.68	-78.8557
39.76	-78.9182
39.84	-78.9495
39.92	-78.9807
40	-78.9182
40.08	-79.0432
40.16	-79.0745
40.24	-79.0745
40.32	-79.0745
40.4	-79.0745
40.48	-79.0432
40.56	-79.137
40.64	-79.1057
40.72	-79.1057
40.8	-79.0745
40.88	-79.137
40.96	-79.1995
41.04	-79.1057
41.12	-79.1682
41.2	-79.1995
41.28	-79.2307
41.36	-79.1995
41.44	-79.1057
41.52	-79.137
41.6	-79.1682
41.68	-79.1995
41.76	-79.2307
41.84	-79.1995
41.92	-79.262
42	-79.3557
42.08	-79.387
42.16	-79.3557
42.24	-79.3245
42.32	-79.262
42.4	-79.3557
42.48	-79.387
42.56	-79.387
42.64	-79.4495
42.72	-79.4495
42.8	-79.3557
42.88	-79.4182
42.96	-79.4182
43.04	-79.4495
43.12	-79.387
43.2	-79.4807
43.28	-79.4807
43.36	-79.4495
43.44	-79.512
43.52	-79.4495
43.6	-79.512
43.68	-79.5432
43.76	-79.5432
43.84	-79.5745
43.92	-79.6682
44	-79.6995
44.08	-79.637
44.16	-79.5745
44.24	-79.6682
44.32	-79.5432
44.4	-79.762
44.48	-79.6995
44.56	-79.762
44.64	-79.7307
44.72	-79.762
44.8	-79.762
44.88	-79.7932
44.96	-79.7307
45.04	-79.7932
45.12	-79.6995
45.2	-79.7307
45.28	-79.6995
45.36	-79.637
45.44	-79.762
45.52	-79.7307
45.6	-79.7932
45.68	-79.762
45.76	-79.8245
45.84	-79.8245
45.92	-79.8245
46	-79.887
46.08	-79.7932
46.16	-79.8557
46.24	-79.887
46.32	-79.7932
46.4	-79.887
46.48	-79.887
46.56	-79.9182
46.64	-79.8557
46.72	-79.9182
46.8	-79.8245
46.88	-80.0432
46.96	-79.9182
47.04	-79.887
47.12	-79.887
47.2	-79.8557
47.28	-79.8557
47.36	-80.0432
47.44	-79.9807
47.52	-79.887
47.6	-79.887
47.68	-79.887
47.76	-80.012
47.84	-80.1057
47.92	-80.012
48	-80.0432
48.08	-80.012
48.16	-80.1057
48.24	-80.0432
48.32	-80.0432
48.4	-80.1057
48.48	-80.0432
48.56	-80.0432
48.64	-80.0745
48.72	-80.137
48.8	-80.1682
48.88	-80.1682
48.96	-80.1057
49.04	-80.1057
49.12	-80.2307
49.2	-80.1057
49.28	-80.137
49.36	-80.0432
49.44	-80.1682
49.52	-80.1995
49.6	-80.2307
49.68	-80.137
49.76	-80.2307
49.84	-80.2307
49.92	-80.137
50	-80.137
50.08	-80.137
50.16	-80.137
50.24	-80.1995
50.32	-80.262
50.4	-80.1682
50.48	-80.2307
50.56	-80.262
50.64	-80.3245
50.72	-80.3557
50.8	-80.262
50.88	-80.2932
50.96	-80.3245
51.04	-80.3245
51.12	-80.2932
51.2	-80.3557
51.28	-80.4495
51.36	-80.4182
51.44	-80.3557
51.52	-80.3557
51.6	-80.2932
51.68	-80.2932
51.76	-80.4182
51.84	-80.3557
51.92	-80.3245
52	-80.387
52.08	-80.4182
52.16	-80.3245
52.24	-80.3557
52.32	-80.3557
52.4	-80.4182
52.48	-80.387
52.56	-80.387
52.64	-80.4495
52.72	-80.4495
52.8	-80.4182
52.88	-80.4807
52.96	-80.3245
53.04	-80.387
53.12	-80.387
53.2	-80.4182
53.28	-80.4182
53.36	-80.387
53.44	-80.3245
53.52	-80.387
53.6	-80.387
53.68	-80.2932
53.76	-80.3557
53.84	-80.387
53.92	-80.4807
54	-80.512
54.08	-80.387
54.16	-80.4807
54.24	-80.387
54.32	-80.4807
54.4	-80.5745
54.48	-80.512
54.56	-80.5432
54.64	-80.4495
54.72	-80.4807
54.8	-80.512
54.88	-80.5432
54.96	-80.5432
55.04	-80.5745
55.12	-80.512
55.2	-80.512
55.28	-80.5432
55.36	-80.6057
55.44	-80.5432
55.52	-80.5432
55.6	-80.5745
55.68	-80.6057
55.76	-80.5745
55.84	-80.6057
55.92	-80.5745
56	-80.6995
56.08	-80.512
56.16	-80.5745
56.24	-80.6682
56.32	-80.7307
56.4	-80.5745
56.48	-80.5745
56.56	-80.6057
56.64	-80.6057
56.72	-80.6057
56.8	-80.6682
56.88	-80.6995
56.96	-80.6682
57.04	-80.762
57.12	-80.7307
57.2	-80.5745
57.28	-80.6995
57.36	-80.7307
57.44	-80.6682
57.52	-80.6995
57.6	-80.7307
57.68	-80.6995
57.76	-80.6057
57.84	-80.7307
57.92	-80.6682
58	-80.6682
58.08	-80.7307
58.16	-80.7307
58.24	-80.7932
58.32	-80.6995
58.4	-80.7307
58.48	-80.6682
58.56	-80.6995
58.64	-80.6682
58.72	-80.6995
58.8	-80.6995
58.88	-80.6057
58.96	-80.6682
59.04	-80.6682
59.12	-80.6995
59.2	-80.7307
59.28	-80.7932
59.36	-80.6995
59.44	-80.6682
59.52	-80.6057
59.6	-80.6995
59.68	-80.7307
59.76	-80.762
59.84	-80.7307
59.92	-80.6682
60	-80.6995
60.08	-80.762
60.16	-80.6995
60.24	-80.7932
60.32	-80.7932
60.4	-80.7307
60.48	-80.7307
60.56	-80.8245
60.64	-80.762
60.72	-80.762
60.8	-80.887
60.88	-80.8557
60.96	-80.7932
61.04	-80.7932
61.12	-80.762
61.2	-80.762
61.28	-80.8557
61.36	-80.8557
61.44	-80.8557
61.52	-80.7932
61.6	-80.7932
61.68	-80.9495
61.76	-80.8557
61.84	-80.762
61.92	-80.8557
62	-80.8245
62.08	-80.887
62.16	-80.8245
62.24	-80.887
62.32	-80.8245
62.4	-80.8557
62.48	-80.762
62.56	-80.887
62.64	-80.8245
62.72	-80.8557
62.8	-80.7932
62.88	-80.887
62.96	-80.9495
63.04	-80.8557
63.12	-80.9182
63.2	-80.9495
63.28	-80.9807
63.36	-80.887
63.44	-80.8557
63.52	-80.887
63.6	-80.8245
63.68	-80.9182
63.76	-80.8245
63.84	-80.7932
63.92	-80.7932
64	-80.8557
64.08	-80.8245
64.16	-80.7932
64.24	-80.8557
64.32	-80.7932
64.4	-80.8245
64.48	-80.8557
64.56	-80.762
64.64	-80.8245
64.72	-80.887
64.8	-80.8557
64.88	-80.762
64.96	-80.8245
65.04	-80.762
65.12	-80.9182
65.2	-80.8245
65.28	-80.887
65.36	-80.9182
65.44	-80.8245
65.52	-80.9495
65.6	-80.887
65.68	-80.9495
65.76	-80.887
65.84	-80.8557
65.92	-80.8245
66	-80.9182
66.08	-80.762
66.16	-80.8245
66.24	-80.887
66.32	-80.887
66.4	-80.9807
66.48	-80.9495
66.56	-80.9495
66.64	-81.012
66.72	-80.9495
66.8	-80.9495
66.88	-80.9182
66.96	-80.887
67.04	-80.8557
67.12	-80.9182
67.2	-80.9182
67.28	-80.887
67.36	-80.9495
67.44	-80.9495
67.52	-80.9182
67.6	-80.887
67.68	-80.9182
67.76	-80.9182
67.84	-80.8557
67.92	-80.9182
68	-80.9182
68.08	-80.9495
68.16	-80.887
68.24	-80.8557
68.32	-80.9495
68.4	-80.9807
68.48	-81.012
68.56	-80.9495
68.64	-81.012
68.72	-80.9495
68.8	-80.9807
68.88	-80.9182
68.96	-80.9182
69.04	-80.9495
69.12	-80.9495
69.2	-80.9182
69.28	-80.9182
69.36	-80.8245
69.44	-80.9495
69.52	-80.9807
69.6	-80.8557
69.68	-80.8557
69.76	-80.9182
69.84	-80.762
69.92	-80.8557
70	-80.8557
70.08	-80.9807
70.16	-80.8557
70.24	-80.8557
70.32	-80.9495
70.4	-80.887
70.48	-80.8245
70.56	-80.9182
70.64	-80.9182
70.72	-80.887
70.8	-80.9182
70.88	-80.8245
70.96	-80.8557
71.04	-80.8557
71.12	-80.9807
71.2	-80.9807
71.28	-80.9182
71.36	-80.9807
71.44	-80.9495
71.52	-80.887
71.6	-80.887
71.68	-80.8557
71.76	-80.9807
71.84	-80.9495
71.92	-80.9182
72	-80.9182
72.08	-80.9182
72.16	-80.9807
72.24	-80.9807
72.32	-80.9182
72.4	-80.9182
72.48	-80.887
72.56	-80.9495
72.64	-80.9495
72.72	-80.9807
72.8	-80.9807
72.88	-80.9807
72.96	-81.012
73.04	-80.9807
73.12	-80.9182
73.2	-81.012
73.28	-80.9807
73.36	-80.9495
73.44	-80.9182
73.52	-80.9182
73.6	-80.9182
73.68	-80.887
73.76	-80.9495
73.84	-80.8557
73.92	-80.8557
74	-80.887
74.08	-80.8557
74.16	-80.887
74.24	-80.887
74.32	-80.887
74.4	-80.9807
74.48	-80.8557
74.56	-80.9182
74.64	-80.9182
74.72	-80.8557
74.8	-80.7932
74.88	-80.7932
74.96	-80.9182
75.04	-80.9182
75.12	-80.7932
75.2	-80.8245
75.28	-80.8557
75.36	-80.8557
75.44	-80.887
75.52	-80.887
75.6	-80.7932
75.68	-80.7932
75.76	-80.8245
75.84	-80.9807
75.92	-80.887
76	-80.8557
76.08	-80.9182
76.16	-80.8245
76.24	-80.9182
76.32	-80.7932
76.4	-80.9182
76.48	-80.8557
76.56	-80.8557
76.64	-80.887
76.72	-80.9182
76.8	-80.8557
76.88	-80.9807
76.96	-80.887
77.04	-80.9182
77.12	-80.9182
77.2	-80.887
77.28	-80.8557
77.36	-80.887
77.44	-80.9182
77.52	-80.9495
77.6	-80.9182
77.68	-80.9495
77.76	-80.887
77.84	-80.9495
77.92	-80.9182
78	-80.9495
78.08	-80.887
78.16	-80.887
78.24	-80.7932
78.32	-80.9182
78.4	-80.887
78.48	-80.9807
78.56	-80.9182
78.64	-80.9182
78.72	-80.9807
78.8	-80.887
78.88	-80.9182
78.96	-80.9182
79.04	-80.887
79.12	-80.887
79.2	-80.8557
79.28	-80.887
79.36	-80.8557
79.44	-80.7932
79.52	-80.9807
79.6	-80.8557
79.68	-80.8557
79.76	-80.8245
79.84	-80.887
79.92	-80.9182
80	-80.9182
80.08	-80.9495
80.16	-80.8245
80.24	-80.8557
80.32	-80.762
80.4	-80.7307
80.48	-80.8245
80.56	-80.7932
80.64	-80.7932
80.72	-80.7932
80.8	-80.762
80.88	-80.7307
80.96	-80.887
81.04	-80.7307
81.12	-80.8557
81.2	-80.8557
81.28	-80.7932
81.36	-80.8557
81.44	-80.8245
81.52	-80.8557
81.6	-80.8245
81.68	-80.7932
81.76	-80.7932
81.84	-80.8245
81.92	-80.8245
82	-80.8245
82.08	-80.887
82.16	-80.8557
82.24	-80.887
82.32	-80.8557
82.4	-80.8557
82.48	-80.8245
82.56	-80.7307
82.64	-80.7307
82.72	-80.762
82.8	-80.762
82.88	-80.762
82.96	-80.762
83.04	-80.7932
83.12	-80.8245
83.2	-80.8245
83.28	-80.8557
83.36	-80.7932
83.44	-80.762
83.52	-80.9807
83.6	-80.8557
83.68	-80.887
83.76	-80.887
83.84	-80.887
83.92	-80.8557
84	-80.7932
84.08	-80.7932
84.16	-80.7307
84.24	-80.8245
84.32	-80.762
84.4	-80.8245
84.48	-80.8557
84.56	-80.8557
84.64	-80.7932
84.72	-80.7932
84.8	-80.6995
84.88	-80.6995
84.96	-80.6995
85.04	-80.762
85.12	-80.7932
85.2	-80.6995
85.28	-80.7307
85.36	-80.6682
85.44	-80.6057
85.52	-80.6995
85.6	-80.6057
85.68	-80.6057
85.76	-80.6057
85.84	-80.5745
85.92	-80.5432
86	-80.5745
86.08	-80.5432
86.16	-80.6057
86.24	-80.4807
86.32	-80.5745
86.4	-80.5745
86.48	-80.4807
86.56	-80.5432
86.64	-80.512
86.72	-80.5432
86.8	-80.5745
86.88	-80.512
86.96	-80.6057
87.04	-80.6057
87.12	-80.6682
87.2	-80.6682
87.28	-80.5745
87.36	-80.6682
87.44	-80.6057
87.52	-80.512
87.6	-80.5432
87.68	-80.6682
87.76	-80.6682
87.84	-80.5432
87.92	-80.5745
88	-80.5432
88.08	-80.4807
88.16	-80.4495
88.24	-80.5432
88.32	-80.5745
88.4	-80.5745
88.48	-80.4807
88.56	-80.512
88.64	-80.6682
88.72	-80.5432
88.8	-80.5432
88.88	-80.6057
88.96	-80.6995
89.04	-80.6995
89.12	-80.5745
89.2	-80.6995
89.28	-80.7307
89.36	-80.6682
89.44	-80.6995
89.52	-80.5432
89.6	-80.6995
89.68	-80.512
89.76	-80.6682
89.84	-80.6995
89.92	-80.6682
90	-80.6682
90.08	-80.512
90.16	-80.6057
90.24	-80.512
90.32	-80.6682
90.4	-80.512
90.48	-80.6682
90.56	-80.7307
90.64	-80.762
90.72	-80.5745
90.8	-80.5432
90.88	-80.6057
90.96	-80.5432
91.04	-80.5432
91.12	-80.6682
91.2	-80.6057
91.28	-80.5745
91.36	-80.5745
91.44	-80.6057
91.52	-80.6995
91.6	-80.6057
91.68	-80.6057
91.76	-80.512
91.84	-80.5745
91.92	-80.5745
92	-80.6995
92.08	-80.5745
92.16	-80.6995
92.24	-80.6057
92.32	-80.6682
92.4	-80.512
92.48	-80.5745
92.56	-80.4495
92.64	-80.5432
92.72	-80.6057
92.8	-80.6057
92.88	-80.6682
92.96	-80.4495
93.04	-80.4807
93.12	-80.512
93.2	-80.5432
93.28	-80.4807
93.36	-80.512
93.44	-80.4182
93.52	-80.5745
93.6	-80.5432
93.68	-80.5432
93.76	-80.4495
93.84	-80.512
93.92	-80.6682
94	-80.5432
94.08	-80.5432
94.16	-80.5432
94.24	-80.6995
94.32	-80.5432
94.4	-80.6682
94.48	-80.6057
94.56	-80.5432
94.64	-80.5432
94.72	-80.5745
94.8	-80.5432
94.88	-80.6682
94.96	-80.6682
95.04	-80.5745
95.12	-80.6057
95.2	-80.6057
95.28	-80.6057
95.36	-80.4807
95.44	-80.5745
95.52	-80.5432
95.6	-80.4807
95.68	-80.6057
95.76	-80.512
95.84	-80.5432
95.92	-80.5745
96	-80.4807
96.08	-80.4495
96.16	-80.5745
96.24	-80.5432
96.32	-80.5432
96.4	-80.4807
96.48	-80.5432
96.56	-80.4807
96.64	-80.5432
96.72	-80.4182
96.8	-80.4182
96.88	-80.4807
96.96	-80.4495
97.04	-80.4495
97.12	-80.4807
97.2	-80.4495
97.28	-80.5745
97.36	-80.5745
97.44	-80.4807
97.52	-80.4495
97.6	-80.4182
97.68	-80.512
97.76	-80.5745
97.84	-80.6682
97.92	-80.512
98	-80.6057
98.08	-80.6682
98.16	-80.6057
98.24	-80.5432
98.32	-80.6057
98.4	-80.4807
98.48	-80.5432
98.56	-80.512
98.64	-80.512
98.72	-80.5432
98.8	-80.6057
98.88	-80.5432
98.96	-80.5745
99.04	-80.512
99.12	-80.5432
99.2	-80.4807
99.28	-80.6057
99.36	-80.4807
99.44	-80.4807
99.52	-80.5432
99.6	-80.5745
99.68	-80.5432
99.76	-80.512
99.84	-80.512
99.92	-80.512
100	-80.4495
100.08	-80.4495
100.16	-80.6057
100.24	-80.5432
100.32	-80.512
100.4	-80.6057
100.48	-80.5432
100.56	-80.6995
100.64	-80.5745
100.72	-80.6995
100.8	-80.5745
100.88	-80.6682
100.96	-80.6057
101.04	-80.5432
101.12	-80.6057
101.2	-80.5432
101.28	-80.5432
101.36	-80.5745
101.44	-80.4495
101.52	-80.5745
101.6	-80.5432
101.68	-80.5745
101.76	-80.5432
101.84	-80.6682
101.92	-80.6682
102	-80.512
102.08	-80.4807
102.16	-80.512
102.24	-80.4182
102.32	-80.512
102.4	-80.4807
102.48	-80.512
102.56	-80.4807
102.64	-80.4495
102.72	-80.5745
102.8	-80.5432
102.88	-80.5432
102.96	-80.4807
103.04	-80.4495
103.12	-80.512
103.2	-80.5432
103.28	-80.4807
103.36	-80.5432
103.44	-80.4495
103.52	-80.4807
103.6	-80.4495
103.68	-80.4182
103.76	-80.4807
103.84	-80.4182
103.92	-80.512
104	-80.5432
104.08	-80.4495
104.16	-80.512
104.24	-80.4807
104.32	-80.5432
104.4	-80.6057
104.48	-80.6682
104.56	-80.6682
104.64	-80.512
104.72	-80.4182
104.8	-80.512
104.88	-80.512
104.96	-80.5432
105.04	-80.5432
105.12	-80.512
105.2	-80.5432
105.28	-80.4807
105.36	-80.6057
105.44	-80.5432
105.52	-80.5432
105.6	-80.6057
105.68	-80.4807
105.76	-80.512
105.84	-80.4495
105.92	-80.4182
106	-80.512
106.08	-80.512
106.16	-80.4807
106.24	-80.5432
106.32	-80.5432
106.4	-80.4807
106.48	-80.512
106.56	-80.512
106.64	-80.4807
106.72	-80.3557
106.8	-80.4495
106.88	-80.4807
106.96	-80.4182
107.04	-80.4495
107.12	-80.4495
107.2	-80.512
107.28	-80.5432
107.36	-80.512
107.44	-80.5432
107.52	-80.4807
107.6	-80.4495
107.68	-80.4807
107.76	-80.5745
107.84	-80.4182
107.92	-80.5432
108	-80.5432
108.08	-80.5432
108.16	-80.4495
108.24	-80.512
108.32	-80.5432
108.4	-80.4182
108.48	-80.4807
108.56	-80.4495
108.64	-80.4807
108.72	-80.4807
108.8	-80.4495
108.88	-80.5432
108.96	-80.4807
109.04	-80.4807
109.12	-80.4182
109.2	-80.387
109.28	-80.387
109.36	-80.4495
109.44	-80.387
109.52	-80.4495
109.6	-80.4495
109.68	-80.4182
109.76	-80.4182
109.84	-80.4495
109.92	-80.4807
110	-80.4495
110.08	-80.4495
110.16	-80.4495
110.24	-80.4182
110.32	-80.3557
110.4	-80.4807
110.48	-80.4495
110.56	-80.4495
110.64	-80.4182
110.72	-80.387
110.8	-80.4182
110.88	-80.4495
110.96	-80.4495
111.04	-80.4807
111.12	-80.4182
111.2	-80.4495
111.28	-80.4495
111.36	-80.4495
111.44	-80.3557
111.52	-80.3557
111.6	-80.4807
111.68	-80.4182
111.76	-80.3557
111.84	-80.4495
111.92	-80.387
112	-80.4495
112.08	-80.512
112.16	-80.4807
112.24	-80.387
112.32	-80.4182
112.4	-80.4182
112.48	-80.3557
112.56	-80.4495
112.64	-80.4182
112.72	-80.387
112.8	-80.4495
112.88	-80.4495
112.96	-80.387
113.04	-80.4495
113.12	-80.4495
113.2	-80.2932
113.28	-80.387
113.36	-80.387
113.44	-80.4182
113.52	-80.4495
113.6	-80.3557
113.68	-80.2932
113.76	-80.387
113.84	-80.2932
113.92	-80.387
114	-80.4495
114.08	-80.387
114.16	-80.387
114.24	-80.3245
114.32	-80.387
114.4	-80.2932
114.48	-80.3557
114.56	-80.512
114.64	-80.387
114.72	-80.387
114.8	-80.387
114.88	-80.4182
114.96	-80.4495
115.04	-80.3557
115.12	-80.3557
115.2	-80.4182
115.28	-80.3557
115.36	-80.3557
115.44	-80.4182
115.52	-80.3245
115.6	-80.3245
115.68	-80.3557
115.76	-80.3557
115.84	-80.3557
115.92	-80.3557
116	-80.3245
116.08	-80.4495
116.16	-80.387
116.24	-80.4807
116.32	-80.4495
116.4	-80.387
116.48	-80.387
116.56	-80.3557
116.64	-80.4182
116.72	-80.387
116.8	-80.4495
116.88	-80.3557
116.96	-80.387
117.04	-80.387
117.12	-80.3557
117.2	-80.3557
117.28	-80.3557
117.36	-80.3557
117.44	-80.3557
117.52	-80.4495
117.6	-80.4182
117.68	-80.4182
117.76	-80.4182
117.84	-80.4182
117.92	-80.4182
118	-80.387
118.08	-80.4495
118.16	-80.4182
118.24	-80.512
118.32	-80.4182
118.4	-80.4182
118.48	-80.4495
118.56	-80.4807
118.64	-80.4182
118.72	-80.4182
118.8	-80.387
118.88	-80.4182
118.96	-80.3557
119.04	-80.2932
119.12	-80.387
119.2	-80.2932
119.28	-80.3557
119.36	-80.3245
119.44	-80.2932
119.52	-80.3245
119.6	-80.2932
119.68	-80.4182
119.76	-80.387
119.84	-80.4182
119.92	-80.2932
120	-80.2932
120.08	-80.3557
120.16	-80.3245
120.24	-80.3557
120.32	-80.3557
120.4	-80.2932
120.48	-80.2932
120.56	-80.2932
120.64	-80.3245
120.72	-80.2932
120.8	-80.387
120.88	-80.3245
120.96	-80.387
121.04	-80.387
121.12	-80.3557
121.2	-80.3557
121.28	-80.3245
121.36	-80.387
121.44	-80.2932
121.52	-80.3245
121.6	-80.2307
121.68	-80.3245
121.76	-80.2932
121.84	-80.2932
121.92	-80.2307
122	-80.262
122.08	-80.2932
122.16	-80.262
122.24	-80.3245
122.32	-80.2932
122.4	-80.262
122.48	-80.3245
122.56	-80.1995
122.64	-80.2307
122.72	-80.262
122.8	-80.262
122.88	-80.2932
122.96	-80.2932
123.04	-80.3557
123.12	-80.2932
123.2	-80.262
123.28	-80.262
123.36	-80.3245
123.44	-80.2307
123.52	-80.262
123.6	-80.2932
123.68	-80.2307
123.76	-80.262
123.84	-80.262
123.92	-80.2307
124	-80.262
124.08	-80.1995
124.16	-80.2932
124.24	-80.2932
124.32	-80.2932
124.4	-80.262
124.48	-80.3245
124.56	-80.2932
124.64	-80.2932
124.72	-80.2307
124.8	-80.3245
124.88	-80.2307
124.96	-80.2932
125.04	-80.2307
125.12	-80.3245
125.2	-80.262
125.28	-80.3245
125.36	-80.262
125.44	-80.2932
125.52	-80.2307
125.6	-80.3557
125.68	-80.262
125.76	-80.262
125.84	-80.262
125.92	-80.262
126	-80.1682
126.08	-80.1995
126.16	-80.1682
126.24	-80.1682
126.32	-80.1682
126.4	-80.1995
126.48	-80.1682
126.56	-80.262
126.64	-80.3557
126.72	-80.1995
126.8	-80.1682
126.88	-80.1682
126.96	-80.1682
127.04	-80.1682
127.12	-80.1995
127.2	-80.1995
127.28	-80.2307
127.36	-80.262
127.44	-80.2307
127.52	-80.262
127.6	-80.262
127.68	-80.2932
127.76	-80.3557
127.84	-80.2307
127.92	-80.1682
128	-80.1995
128.08	-80.1995
128.16	-80.3245
128.24	-80.2307
128.32	-80.3557
128.4	-80.2307
128.48	-80.262
128.56	-80.262
128.64	-80.2932
128.72	-80.3245
128.8	-80.2932
128.88	-80.2307
128.96	-80.262
129.04	-80.262
129.12	-80.2932
129.2	-80.2307
129.28	-80.262
129.36	-80.2307
129.44	-80.2307
129.52	-80.1995
129.6	-80.1057
129.68	-80.2307
129.76	-80.2307
129.84	-80.262
129.92	-80.1682
130	-80.2307
130.08	-80.2932
130.16	-80.262
130.24	-80.1995
130.32	-80.1995
130.4	-80.3245
130.48	-80.1682
130.56	-80.1995
130.64	-80.2307
130.72	-80.1682
130.8	-80.1995
130.88	-80.1682
130.96	-80.1682
131.04	-80.1995
131.12	-80.2307
131.2	-80.1995
131.28	-80.1682
131.36	-80.137
131.44	-80.1995
131.52	-80.1057
131.6	-80.1995
131.68	-80.1995
131.76	-80.1682
131.84	-80.137
131.92	-80.1682
132	-80.1682
132.08	-80.1682
132.16	-80.1682
132.24	-80.1995
132.32	-80.1995
132.4	-80.1057
132.48	-80.2307
132.56	-80.2307
132.64	-80.2307
132.72	-80.2307
132.8	-80.2307
132.88	-80.137
132.96	-80.1682
133.04	-80.1682
133.12	-80.262
133.2	-80.1057
133.28	-80.137
133.36	-80.2307
133.44	-80.2307
133.52	-80.2307
133.6	-80.1682
133.68	-80.1682
133.76	-80.0745
133.84	-80.1682
133.92	-80.2307
134	-80.2307
134.08	-80.2307
134.16	-80.262
134.24	-80.2307
134.32	-80.137
134.4	-80.2932
134.48	-80.1682
134.56	-80.262
134.64	-80.262
134.72	-80.2932
134.8	-80.262
134.88	-80.2307
134.96	-80.1682
135.04	-80.137
135.12	-80.1995
135.2	-80.2307
135.28	-80.1995
135.36	-80.3245
135.44	-80.1995
135.52	-80.1995
135.6	-80.2932
135.68	-80.2307
135.76	-80.262
135.84	-80.2307
135.92	-80.1995
136	-80.1995
136.08	-80.1682
136.16	-80.1682
136.24	-80.137
136.32	-80.137
136.4	-80.1682
136.48	-80.2307
136.56	-80.1057
136.64	-80.1682
136.72	-80.2307
136.8	-80.137
136.88	-80.137
136.96	-80.137
137.04	-80.0745
137.12	-80.137
137.2	-80.137
137.28	-80.1057
137.36	-80.1682
137.44	-80.1057
137.52	-80.1682
137.6	-80.0745
137.68	-80.137
137.76	-80.137
137.84	-80.0745
137.92	-80.1057
138	-80.0432
138.08	-80.137
138.16	-80.1682
138.24	-80.137
138.32	-80.137
138.4	-80.1682
138.48	-80.1682
138.56	-80.137
138.64	-80.1995
138.72	-80.1682
138.8	-80.1057
138.88	-80.1995
138.96	-80.137
139.04	-80.1057
139.12	-80.0745
139.2	-80.137
139.28	-80.2307
139.36	-80.1682
139.44	-80.1995
139.52	-80.0432
139.6	-80.137
139.68	-80.137
139.76	-80.1682
139.84	-80.137
139.92	-80.2307
140	-80.2307
140.08	-80.1995
140.16	-80.137
140.24	-80.2307
140.32	-80.1682
140.4	-80.1995
140.48	-80.1682
140.56	-80.1682
140.64	-80.1995
140.72	-80.1995
140.8	-80.1682
140.88	-80.1682
140.96	-80.1682
141.04	-80.1682
141.12	-80.1057
141.2	-80.137
141.28	-80.137
141.36	-80.1682
141.44	-80.137
141.52	-80.0432
141.6	-80.137
141.68	-80.0432
141.76	-80.1057
141.84	-80.1682
141.92	-80.137
142	-80.1057
142.08	-80.137
142.16	-80.1057
142.24	-80.1057
142.32	-80.0745
142.4	-80.0745
142.48	-80.1057
142.56	-80.0745
142.64	-80.0432
142.72	-80.0745
142.8	-80.1057
142.88	-80.0745
142.96	-80.1057
143.04	-80.0432
143.12	-80.012
143.2	-80.012
143.28	-80.0432
143.36	-80.0432
143.44	-80.1057
143.52	-80.0432
143.6	-80.012
143.68	-80.1057
143.76	-79.9807
143.84	-80.0745
143.92	-80.0745
144	-80.012
144.08	-80.0432
144.16	-80.1057
144.24	-80.137
144.32	-80.0745
144.4	-80.0432
144.48	-80.137
144.56	-80.137
144.64	-80.137
144.72	-80.1995
144.8	-80.1682
144.88	-80.2307
144.96	-80.2932
145.04	-80.1995
145.12	-80.012
145.2	-80.0432
145.28	-80.1057
145.36	-80.012
145.44	-80.1057
145.52	-80.0432
145.6	-80.1682
145.68	-80.1057
145.76	-80.012
145.84	-80.0432
145.92	-80.0745
146	-80.0745
146.08	-80.0432
146.16	-80.137
146.24	-80.012
146.32	-80.137
146.4	-80.0432
146.48	-80.0432
146.56	-80.012
146.64	-80.0432
146.72	-80.1057
146.8	-80.1057
146.88	-80.0745
146.96	-80.1057
147.04	-80.1057
147.12	-80.0745
147.2	-80.0432
147.28	-80.0432
147.36	-80.0432
147.44	-80.0745
147.52	-80.012
147.6	-80.137
147.68	-80.0432
147.76	-80.012
147.84	-80.0745
147.92	-80.0432
148	-80.0745
148.08	-80.0745
148.16	-80.1057
148.24	-80.0432
148.32	-80.1057
148.4	-80.1057
148.48	-80.137
148.56	-80.1995
148.64	-80.1682
148.72	-80.137
148.8	-80.1682
148.88	-80.1682
148.96	-80.1682
149.04	-80.137
149.12	-80.1057
149.2	-80.012
149.28	-80.1995
149.36	-80.0432
149.44	-80.012
149.52	-80.1057
149.6	-80.1057
149.68	-80.1057
149.76	-80.0745
149.84	-80.012
149.92	-79.9807
150	-79.9807
150.08	-80.0745
150.16	-80.012
150.24	-80.012
150.32	-80.0745
150.4	-80.012
150.48	-80.0432
150.56	-80.1057
150.64	-80.1057
150.72	-79.9807
150.8	-80.012
150.88	-80.0432
150.96	-80.0745
151.04	-80.137
151.12	-80.0745
151.2	-80.0432
151.28	-80.0745
151.36	-80.0432
151.44	-80.137
151.52	-80.137
151.6	-80.1057
151.68	-80.0745
151.76	-80.0432
151.84	-80.1057
151.92	-79.9807
152	-80.137
152.08	-80.137
152.16	-80.137
152.24	-80.0432
152.32	-79.9807
152.4	-80.012
152.48	-80.0432
152.56	-79.887
152.64	-79.9182
152.72	-79.887
152.8	-79.9182
152.88	-79.887
152.96	-79.887
153.04	-79.887
153.12	-79.9182
153.2	-80.012
153.28	-79.9807
153.36	-79.887
153.44	-79.9182
153.52	-79.9807
153.6	-79.9182
153.68	-79.9182
153.76	-79.9807
153.84	-80.012
153.92	-80.012
154	-79.9182
154.08	-80.0745
154.16	-80.1057
154.24	-79.9807
154.32	-79.9807
154.4	-80.0432
154.48	-79.9182
154.56	-79.9807
154.64	-80.0432
154.72	-80.1057
154.8	-80.012
154.88	-80.0432
154.96	-79.9807
155.04	-80.0745
155.12	-80.137
155.2	-80.0745
155.28	-80.012
155.36	-80.012
155.44	-79.887
155.52	-80.0745
155.6	-80.012
155.68	-80.012
155.76	-80.0745
155.84	-80.1057
155.92	-79.9807
156	-79.9807
156.08	-80.012
156.16	-80.012
156.24	-80.012
156.32	-79.887
156.4	-79.887
156.48	-80.0432
156.56	-80.012
156.64	-79.9807
156.72	-79.9182
156.8	-79.9807
156.88	-80.0432
156.96	-80.012
157.04	-79.9182
157.12	-80.0745
157.2	-80.012
157.28	-79.887
157.36	-79.9807
157.44	-80.012
157.52	-80.1057
157.6	-79.887
157.68	-79.9807
157.76	-79.887
157.84	-79.9807
157.92	-79.9807
158	-79.9807
158.08	-79.9807
158.16	-79.887
158.24	-79.887
158.32	-79.9807
158.4	-80.0432
158.48	-80.0745
158.56	-79.9182
158.64	-80.0432
158.72	-80.012
158.8	-80.0745
158.88	-79.8245
158.96	-79.887
159.04	-80.012
159.12	-79.9807
159.2	-80.012
159.28	-79.9807
159.36	-79.887
159.44	-80.012
159.52	-79.9807
159.6	-79.887
159.68	-79.9807
159.76	-79.887
159.84	-79.887
159.92	-79.887
160	-80.0432
160.08	-80.0432
160.16	-79.9807
160.24	-79.9182
160.32	-79.9807
160.4	-79.9807
160.48	-80.0432
160.56	-79.887
160.64	-79.9807
160.72	-79.8245
160.8	-79.887
160.88	-79.9182
160.96	-80.012
161.04	-79.9182
161.12	-79.8557
161.2	-79.9182
161.28	-80.0432
161.36	-80.012
161.44	-80.012
161.52	-80.0432
161.6	-80.0745
161.68	-79.9807
161.76	-80.0432
161.84	-80.0432
161.92	-79.9182
162	-79.9807
162.08	-80.0432
162.16	-80.012
162.24	-79.887
162.32	-80.0432
162.4	-80.0432
162.48	-80.012
162.56	-80.0745
162.64	-80.012
162.72	-79.9182
162.8	-79.9182
162.88	-79.9807
162.96	-79.9807
163.04	-79.9182
163.12	-79.9807
163.2	-79.887
163.28	-79.887
163.36	-79.9182
163.44	-79.887
163.52	-79.8557
163.6	-79.9182
163.68	-79.8557
163.76	-79.887
163.84	-79.9182
163.92	-79.9182
164	-79.9807
164.08	-79.9807
164.16	-80.012
164.24	-79.9807
164.32	-80.012
164.4	-79.887
164.48	-79.887
164.56	-80.012
164.64	-79.9807
164.72	-79.9807
164.8	-79.9807
164.88	-79.9807
164.96	-79.9807
165.04	-79.8557
165.12	-79.8245
165.2	-79.887
165.28	-79.8245
165.36	-79.9182
165.44	-79.8557
165.52	-79.8245
165.6	-79.9807
165.68	-79.9182
165.76	-80.012
165.84	-79.9182
165.92	-79.9807
166	-79.887
166.08	-79.9807
166.16	-80.0432
166.24	-79.9182
166.32	-79.9807
166.4	-80.012
166.48	-79.9807
166.56	-79.887
166.64	-79.887
166.72	-79.9182
166.8	-79.9807
166.88	-80.012
166.96	-79.9182
167.04	-79.9182
167.12	-79.887
167.2	-79.887
167.28	-79.887
167.36	-79.9807
167.44	-80.012
167.52	-79.9807
167.6	-80.012
167.68	-79.9807
167.76	-79.9182
167.84	-80.012
167.92	-80.012
168	-80.0432
168.08	-80.0745
168.16	-79.9807
168.24	-80.012
168.32	-79.9182
168.4	-79.9807
168.48	-79.8557
168.56	-79.7932
168.64	-79.9182
168.72	-79.9182
168.8	-79.887
168.88	-79.8557
168.96	-79.8557
169.04	-79.9807
169.12	-79.887
169.2	-79.8557
169.28	-79.887
169.36	-79.8557
169.44	-79.7932
169.52	-79.9807
169.6	-79.8245
169.68	-79.8245
169.76	-79.762
169.84	-79.7932
169.92	-79.7932
170	-79.8557
170.08	-79.8557
170.16	-79.9807
170.24	-79.887
170.32	-79.7932
170.4	-79.8245
170.48	-79.8245
170.56	-79.8245
170.64	-79.887
170.72	-79.8557
170.8	-79.887
170.88	-79.8557
170.96	-79.887
171.04	-79.7932
171.12	-79.7307
171.2	-79.7932
171.28	-79.8557
171.36	-79.9182
171.44	-79.8245
171.52	-79.8245
171.6	-79.887
171.68	-79.8245
171.76	-79.9807
171.84	-79.8245
171.92	-79.8245
172	-79.7932
172.08	-79.7932
172.16	-79.9182
172.24	-79.887
172.32	-79.8245
172.4	-79.762
172.48	-79.8245
172.56	-79.887
172.64	-79.887
172.72	-79.887
172.8	-79.8245
172.88	-79.8557
172.96	-79.8245
173.04	-79.762
173.12	-79.6995
173.2	-79.9182
173.28	-79.7932
173.36	-79.7307
173.44	-79.8245
173.52	-79.9182
173.6	-79.762
173.68	-79.8557
173.76	-79.7932
173.84	-79.6995
173.92	-79.7932
174	-79.8245
174.08	-79.887
174.16	-79.9807
174.24	-79.8557
174.32	-79.7932
174.4	-79.9807
174.48	-79.8245
174.56	-79.8557
174.64	-79.762
174.72	-79.8245
174.8	-79.8245
174.88	-79.7307
174.96	-79.762
175.04	-79.8245
175.12	-79.762
175.2	-79.7932
175.28	-79.8557
175.36	-79.7932
175.44	-79.8245
175.52	-79.7307
175.6	-79.8557
175.68	-79.7932
175.76	-79.7307
175.84	-79.7932
175.92	-79.7307
176	-79.762
176.08	-79.6995
176.16	-79.7932
176.24	-79.6995
176.32	-79.7307
176.4	-79.6995
176.48	-79.6682
176.56	-79.7307
176.64	-79.762
176.72	-79.7932
176.8	-79.8245
176.88	-79.762
176.96	-79.7932
177.04	-79.8245
177.12	-79.8245
177.2	-79.887
177.28	-79.8557
177.36	-79.887
177.44	-79.887
177.52	-79.8245
177.6	-79.8557
177.68	-79.887
177.76	-79.8557
177.84	-79.8245
177.92	-79.887
178	-79.887
178.08	-79.8557
178.16	-79.887
178.24	-79.8245
178.32	-79.8245
178.4	-79.7932
178.48	-79.9182
178.56	-79.9182
178.64	-79.8245
178.72	-79.8245
178.8	-79.8245
178.88	-79.7932
178.96	-79.8245
179.04	-79.7932
179.12	-79.8245
179.2	-79.762
179.28	-79.8245
179.36	-79.8245
179.44	-79.8245
179.52	-79.8557
179.6	-79.8557
179.68	-79.8557
179.76	-79.8245
179.84	-79.7932
179.92	-79.8245
180	-79.9182
180.08	-79.8557
180.16	-79.7932
180.24	-79.8245
180.32	-79.7932
180.4	-79.762
180.48	-79.7932
180.56	-79.7932
180.64	-79.6995
180.72	-79.7307
180.8	-79.6995
180.88	-79.887
180.96	-79.7932
181.04	-79.8245
181.12	-79.6995
181.2	-79.762
181.28	-79.762
181.36	-79.7307
181.44	-79.7307
181.52	-79.6995
181.6	-79.7307
181.68	-79.7307
181.76	-79.7307
181.84	-79.6995
181.92	-79.7307
182	-79.762
182.08	-79.8245
182.16	-79.762
182.24	-79.6995
182.32	-79.6995
182.4	-79.6682
182.48	-79.7307
182.56	-79.637
182.64	-79.6682
182.72	-79.6682
182.8	-79.6682
182.88	-79.6682
182.96	-79.6682
183.04	-79.7932
183.12	-79.6995
183.2	-79.762
183.28	-79.762
183.36	-79.7307
183.44	-79.762
183.52	-79.6995
183.6	-79.7932
183.68	-79.7307
183.76	-79.7932
183.84	-79.762
183.92	-79.762
184	-79.762
184.08	-79.762
184.16	-79.8245
184.24	-79.762
184.32	-79.762
184.4	-79.7307
184.48	-79.7307
184.56	-79.7307
184.64	-79.6995
184.72	-79.8245
184.8	-79.7307
184.88	-79.6682
184.96	-79.637
185.04	-79.6682
185.12	-79.6995
185.2	-79.637
185.28	-79.6058
185.36	-79.6682
185.44	-79.6682
185.52	-79.6682
185.6	-79.5745
185.68	-79.6995
185.76	-79.6682
185.84	-79.6682
185.92	-79.6995
186	-79.7307
186.08	-79.6995
186.16	-79.6995
186.24	-79.637
186.32	-79.637
186.4	-79.6058
186.48	-79.7307
186.56	-79.6995
186.64	-79.7932
186.72	-79.762
186.8	-79.7307
186.88	-79.7932
186.96	-79.6995
187.04	-79.6995
187.12	-79.637
187.2	-79.7307
187.28	-79.6995
187.36	-79.637
187.44	-79.6058
187.52	-79.6995
187.6	-79.7307
187.68	-79.637
187.76	-79.7307
187.84	-79.762
187.92	-79.6995
188	-79.6995
188.08	-79.7307
188.16	-79.6995
188.24	-79.6682
188.32	-79.6682
188.4	-79.6995
188.48	-79.6682
188.56	-79.6682
188.64	-79.6995
188.72	-79.6682
188.8	-79.6682
188.88	-79.637
188.96	-79.7307
189.04	-79.6995
189.12	-79.6058
189.2	-79.7307
189.28	-79.6995
189.36	-79.637
189.44	-79.6995
189.52	-79.637
189.6	-79.637
189.68	-79.6995
189.76	-79.637
189.84	-79.7307
189.92	-79.6995
190	-79.7307
190.08	-79.6995
190.16	-79.6682
190.24	-79.7307
190.32	-79.7307
190.4	-79.6995
190.48	-79.7307
190.56	-79.762
190.64	-79.6995
190.72	-79.6682
190.8	-79.6682
190.88	-79.637
190.96	-79.762
191.04	-79.8245
191.12	-79.7932
191.2	-79.762
191.28	-79.7932
191.36	-79.7307
191.44	-79.7307
191.52	-79.6995
191.6	-79.6682
191.68	-79.7307
191.76	-79.6682
191.84	-79.637
191.92	-79.762
192	-79.6995
192.08	-79.7307
192.16	-79.6995
192.24	-79.6682
192.32	-79.637
192.4	-79.7307
192.48	-79.6995
192.56	-79.7307
192.64	-79.6995
192.72	-79.6682
192.8	-79.6682
192.88	-79.6995
192.96	-79.6995
193.04	-79.6058
193.12	-79.637
193.2	-79.762
193.28	-79.637
193.36	-79.6995
193.44	-79.6995
193.52	-79.7307
193.6	-79.6682
193.68	-79.6995
193.76	-79.6682
193.84	-79.637
193.92	-79.6682
194	-79.6995
194.08	-79.6682
194.16	-79.7307
194.24	-79.6995
194.32	-79.6682
194.4	-79.6995
194.48	-79.6995
194.56	-79.7307
194.64	-79.637
194.72	-79.762
194.8	-79.7307
194.88	-79.7307
194.96	-79.7307
195.04	-79.637
195.12	-79.6995
195.2	-79.6682
195.28	-79.6995
195.36	-79.6682
195.44	-79.6995
195.52	-79.637
195.6	-79.6995
195.68	-79.6995
195.76	-79.6682
195.84	-79.637
195.92	-79.6995
196	-79.6058
196.08	-79.637
196.16	-79.637
196.24	-79.6058
196.32	-79.637
196.4	-79.637
196.48	-79.6995
196.56	-79.6995
196.64	-79.637
196.72	-79.637
196.8	-79.637
196.88	-79.6058
196.96	-79.5745
197.04	-79.637
197.12	-79.5745
197.2	-79.637
197.28	-79.637
197.36	-79.5745
197.44	-79.6682
197.52	-79.637
197.6	-79.6682
197.68	-79.637
197.76	-79.6995
197.84	-79.6682
197.92	-79.637
198	-79.6058
198.08	-79.6682
198.16	-79.5745
198.24	-79.637
198.32	-79.5745
198.4	-79.6995
198.48	-79.6682
198.56	-79.6682
198.64	-79.512
198.72	-79.6058
198.8	-79.6058
198.88	-79.6058
198.96	-79.637
199.04	-79.637
199.12	-79.512
199.2	-79.6058
199.28	-79.5745
199.36	-79.5745
199.44	-79.5745
199.52	-79.6682
199.6	-79.5432
199.68	-79.512
199.76	-79.6682
199.84	-79.5745
199.92	-79.6995
200	-79.512
200.08	-79.512
200.16	-79.6058
200.24	-79.5745
200.32	-79.6058
200.4	-79.5745
200.48	-79.512
200.56	-79.5432
200.64	-79.5745
200.72	-79.6058
200.8	-79.5745
200.88	-79.6058
200.96	-79.512
201.04	-79.637
201.12	-79.5745
201.2	-79.637
201.28	-79.4807
201.36	-79.512
201.44	-79.637
201.52	-79.6995
201.6	-79.5432
201.68	-79.5745
201.76	-79.5745
201.84	-79.637
201.92	-79.5432
202	-79.6058
202.08	-79.637
202.16	-79.5432
202.24	-79.4807
202.32	-79.637
202.4	-79.637
202.48	-79.637
202.56	-79.5432
202.64	-79.6058
202.72	-79.6058
202.8	-79.6058
202.88	-79.5745
202.96	-79.512
203.04	-79.4495
203.12	-79.512
203.2	-79.4495
203.28	-79.4495
203.36	-79.4807
203.44	-79.4807
203.52	-79.5745
203.6	-79.4807
203.68	-79.4807
203.76	-79.512
203.84	-79.4807
203.92	-79.6058
204	-79.6058
204.08	-79.6058
204.16	-79.6058
204.24	-79.5745
204.32	-79.5432
204.4	-79.6058
204.48	-79.512
204.56	-79.5432
204.64	-79.5432
204.72	-79.6682
204.8	-79.637
204.88	-79.5745
204.96	-79.5432
205.04	-79.6058
205.12	-79.5745
205.2	-79.6058
205.28	-79.5745
205.36	-79.6682
205.44	-79.6058
205.52	-79.6058
205.6	-79.5745
205.68	-79.4807
205.76	-79.637
205.84	-79.6058
205.92	-79.637
206	-79.637
206.08	-79.6058
206.16	-79.6058
206.24	-79.5432
206.32	-79.5745
206.4	-79.6058
206.48	-79.5745
206.56	-79.637
206.64	-79.637
206.72	-79.6682
206.8	-79.6058
206.88	-79.6058
206.96	-79.6682
207.04	-79.6995
207.12	-79.6058
207.2	-79.5745
207.28	-79.5745
207.36	-79.6058
207.44	-79.637
207.52	-79.6058
207.6	-79.5745
207.68	-79.637
207.76	-79.6682
207.84	-79.6058
207.92	-79.6995
208	-79.7307
208.08	-79.6995
208.16	-79.6682
208.24	-79.6058
208.32	-79.637
208.4	-79.6995
208.48	-79.6995
208.56	-79.6682
208.64	-79.6058
208.72	-79.4807
208.8	-79.512
208.88	-79.6682
208.96	-79.5432
209.04	-79.6682
209.12	-79.5745
209.2	-79.5745
209.28	-79.5432
209.36	-79.5432
209.44	-79.5745
209.52	-79.5432
209.6	-79.512
209.68	-79.512
209.76	-79.512
209.84	-79.4182
209.92	-79.512
210	-79.512
210.08	-79.5745
210.16	-79.6058
210.24	-79.6058
210.32	-79.637
210.4	-79.5745
210.48	-79.637
210.56	-79.637
210.64	-79.6058
210.72	-79.6682
210.8	-79.6682
210.88	-79.7307
210.96	-79.5745
211.04	-79.5745
211.12	-79.512
211.2	-79.637
211.28	-79.6058
211.36	-79.5432
211.44	-79.6682
211.52	-79.6995
211.6	-79.6682
211.68	-79.6995
211.76	-79.5745
211.84	-79.6682
211.92	-79.637
212	-79.512
212.08	-79.512
212.16	-79.4807
212.24	-79.512
212.32	-79.4807
212.4	-79.4495
212.48	-79.4182
212.56	-79.5432
212.64	-79.5745
212.72	-79.5432
212.8	-79.6058
212.88	-79.6682
212.96	-79.512
213.04	-79.4807
213.12	-79.6058
213.2	-79.5745
213.28	-79.5432
213.36	-79.5745
213.44	-79.5432
213.52	-79.512
213.6	-79.5432
213.68	-79.4807
213.76	-79.5432
213.84	-79.5745
213.92	-79.512
214	-79.512
214.08	-79.6058
214.16	-79.5432
214.24	-79.5432
214.32	-79.4807
214.4	-79.4807
214.48	-79.5432
214.56	-79.4495
214.64	-79.4807
214.72	-79.387
214.8	-79.4807
214.88	-79.3557
214.96	-79.5808
215.04	-79.5808
215.12	-79.5808
215.2	-79.5808
215.28	-79.5808
215.36	-79.3438
215.44	-79.2188
215.52	-78.8438
215.6	-78.8438
215.68	-78.5938
215.76	-78.5625
215.84	-78.5
215.92	-78.5
216	-78.3125
216.08	-78.1562
216.16	-78.1875
216.24	-78.0938
216.32	-78.0938
216.4	-77.9687
216.48	-77.9687
216.56	-77.9063
216.64	-77.75
216.72	-77.6875
216.8	-77.6562
216.88	-77.6562
216.96	-77.5312
217.04	-77.5625
217.12	-77.5312
217.2	-77.4375
217.28	-77.25
217.36	-77.3125
217.44	-77.25
217.52	-77.2187
217.6	-77.1875
217.68	-77.0625
217.76	-77.1563
217.84	-77.0312
217.92	-76.9688
218	-77
218.08	-76.8125
218.16	-76.875
218.24	-76.875
218.32	-76.7813
218.4	-76.6875
218.48	-76.75
218.56	-76.625
218.64	-76.625
218.72	-76.4688
218.8	-76.5625
218.88	-76.4688
218.96	-76.4375
219.04	-76.4375
219.12	-76.2812
219.2	-76.1875
219.28	-76.1563
219.36	-76.1563
219.44	-76.0313
219.52	-75.9687
219.6	-75.9375
219.68	-75.9375
219.76	-75.8438
219.84	-75.9062
219.92	-75.8125
220	-75.8438
220.08	-75.7188
220.16	-75.6875
220.24	-75.6563
220.32	-75.5937
220.4	-75.5937
220.48	-75.5313
220.56	-75.5313
220.64	-75.4687
220.72	-75.4063
220.8	-75.375
220.88	-75.4063
220.96	-75.375
221.04	-75.2812
221.12	-75.2188
221.2	-75.2188
221.28	-75.1875
221.36	-75.1562
221.44	-75.125
221.52	-75
221.6	-74.9375
221.68	-75.0938
221.76	-74.9063
221.84	-74.9375
221.92	-74.875
222	-74.9063
222.08	-74.8437
222.16	-74.7812
222.24	-74.8125
222.32	-74.75
222.4	-74.7188
222.48	-74.6875
222.56	-74.6875
222.64	-74.7188
222.72	-74.625
222.8	-74.5938
222.88	-74.5938
222.96	-74.5625
223.04	-74.4375
223.12	-74.5312
223.2	-74.4063
223.28	-74.3125
223.36	-74.4063
223.44	-74.3125
223.52	-74.25
223.6	-74.2188
223.68	-74.1875
223.76	-74.1875
223.84	-74.25
223.92	-74.1875
224	-74.1562
224.08	-74.0938
224.16	-74.0938
224.24	-74.0938
224.32	-74.0312
224.4	-74.0312
224.48	-73.9688
224.56	-73.9063
224.64	-73.8125
224.72	-73.875
224.8	-73.75
224.88	-73.7813
224.96	-73.7813
225.04	-73.75
225.12	-73.875
225.2	-73.7813
225.28	-73.8125
225.36	-73.7187
225.44	-73.6563
225.52	-73.6563
225.6	-73.625
225.68	-73.625
225.76	-73.5625
225.84	-73.4375
225.92	-73.4375
226	-73.5
226.08	-73.3125
226.16	-73.2813
226.24	-73.2813
226.32	-73.3125
226.4	-73.3125
226.48	-73.2813
226.56	-73.2187
226.64	-73.2813
226.72	-73.2813
226.8	-73.25
226.88	-73.2187
226.96	-73.2187
227.04	-73.1875
227.12	-73.0937
227.2	-73.1563
227.28	-73.125
227.36	-73.0937
227.44	-73.0312
227.52	-73.0625
227.6	-73.0937
227.68	-73.0625
227.76	-73.0312
227.84	-72.9062
227.92	-72.9062
228	-72.9688
228.08	-72.9375
228.16	-72.9375
228.24	-72.9375
228.32	-72.8438
228.4	-72.875
228.48	-72.7812
228.56	-72.8125
228.64	-72.75
228.72	-72.7187
228.8	-72.6563
228.88	-72.625
228.96	-72.5937
229.04	-72.5625
229.12	-72.5
229.2	-72.6563
229.28	-72.5625
229.36	-72.5625
229.44	-72.4688
229.52	-72.4375
229.6	-72.4062
229.68	-72.4688
229.76	-72.5
229.84	-72.375
229.92	-72.4375
230	-72.375
230.08	-72.4062
230.16	-72.2812
230.24	-72.375
230.32	-72.25
230.4	-72.25
230.48	-72.2188
230.56	-72.25
230.64	-72.1563
230.72	-72.1875
230.8	-72.2188
230.88	-72.1563
230.96	-72.1563
231.04	-72.1875
231.12	-72.0625
231.2	-72.0937
231.28	-72.125
231.36	-72.0313
231.44	-72.0625
231.52	-71.9687
231.6	-71.9687
231.68	-71.9687
231.76	-72.0625
231.84	-71.9687
231.92	-71.9063
232	-71.8438
232.08	-71.9375
232.16	-71.9375
232.24	-71.875
232.32	-71.9063
232.4	-71.875
232.48	-71.875
232.56	-71.875
232.64	-71.6875
232.72	-71.7812
232.8	-71.75
232.88	-71.75
232.96	-71.75
233.04	-71.6875
233.12	-71.7188
233.2	-71.6562
233.28	-71.6562
233.36	-71.7188
233.44	-71.5937
233.52	-71.5625
233.6	-71.6562
233.68	-71.5937
233.76	-71.5313
233.84	-71.5313
233.92	-71.5625
234	-71.5313
234.08	-71.5
234.16	-71.3437
234.24	-71.4063
234.32	-71.4687
234.4	-71.4687
234.48	-71.4375
234.56	-71.5
234.64	-71.4375
234.72	-71.4375
234.8	-71.4063
234.88	-71.2812
234.96	-71.3437
235.04	-71.3437
235.12	-71.375
235.2	-71.25
235.28	-71.2188
235.36	-71.3125
235.44	-71.125
235.52	-71.1562
235.6	-71.1875
235.68	-71.2188
235.76	-71.1562
235.84	-71.125
235.92	-71.0938
236	-71.2188
236.08	-71.0938
236.16	-71.0313
236.24	-71
236.32	-71.0625
236.4	-70.9687
236.48	-70.9687
236.56	-70.9687
236.64	-71
236.72	-71.0313
236.8	-71
236.88	-70.9687
236.96	-70.8437
237.04	-70.875
237.12	-70.875
237.2	-70.9687
237.28	-70.9687
237.36	-70.875
237.44	-70.875
237.52	-70.8437
237.6	-70.7188
237.68	-70.875
237.76	-70.75
237.84	-70.9063
237.92	-70.75
238	-70.8125
238.08	-70.8437
238.16	-70.75
238.24	-70.75
238.32	-70.75
238.4	-70.6875
238.48	-70.625
238.56	-70.6562
238.64	-70.6875
238.72	-70.625
238.8	-70.6562
238.88	-70.6875
238.96	-70.5938
239.04	-70.625
239.12	-70.75
239.2	-70.5938
239.28	-70.625
239.36	-70.625
239.44	-70.6562
239.52	-70.5938
239.6	-70.6562
239.68	-70.5312
239.76	-70.5625
239.84	-70.5625
239.92	-70.5
240	-70.5312
240.08	-70.625
240.16	-70.5625
240.24	-70.4375
240.32	-70.5625
240.4	-70.4688
240.48	-70.4688
240.56	-70.4688
240.64	-70.4688
240.72	-70.4063
240.8	-70.4063
240.88	-70.3437
240.96	-70.2813
241.04	-70.3125
241.12	-70.2813
241.2	-70.4375
241.28	-70.375
241.36	-70.3125
241.44	-70.2187
241.52	-70.3125
241.6	-70.3437
241.68	-70.2187
241.76	-70.125
241.84	-70.2187
241.92	-70.125
242	-70.1562
242.08	-70.0938
242.16	-70.1875
242.24	-70.0625
242.32	-69.9688
242.4	-70.0312
242.48	-70.0625
242.56	-70.1562
242.64	-70.0625
242.72	-70.0312
242.8	-70
242.88	-70
242.96	-70.0312
243.04	-70
243.12	-70.0312
243.2	-69.9375
243.28	-70
243.36	-70
243.44	-70
243.52	-69.9375
243.6	-69.9062
243.68	-69.9688
243.76	-69.9375
243.84	-69.9375
243.92	-69.875
244	-69.9688
244.08	-69.9375
244.16	-70.0625
244.24	-69.9688
244.32	-69.9375
244.4	-69.9375
244.48	-69.9062
244.56	-69.9062
244.64	-69.9375
244.72	-69.9062
244.8	-69.8437
244.88	-69.875
244.96	-69.875
245.04	-69.875
245.12	-69.7813
245.2	-69.7813
245.28	-69.7813
245.36	-69.75
245.44	-69.75
245.52	-69.7187
245.6	-69.7187
245.68	-69.7187
245.76	-69.6563
245.84	-69.6563
245.92	-69.7813
246	-69.6563
246.08	-69.7187
246.16	-69.6563
246.24	-69.6563
246.32	-69.6875
246.4	-69.6875
246.48	-69.625
246.56	-69.5937
246.64	-69.625
246.72	-69.5937
246.8	-69.625
246.88	-69.5937
246.96	-69.5937
247.04	-69.5937
247.12	-69.5312
247.2	-69.5937
247.28	-69.5
247.36	-69.5937
247.44	-69.625
247.52	-69.5
247.6	-69.5
247.68	-69.5312
247.76	-69.5312
247.84	-69.4688
247.92	-69.4375
248	-69.4062
248.08	-69.4375
248.16	-69.5
248.24	-69.4375
248.32	-69.4062
248.4	-69.4375
248.48	-69.4062
248.56	-69.375
248.64	-69.375
248.72	-69.375
248.8	-69.4688
248.88	-69.4062
248.96	-69.4688
249.04	-69.4062
249.12	-69.4375
249.2	-69.4062
249.28	-69.3125
249.36	-69.3125
249.44	-69.3438
249.52	-69.375
249.6	-69.3438
249.68	-69.3125
249.76	-69.25
249.84	-69.3125
249.92	-69.1875
250	-69.2187
250.08	-69.25
250.16	-69.1875
250.24	-69.2187
250.32	-69.25
250.4	-69.1875
250.48	-69.1875
250.56	-69.125
250.64	-69.1563
250.72	-69.1563
250.8	-69.1875
250.88	-69.2187
250.96	-69.1563
251.04	-69.0937
251.12	-69.1563
251.2	-69.125
251.28	-69.1875
251.36	-69.1875
251.44	-69.2187
251.52	-69.0937
251.6	-69.125
251.68	-69.1563
251.76	-69.1563
251.84	-69.0937
251.92	-69.0625
252	-69.0937
252.08	-69.0625
252.16	-69.1563
252.24	-69.1563
252.32	-68.9688
252.4	-69
252.48	-68.9688
252.56	-69
252.64	-68.9688
252.72	-69.0625
252.8	-68.9688
252.88	-68.9375
252.96	-69.0313
253.04	-68.9375
253.12	-69
253.2	-68.8125
253.28	-68.9375
253.36	-68.8438
253.44	-68.8438
253.52	-68.9375
253.6	-68.9062
253.68	-68.8438
253.76	-68.9688
253.84	-68.8438
253.92	-68.9688
254	-68.9062
254.08	-68.8125
254.16	-68.9062
254.24	-68.9375
254.32	-68.9375
254.4	-68.8438
254.48	-68.8125
254.56	-68.75
254.64	-68.7812
254.72	-68.9062
254.8	-68.8438
254.88	-68.8438
254.96	-68.7187
255.04	-68.7187
255.12	-68.75
255.2	-68.75
255.28	-68.7812
255.36	-68.75
255.44	-68.7812
255.52	-68.7187
255.6	-68.75
255.68	-68.6563
255.76	-68.6563
255.84	-68.6563
255.92	-68.7812
256	-68.6875
256.08	-68.7187
256.16	-68.7187
256.24	-68.6563
256.32	-68.6563
256.4	-68.6875
256.48	-68.7187
256.56	-68.6563
256.64	-68.625
256.72	-68.6563
256.8	-68.6875
256.88	-68.6563
256.96	-68.6563
257.04	-68.625
257.12	-68.625
257.2	-68.5625
257.28	-68.6563
257.36	-68.5937
257.44	-68.625
257.52	-68.625
257.6	-68.625
257.68	-68.625
257.76	-68.625
257.84	-68.5937
257.92	-68.5937
258	-68.5937
258.08	-68.5937
258.16	-68.6563
258.24	-68.75
258.32	-68.5625
258.4	-68.5313
258.48	-68.5
258.56	-68.5937
258.64	-68.5
258.72	-68.5625
258.8	-68.5313
258.88	-68.5625
258.96	-68.4375
259.04	-68.5625
259.12	-68.5
259.2	-68.5313
259.28	-68.5937
259.36	-68.5313
259.44	-68.4062
259.52	-68.4687
259.6	-68.4687
259.68	-68.5
259.76	-68.4687
259.84	-68.4375
259.92	-68.4375
260	-68.5313
260.08	-68.4375
260.16	-68.4375
260.24	-68.375
260.32	-68.3438
260.4	-68.4062
260.48	-68.3438
260.56	-68.375
260.64	-68.375
260.72	-68.4375
260.8	-68.4375
260.88	-68.4687
260.96	-68.375
261.04	-68.4062
261.12	-68.4687
261.2	-68.375
261.28	-68.4062
261.36	-68.4062
261.44	-68.4687
261.52	-68.4687
261.6	-68.4375
261.68	-68.4062
261.76	-68.375
261.84	-68.3438
261.92	-68.375
262	-68.3438
262.08	-68.2812
262.16	-68.1875
262.24	-68.25
262.32	-68.4062
262.4	-68.375
262.48	-68.3125
262.56	-68.2812
262.64	-68.1875
262.72	-68.3438
262.8	-68.25
262.88	-68.125
262.96	-68.1562
263.04	-68.25
263.12	-68.3438
263.2	-68.3125
263.28	-68.2812
263.36	-68.1562
263.44	-68.125
263.52	-68.125
263.6	-68.1562
263.68	-68.125
263.76	-68.2812
263.84	-68.25
263.92	-68.1875
264	-68.25
264.08	-68.25
264.16	-68.1875
264.24	-68.1875
264.32	-68.1562
264.4	-68.0937
264.48	-68.0937
264.56	-68.0937
264.64	-68.125
264.72	-68.0937
264.8	-68.125
264.88	-68.0625
264.96	-68
265.04	-68
265.12	-68.0937
265.2	-68.125
265.28	-68.125
265.36	-68
265.44	-68.0313
265.52	-68.0937
265.6	-68.0625
265.68	-68.0937
265.76	-68.25
265.84	-68.0625
265.92	-68.1562
266	-68.1562
266.08	-68
266.16	-68
266.24	-68.0313
266.32	-68
266.4	-67.9687
266.48	-68
266.56	-67.9375
266.64	-67.875
266.72	-68.0313
266.8	-68
266.88	-68.0313
266.96	-67.9375
267.04	-67.9687
267.12	-67.9375
267.2	-67.9687
267.28	-68.125
267.36	-68.0313
267.44	-68
267.52	-68.0937
267.6	-68
267.68	-67.875
267.76	-67.9687
267.84	-67.9687
267.92	-68
268	-67.9375
268.08	-67.9063
268.16	-68.0313
268.24	-67.9063
268.32	-67.9063
268.4	-68
268.48	-67.9687
268.56	-67.9063
268.64	-67.9375
268.72	-67.9063
268.8	-67.875
268.88	-67.9063
268.96	-67.9687
269.04	-68
269.12	-67.9063
269.2	-67.8125
269.28	-67.9687
269.36	-67.875
269.44	-67.875
269.52	-67.875
269.6	-67.875
269.68	-67.8438
269.76	-67.8438
269.84	-67.7812
269.92	-67.7812
270	-67.8125
270.08	-67.8438
270.16	-67.875
270.24	-67.7812
270.32	-67.875
270.4	-67.8438
270.48	-67.8125
270.56	-67.7812
270.64	-67.8125
270.72	-67.875
270.8	-67.7812
270.88	-67.8438
270.96	-67.8438
271.04	-67.7812
271.12	-67.7812
271.2	-67.7188
271.28	-67.7812
271.36	-67.8125
271.44	-67.75
271.52	-67.75
271.6	-67.6875
271.68	-67.8125
271.76	-67.7812
271.84	-67.75
271.92	-67.75
272	-67.8438
272.08	-67.7812
272.16	-67.75
272.24	-67.75
272.32	-67.7188
272.4	-67.75
272.48	-67.75
272.56	-67.7188
272.64	-67.75
272.72	-67.7188
272.8	-67.7812
272.88	-67.8125
272.96	-67.75
273.04	-67.6875
273.12	-67.6875
273.2	-67.75
273.28	-67.75
273.36	-67.7812
273.44	-67.7812
273.52	-67.6875
273.6	-67.6875
273.68	-67.6875
273.76	-67.75
273.84	-67.6875
273.92	-67.7188
274	-67.6875
274.08	-67.6875
274.16	-67.625
274.24	-67.625
274.32	-67.7812
274.4	-67.6875
274.48	-67.6875
274.56	-67.6875
274.64	-67.6875
274.72	-67.7812
274.8	-67.6875
274.88	-67.625
274.96	-67.6875
275.04	-67.75
275.12	-67.6875
275.2	-67.625
275.28	-67.5
275.36	-67.5938
275.44	-67.6562
275.52	-67.625
275.6	-67.6562
275.68	-67.6875
275.76	-67.5625
275.84	-67.5938
275.92	-67.5938
276	-67.4687
276.08	-67.4375
276.16	-67.5625
276.24	-67.5938
276.32	-67.5938
276.4	-67.5938
276.48	-67.625
276.56	-67.5625
276.64	-67.625
276.72	-67.5
276.8	-67.5
276.88	-67.5625
276.96	-67.625
277.04	-67.5
277.12	-67.5
277.2	-67.5
277.28	-67.5625
277.36	-67.5625
277.44	-67.4375
277.52	-67.5938
277.6	-67.4375
277.68	-67.4687
277.76	-67.4687
277.84	-67.5625
277.92	-67.4687
278	-67.4687
278.08	-67.4375
278.16	-67.5625
278.24	-67.4375
278.32	-67.4375
278.4	-67.5938
278.48	-67.5
278.56	-67.4375
278.64	-67.5
278.72	-67.4687
278.8	-67.4687
278.88	-67.5
278.96	-67.5625
279.04	-67.5
279.12	-67.4375
279.2	-67.4375
279.28	-67.4375
279.36	-67.4063
279.44	-67.4063
279.52	-67.4063
279.6	-67.4375
279.68	-67.5
279.76	-67.4375
279.84	-67.4375
279.92	-67.5
280	-67.375
280.08	-67.4375
280.16	-67.4687
280.24	-67.4375
280.32	-67.4687
280.4	-67.375
280.48	-67.4063
280.56	-67.4063
280.64	-67.4375
280.72	-67.4063
280.8	-67.4063
280.88	-67.375
280.96	-67.375
281.04	-67.4063
281.12	-67.5
281.2	-67.3437
281.28	-67.375
281.36	-67.4063
281.44	-67.4063
281.52	-67.4375
281.6	-67.375
281.68	-67.4063
281.76	-67.4375
281.84	-67.4063
281.92	-67.4063
282	-67.375
282.08	-67.4687
282.16	-67.4687
282.24	-67.3437
282.32	-67.3437
282.4	-67.3437
282.48	-67.3125
282.56	-67.4063
282.64	-67.3125
282.72	-67.4063
282.8	-67.4063
282.88	-67.3125
282.96	-67.2813
283.04	-67.375
283.12	-67.375
283.2	-67.4375
283.28	-67.375
283.36	-67.3125
283.44	-67.3437
283.52	-67.25
283.6	-67.4063
283.68	-67.3125
283.76	-67.2813
283.84	-67.4063
283.92	-67.375
284	-67.375
284.08	-67.2813
284.16	-67.375
284.24	-67.3125
284.32	-67.3125
284.4	-67.375
284.48	-67.2813
284.56	-67.375
284.64	-67.4063
284.72	-67.3437
284.8	-67.3437
284.88	-67.375
284.96	-67.375
285.04	-67.2813
285.12	-67.2813
285.2	-67.375
285.28	-67.25
285.36	-67.3437
285.44	-67.2813
285.52	-67.2188
285.6	-67.3125
285.68	-67.2188
285.76	-67.25
285.84	-67.2188
285.92	-67.1875
286	-67.2188
286.08	-67.1875
286.16	-67.2188
286.24	-67.1875
286.32	-67.1875
286.4	-67.125
286.48	-67.0938
286.56	-67.125
286.64	-67.1562
286.72	-67.1562
286.8	-67.25
286.88	-67.2188
286.96	-67.2813
287.04	-67.1562
287.12	-67.1875
287.2	-67.1875
287.28	-67.0938
287.36	-67.0938
287.44	-67.25
287.52	-67.0938
287.6	-67.1562
287.68	-67.125
287.76	-67.1875
287.84	-67.125
287.92	-67.2188
288	-67.0938
288.08	-67.2188
288.16	-67.1562
288.24	-67.0938
288.32	-67.2188
288.4	-67.2188
288.48	-67.1562
288.56	-67.2188
288.64	-67.2188
288.72	-67.1875
288.8	-67.1562
288.88	-67.1875
288.96	-67.1875
289.04	-67.1562
289.12	-67.2188
289.2	-67.0938
289.28	-67.125
289.36	-67.1562
289.44	-67.0625
289.52	-67.0625
289.6	-67.0312
289.68	-67.0938
289.76	-67.0625
289.84	-67.0938
289.92	-67.1562
290	-67.1562
290.08	-67.0938
290.16	-67.0625
290.24	-67.0625
290.32	-67.0625
290.4	-67.1875
290.48	-67
290.56	-67.0938
290.64	-67.0625
290.72	-67
290.8	-67.1562
290.88	-67.0938
290.96	-67
291.04	-67.125
291.12	-67.0938
291.2	-67
291.28	-67.0312
291.36	-67
291.44	-67
291.52	-67.0312
291.6	-67.1562
291.68	-67
291.76	-67
291.84	-67
291.92	-67
292	-67.0938
292.08	-67.0312
292.16	-66.9687
292.24	-67
292.32	-67.0312
292.4	-67
292.48	-66.9687
292.56	-67
292.64	-66.9375
292.72	-67.0312
292.8	-66.9687
292.88	-67.0938
292.96	-67.0625
293.04	-67
293.12	-67
293.2	-67.0312
293.28	-67.0312
293.36	-67.0312
293.44	-66.9375
293.52	-67
293.6	-67
293.68	-66.9687
293.76	-67.0312
293.84	-67
293.92	-67.0625
294	-67.0625
294.08	-67.0625
294.16	-67.0312
294.24	-66.9687
294.32	-66.9687
294.4	-67.0312
294.48	-67.0625
294.56	-67
294.64	-67
294.72	-67.0625
294.8	-67.0312
294.88	-66.9687
294.96	-67.0312
295.04	-67.0625
295.12	-67.0625
295.2	-67
295.28	-67.0312
295.36	-67.0312
295.44	-66.9375
295.52	-66.9687
295.6	-66.9375
295.68	-67
295.76	-67.0312
295.84	-67.0625
295.92	-66.9687
296	-67
296.08	-66.9375
296.16	-66.9687
296.24	-66.9687
296.32	-66.9375
296.4	-66.9687
296.48	-66.9375
296.56	-66.9375
296.64	-66.9687
296.72	-66.9687
296.8	-66.9375
296.88	-66.9375
296.96	-66.9063
297.04	-66.9375
297.12	-66.8125
297.2	-66.8125
297.28	-66.8125
297.36	-66.875
297.44	-66.9063
297.52	-66.9687
297.6	-66.9063
297.68	-66.9063
297.76	-66.9375
297.84	-66.8125
297.92	-66.9063
298	-66.875
298.08	-66.9063
298.16	-66.7813
298.24	-66.9063
298.32	-66.875
298.4	-66.875
298.48	-66.9687
298.56	-66.875
298.64	-66.9375
298.72	-66.9375
298.8	-66.9063
298.88	-66.8125
298.96	-66.9063
299.04	-66.9375
299.12	-66.875
299.2	-66.9063
299.28	-66.75
299.36	-66.8125
299.44	-66.7813
299.52	-66.7187
299.6	-66.7813
299.68	-66.7813
299.76	-66.7813
299.84	-66.875
299.92	-66.875
300	-66.875
300.08	-66.8125
300.16	-66.7813
300.24	-66.875
300.32	-66.9063
300.4	-66.9375
300.48	-66.9063
300.56	-66.9687
300.64	-66.9687
300.72	-66.7813
300.8	-66.875
300.88	-66.875
300.96	-66.8125
301.04	-66.9063
301.12	-66.875
301.2	-66.875
301.28	-66.875
301.36	-66.9063
301.44	-66.8125
301.52	-66.9687
301.6	-66.875
301.68	-66.9375
301.76	-66.875
301.84	-66.7813
301.92	-66.875
302	-66.7813
302.08	-66.7813
302.16	-66.7813
302.24	-66.7813
302.32	-66.875
302.4	-66.7813
302.48	-66.75
302.56	-66.8125
302.64	-66.7813
302.72	-66.8125
302.8	-66.7187
302.88	-66.75
302.96	-66.7187
303.04	-66.7187
303.12	-66.6562
303.2	-66.7187
303.28	-66.6875
303.36	-66.7187
303.44	-66.7813
303.52	-66.7187
303.6	-66.7187
303.68	-66.7813
303.76	-66.75
303.84	-66.75
303.92	-66.7813
304	-66.6875
304.08	-66.8125
304.16	-66.7187
304.24	-66.7813
304.32	-66.75
304.4	-66.7813
304.48	-66.7187
304.56	-66.7813
304.64	-66.75
304.72	-66.75
304.8	-66.7187
304.88	-66.7187
304.96	-66.8125
305.04	-66.875
305.12	-66.875
305.2	-66.7813
305.28	-66.7813
305.36	-66.75
305.44	-66.8125
305.52	-66.75
305.6	-66.75
305.68	-66.875
305.76	-66.7813
305.84	-66.7187
305.92	-66.75
306	-66.7187
306.08	-66.7187
306.16	-66.8125
306.24	-66.7813
306.32	-66.75
306.4	-66.7813
306.48	-66.7813
306.56	-66.6875
306.64	-66.625
306.72	-66.8125
306.8	-66.7813
306.88	-66.8125
306.96	-66.75
307.04	-66.8125
307.12	-66.75
307.2	-66.7813
307.28	-66.7187
307.36	-66.8125
307.44	-66.7813
307.52	-66.7813
307.6	-66.6875
307.68	-66.7187
307.76	-66.7187
307.84	-66.6562
307.92	-66.7187
308	-66.7187
308.08	-66.7187
308.16	-66.7813
308.24	-66.625
308.32	-66.7187
308.4	-66.6875
308.48	-66.75
308.56	-66.7813
308.64	-66.7813
308.72	-66.7187
308.8	-66.6875
308.88	-66.6875
308.96	-66.75
309.04	-66.7187
309.12	-66.6875
309.2	-66.6562
309.28	-66.6875
309.36	-66.625
309.44	-66.625
309.52	-66.6875
309.6	-66.6562
309.68	-66.6562
309.76	-66.6875
309.84	-66.7187
309.92	-66.6562
310	-66.6875
310.08	-66.6562
310.16	-66.7187
310.24	-66.625
310.32	-66.75
310.4	-66.6875
310.48	-66.7187
310.56	-66.7187
310.64	-66.6562
310.72	-66.6562
310.8	-66.7187
310.88	-66.6875
310.96	-66.6562
311.04	-66.75
311.12	-66.7187
311.2	-66.6562
311.28	-66.625
311.36	-66.625
311.44	-66.6875
311.52	-66.7187
311.6	-66.7187
311.68	-66.6875
311.76	-66.7187
311.84	-66.6562
311.92	-66.6875
312	-66.6875
312.08	-66.75
312.16	-66.625
312.24	-66.7187
312.32	-66.75
312.4	-66.6875
312.48	-66.7187
312.56	-66.75
312.64	-66.6875
312.72	-66.7187
312.8	-66.75
312.88	-66.7187
312.96	-66.6875
313.04	-66.625
313.12	-66.7813
313.2	-66.7187
313.28	-66.75
313.36	-66.7187
313.44	-66.6562
313.52	-66.6875
313.6	-66.625
313.68	-66.6875
313.76	-66.7187
313.84	-66.6562
313.92	-66.6562
314	-66.625
314.08	-66.625
314.16	-66.625
314.24	-66.625
314.32	-66.625
314.4	-66.625
314.48	-66.5938
314.56	-66.625
314.64	-66.625
314.72	-66.6562
314.8	-66.6562
314.88	-66.625
