3937 2
0	-68.5313
0.08	-68.5313
0.16	-68.5
0.24	-68.5
0.32	-68.5
0.4	-68.5313
0.48	-68.4375
0.56	-68.5313
0.64	-68.5313
0.72	-68.5
0.8	-68.5625
0.88	-68.5
0.96	-68.5313
1.04	-68.5
1.12	-68.5
1.2	-68.5
1.28	-68.4687
1.36	-68.625
1.44	-68.625
1.52	-68.5937
1.6	-68.5625
1.68	-68.5313
1.76	-68.5625
1.84	-68.5937
1.92	-68.625
2	-68.5937
2.08	-68.5937
2.16	-68.6563
2.24	-68.625
2.32	-68.6563
2.4	-68.5625
2.48	-68.5313
2.56	-68.5625
2.64	-68.5625
2.72	-68.5313
2.8	-68.5937
2.88	-68.625
2.96	-68.6563
3.04	-68.5937
3.12	-68.5937
3.2	-68.5625
3.28	-68.6563
3.36	-68.5313
3.44	-68.5625
3.52	-68.625
3.6	-68.5
3.68	-68.5625
3.76	-68.625
3.84	-68.5625
3.92	-68.625
4	-68.5625
4.08	-68.5625
4.16	-68.5313
4.24	-68.5937
4.32	-68.5313
4.4	-68.5625
4.48	-68.5313
4.56	-68.5625
4.64	-68.5313
4.72	-68.5937
4.8	-68.5
4.88	-68.4687
4.96	-68.5313
5.04	-68.5937
5.12	-68.5937
5.2	-68.5937
5.28	-68.5937
5.36	-68.5
5.44	-68.5313
5.52	-68.5
5.6	-68.5313
5.68	-68.5937
5.76	-68.5313
5.84	-68.625
5.92	-68.625
6	-68.5937
6.08	-68.5625
6.16	-68.6563
6.24	-68.5937
6.32	-68.625
6.4	-68.5625
6.48	-68.625
6.56	-68.5313
6.64	-68.6875
6.72	-68.625
6.8	-68.5937
6.88	-68.6563
6.96	-68.5313
7.04	-68.5937
7.12	-68.625
7.2	-68.5625
7.28	-68.5625
7.36	-68.5937
7.44	-68.625
7.52	-68.5313
7.6	-68.5937
7.68	-68.625
7.76	-68.5625
7.84	-68.5625
7.92	-68.625
8	-68.6563
8.08	-68.5937
8.16	-68.6563
8.24	-68.6563
8.32	-68.7187
8.4	-68.7812
8.48	-68.75
8.56	-68.625
8.64	-68.625
8.72	-68.625
8.8	-68.6563
8.88	-68.5937
8.96	-68.625
9.04	-68.75
9.12	-68.6563
9.2	-68.6563
9.28	-68.6563
9.36	-68.625
9.44	-68.5937
9.52	-68.625
9.6	-68.625
9.68	-68.625
9.76	-68.625
9.84	-68.5937
9.92	-68.6563
10	-68.5625
10.08	-68.6563
10.16	-68.5625
10.24	-68.5313
10.32	-68.5313
10.4	-68.5937
10.48	-68.6563
10.56	-68.5937
10.64	-68.625
10.72	-68.5313
10.8	-68.5
10.88	-68.5937
10.96	-68.5625
11.04	-68.4687
11.12	-68.625
11.2	-68.625
11.28	-68.4687
11.36	-68.625
11.44	-68.5937
11.52	-68.625
11.6	-68.6563
11.68	-68.5937
11.76	-68.6563
11.84	-68.6563
11.92	-68.6563
12	-68.6563
12.08	-68.5625
12.16	-68.5625
12.24	-68.5937
12.32	-68.5313
12.4	-68.5313
12.48	-68.5313
12.56	-68.5625
12.64	-68.5937
12.72	-68.6875
12.8	-68.625
12.88	-68.5937
12.96	-68.7187
13.04	-68.5937
13.12	-68.75
13.2	-68.625
13.28	-68.6563
13.36	-68.625
13.44	-68.5
13.52	-68.5937
13.6	-68.6563
13.68	-68.75
13.76	-68.6875
13.84	-68.6875
13.92	-68.625
14	-68.6563
14.08	-68.7187
14.16	-68.6563
14.24	-68.6563
14.32	-68.6563
14.4	-68.6875
14.48	-68.6563
14.56	-68.75
14.64	-68.5937
14.72	-68.6563
14.8	-68.6563
14.88	-68.7187
14.96	-68.6145
15.04	-68.6145
15.12	-68.6145
15.2	-68.6145
15.28	-68.6145
15.36	-68.7083
15.44	-68.802
15.52	-68.8332
15.6	-68.802
15.68	-68.8958
15.76	-68.8958
15.84	-68.8958
15.92	-68.8958
16	-69.052
16.08	-69.052
16.16	-69.1145
16.24	-69.1145
16.32	-69.177
16.4	-69.1145
16.48	-69.177
16.56	-69.1457
16.64	-69.2395
16.72	-69.2083
16.8	-69.2083
16.88	-69.302
16.96	-69.2083
17.04	-69.2707
17.12	-69.2395
17.2	-69.302
17.28	-69.2395
17.36	-69.2707
17.44	-69.427
17.52	-69.3645
17.6	-69.302
17.68	-69.3333
17.76	-69.3957
17.84	-69.3645
17.92	-69.4582
18	-69.427
18.08	-69.5208
18.16	-69.427
18.24	-69.5208
18.32	-69.552
18.4	-69.5208
18.48	-69.5208
18.56	-69.552
18.64	-69.677
18.72	-69.7082
18.8	-69.6458
18.88	-69.6458
18.96	-69.7395
19.04	-69.677
19.12	-69.7082
19.2	-69.7395
19.28	-69.802
19.36	-69.8333
19.44	-69.8333
19.52	-69.802
19.6	-69.8333
19.68	-69.8333
19.76	-69.927
19.84	-69.7395
19.92	-69.9895
20	-69.8957
20.08	-69.8645
20.16	-69.9582
20.24	-69.8957
20.32	-69.927
20.4	-69.9582
20.48	-69.9582
20.56	-69.927
20.64	-69.8957
20.72	-70.0208
20.8	-70.0208
20.88	-70.0208
20.96	-69.9895
21.04	-69.9895
21.12	-70.0832
21.2	-70.1458
21.28	-70.177
21.36	-70.1458
21.44	-70.0208
21.52	-70.177
21.6	-70.177
21.68	-70.1145
21.76	-70.0832
21.84	-70.177
21.92	-70.177
22	-70.2082
22.08	-70.2082
22.16	-70.2707
22.24	-70.2707
22.32	-70.302
22.4	-70.3645
22.48	-70.2707
22.56	-70.2707
22.64	-70.302
22.72	-70.3333
22.8	-70.2707
22.88	-70.3333
22.96	-70.3333
23.04	-70.302
23.12	-70.3645
23.2	-70.4895
23.28	-70.5207
23.36	-70.552
23.44	-70.3957
23.52	-70.4895
23.6	-70.5207
23.68	-70.4895
23.76	-70.5207
23.84	-70.5207
23.92	-70.5832
24	-70.552
24.08	-70.5207
24.16	-70.6458
24.24	-70.5832
24.32	-70.552
24.4	-70.552
24.48	-70.6145
24.56	-70.6458
24.64	-70.5832
24.72	-70.677
24.8	-70.7395
24.88	-70.7395
24.96	-70.7395
25.04	-70.7708
25.12	-70.802
25.2	-70.7708
25.28	-70.7395
25.36	-70.8332
25.44	-70.8645
25.52	-70.7708
25.6	-70.7708
25.68	-70.7708
25.76	-70.7395
25.84	-70.802
25.92	-70.8332
26	-70.8645
26.08	-70.7395
26.16	-70.7395
26.24	-70.8957
26.32	-70.7708
26.4	-70.927
26.48	-70.8957
26.56	-70.8957
26.64	-70.8645
26.72	-70.8645
26.8	-70.8957
26.88	-70.8645
26.96	-70.9583
27.04	-70.8332
27.12	-70.8332
27.2	-70.8957
27.28	-70.8957
27.36	-70.8645
27.44	-70.8957
27.52	-70.9895
27.6	-70.927
27.68	-70.9895
27.76	-70.927
27.84	-70.927
27.92	-70.9895
28	-70.9895
28.08	-71.0207
28.16	-71.1145
28.24	-71.0833
28.32	-71.177
28.4	-71.0833
28.48	-71.177
28.56	-71.2082
28.64	-71.2082
28.72	-71.2395
28.8	-71.177
28.88	-71.1145
28.96	-71.2395
29.04	-71.1145
29.12	-71.2082
29.2	-71.2395
29.28	-71.2708
29.36	-71.2708
29.44	-71.302
29.52	-71.2395
29.6	-71.3645
29.68	-71.177
29.76	-71.302
29.84	-71.302
29.92	-71.3332
30	-71.2708
30.08	-71.2708
30.16	-71.3332
30.24	-71.3332
30.32	-71.302
30.4	-71.302
30.48	-71.3958
30.56	-71.427
30.64	-71.427
30.72	-71.427
30.8	-71.427
30.88	-71.4895
30.96	-71.4895
31.04	-71.5207
31.12	-71.4582
31.2	-71.4582
31.28	-71.4895
31.36	-71.3645
31.44	-71.427
31.52	-71.5207
31.6	-71.552
31.68	-71.552
31.76	-71.6145
31.84	-71.552
31.92	-71.552
32	-71.5833
32.08	-71.552
32.16	-71.552
32.24	-71.552
32.32	-71.5207
32.4	-71.552
32.48	-71.6457
32.56	-71.6145
32.64	-71.677
32.72	-71.6457
32.8	-71.677
32.88	-71.552
32.96	-71.6145
33.04	-71.6145
33.12	-71.7395
33.2	-71.6457
33.28	-71.6145
33.36	-71.5833
33.44	-71.677
33.52	-71.677
33.6	-71.677
33.68	-71.6457
33.76	-71.677
33.84	-71.677
33.92	-71.677
34	-71.6457
34.08	-71.677
34.16	-71.6145
34.24	-71.677
34.32	-71.7395
34.4	-71.677
34.48	-71.7395
34.56	-71.677
34.64	-71.8645
34.72	-71.8645
34.8	-71.802
34.88	-71.7708
34.96	-71.7708
35.04	-71.802
35.12	-71.8645
35.2	-71.927
35.28	-71.8645
35.36	-71.8645
35.44	-71.8958
35.52	-71.927
35.6	-71.927
35.68	-71.9895
35.76	-71.9582
35.84	-72.0207
35.92	-71.927
36	-72.0207
36.08	-71.9582
36.16	-72.0207
36.24	-72.0207
36.32	-71.9895
36.4	-72.052
36.48	-71.9895
36.56	-71.9895
36.64	-72.0207
36.72	-71.8958
36.8	-71.9582
36.88	-72.0833
36.96	-72.052
37.04	-71.9895
37.12	-72.0207
37.2	-71.9895
37.28	-72.0207
37.36	-72.052
37.44	-72.052
37.52	-72.1457
37.6	-72.052
37.68	-72.1457
37.76	-72.1457
37.84	-72.1457
37.92	-72.1457
38	-72.1457
38.08	-72.177
38.16	-72.1145
38.24	-72.2083
38.32	-72.2083
38.4	-72.2083
38.48	-72.2395
38.56	-72.177
38.64	-72.1457
38.72	-72.2395
38.8	-72.302
38.88	-72.177
38.96	-72.2083
39.04	-72.177
39.12	-72.177
39.2	-72.302
39.28	-72.2395
39.36	-72.2083
39.44	-72.2083
39.52	-72.2395
39.6	-72.2083
39.68	-72.2395
39.76	-72.3332
39.84	-72.2707
39.92	-72.302
40	-72.2395
40.08	-72.302
40.16	-72.3332
40.24	-72.2707
40.32	-72.2707
40.4	-72.2707
40.48	-72.302
40.56	-72.2707
40.64	-72.2395
40.72	-72.3332
40.8	-72.2707
40.88	-72.302
40.96	-72.2083
41.04	-72.302
41.12	-72.302
41.2	-72.2707
41.28	-72.302
41.36	-72.2395
41.44	-72.2395
41.52	-72.2707
41.6	-72.3332
41.68	-72.302
41.76	-72.302
41.84	-72.302
41.92	-72.2707
42	-72.2707
42.08	-72.2395
42.16	-72.2707
42.24	-72.2707
42.32	-72.2395
42.4	-72.302
42.48	-72.2083
42.56	-72.2395
42.64	-72.177
42.72	-72.177
42.8	-72.2395
42.88	-72.1457
42.96	-72.2395
43.04	-72.2083
43.12	-72.1457
43.2	-72.177
43.28	-72.1457
43.36	-72.177
43.44	-72.1145
43.52	-71.9895
43.6	-72.1145
43.68	-72.2083
43.76	-72.052
43.84	-72.177
43.92	-72.052
44	-72.1145
44.08	-72.1457
44.16	-72.052
44.24	-72.0833
44.32	-72.177
44.4	-72.052
44.48	-72.177
44.56	-72.1457
44.64	-72.0833
44.72	-72.1145
44.8	-72.1145
44.88	-72.1145
44.96	-72.1145
45.04	-72.0833
45.12	-72.0833
45.2	-72.0833
45.28	-72.1145
45.36	-72.1145
45.44	-72.1145
45.52	-72.1145
45.6	-72.1457
45.68	-72.1145
45.76	-72.2083
45.84	-72.0833
45.92	-71.9895
46	-72.1457
46.08	-72.1457
46.16	-72.177
46.24	-72.1145
46.32	-72.2083
46.4	-72.2395
46.48	-72.177
46.56	-72.177
46.64	-72.1145
46.72	-72.1457
46.8	-72.1457
46.88	-72.177
46.96	-72.2083
47.04	-72.177
47.12	-72.1457
47.2	-72.177
47.28	-72.1457
47.36	-72.1457
47.44	-72.1457
47.52	-72.2395
47.6	-72.2083
47.68	-72.2707
47.76	-72.2083
47.84	-72.1457
47.92	-72.2083
48	-72.2083
48.08	-72.2083
48.16	-72.2707
48.24	-72.2395
48.32	-72.2395
48.4	-72.3332
48.48	-72.3645
48.56	-72.2395
48.64	-72.2707
48.72	-72.302
48.8	-72.2083
48.88	-72.3332
48.96	-72.302
49.04	-72.302
49.12	-72.3645
49.2	-72.3645
49.28	-72.3332
49.36	-72.3958
49.44	-72.2707
49.52	-72.302
49.6	-72.302
49.68	-72.2083
49.76	-72.302
49.84	-72.2707
49.92	-72.302
50	-72.3645
50.08	-72.3332
50.16	-72.3332
50.24	-72.302
50.32	-72.302
50.4	-72.3332
50.48	-72.302
50.56	-72.3645
50.64	-72.302
50.72	-72.3332
50.8	-72.3645
50.88	-72.3332
50.96	-72.3332
51.04	-72.3332
51.12	-72.3958
51.2	-72.302
51.28	-72.3332
51.36	-72.3332
51.44	-72.3645
51.52	-72.3645
51.6	-72.427
51.68	-72.3958
51.76	-72.427
51.84	-72.427
51.92	-72.3645
52	-72.3958
52.08	-72.4582
52.16	-72.552
52.24	-72.5832
52.32	-72.427
52.4	-72.3958
52.48	-72.427
52.56	-72.4895
52.64	-72.4895
52.72	-72.427
52.8	-72.427
52.88	-72.6145
52.96	-72.4582
53.04	-72.4895
53.12	-72.4582
53.2	-72.4895
53.28	-72.552
53.36	-72.5832
53.44	-72.552
53.52	-72.4895
53.6	-72.5832
53.68	-72.4582
53.76	-72.4895
53.84	-72.4895
53.92	-72.4895
54	-72.427
54.08	-72.552
54.16	-72.6145
54.24	-72.6457
54.32	-72.6457
54.4	-72.4582
54.48	-72.552
54.56	-72.5832
54.64	-72.5832
54.72	-72.6145
54.8	-72.6145
54.88	-72.6457
54.96	-72.552
55.04	-72.4895
55.12	-72.4582
55.2	-72.6145
55.28	-72.552
55.36	-72.5832
55.44	-72.677
55.52	-72.6145
55.6	-72.5832
55.68	-72.677
55.76	-72.7083
55.84	-72.6457
55.92	-72.677
56	-72.7395
56.08	-72.6457
56.16	-72.677
56.24	-72.677
56.32	-72.7395
56.4	-72.677
56.48	-72.6457
56.56	-72.6457
56.64	-72.677
56.72	-72.677
56.8	-72.7083
56.88	-72.677
56.96	-72.7395
57.04	-72.6145
57.12	-72.6457
57.2	-72.677
57.28	-72.6457
57.36	-72.677
57.44	-72.7395
57.52	-72.802
57.6	-72.6145
57.68	-72.7395
57.76	-72.7083
57.84	-72.7707
57.92	-72.7395
58	-72.7395
58.08	-72.7707
58.16	-72.7395
58.24	-72.802
58.32	-72.802
58.4	-72.802
58.48	-72.8333
58.56	-72.8333
58.64	-72.8645
58.72	-72.8645
58.8	-72.8333
58.88	-72.8333
58.96	-72.927
59.04	-72.8645
59.12	-72.802
59.2	-72.8645
59.28	-72.8645
59.36	-72.8645
59.44	-72.8957
59.52	-72.8645
59.6	-72.8645
59.68	-72.8645
59.76	-72.9582
59.84	-72.8957
59.92	-72.8645
60	-72.9582
60.08	-72.8957
60.16	-72.802
60.24	-72.7707
60.32	-72.802
60.4	-72.802
60.48	-72.8333
60.56	-72.802
60.64	-72.7395
60.72	-72.7395
60.8	-72.802
60.88	-72.802
60.96	-72.927
61.04	-72.8645
61.12	-72.7395
61.2	-72.8957
61.28	-72.8645
61.36	-72.7395
61.44	-72.8645
61.52	-72.8333
61.6	-72.9582
61.68	-72.8333
61.76	-72.927
61.84	-72.8645
61.92	-72.8645
62	-72.8645
62.08	-72.9582
62.16	-72.927
62.24	-72.927
62.32	-72.9582
62.4	-72.927
62.48	-72.9895
62.56	-72.9895
62.64	-73.0208
62.72	-73.052
62.8	-73.052
62.88	-72.9582
62.96	-72.9582
63.04	-72.9895
63.12	-72.9582
63.2	-72.927
63.28	-72.9582
63.36	-72.9895
63.44	-72.9582
63.52	-72.927
63.6	-72.9895
63.68	-72.9895
63.76	-73.0832
63.84	-72.9895
63.92	-72.9895
64	-73.052
64.08	-72.9582
64.16	-72.9582
64.24	-73.0208
64.32	-73.052
64.4	-73.052
64.48	-73.0208
64.56	-73.052
64.64	-73.052
64.72	-73.0208
64.8	-73.0832
64.88	-72.9895
64.96	-73.1457
65.04	-73.1145
65.12	-73.052
65.2	-73.0832
65.28	-73.052
65.36	-73.0832
65.44	-73.0832
65.52	-73.0832
65.6	-73.1145
65.68	-73.052
65.76	-73.052
65.84	-72.9895
65.92	-73.1145
66	-73.0832
66.08	-73.0832
66.16	-73.0832
66.24	-73.0832
66.32	-73.0208
66.4	-73.0832
66.48	-73.052
66.56	-73.1457
66.64	-73.0832
66.72	-73.0208
66.8	-73.052
66.88	-73.0832
66.96	-73.2395
67.04	-73.052
67.12	-73.052
67.2	-73.0208
67.28	-73.1145
67.36	-73.0832
67.44	-72.9895
67.52	-73.0832
67.6	-73.1145
67.68	-73.0832
67.76	-73.1457
67.84	-73.1457
67.92	-73.177
68	-73.0832
68.08	-73.177
68.16	-73.177
68.24	-73.0832
68.32	-73.177
68.4	-73.2395
68.48	-73.1457
68.56	-73.2707
68.64	-73.1145
68.72	-73.2395
68.8	-73.1145
68.88	-73.2395
68.96	-73.1145
69.04	-73.1145
69.12	-73.177
69.2	-73.2395
69.28	-73.177
69.36	-73.1457
69.44	-73.2395
69.52	-73.2707
69.6	-73.3645
69.68	-73.302
69.76	-73.2395
69.84	-73.2395
69.92	-73.3333
70	-73.2707
70.08	-73.302
70.16	-73.3333
70.24	-73.3333
70.32	-73.2395
70.4	-73.302
70.48	-73.3333
70.56	-73.177
70.64	-73.1457
70.72	-73.177
70.8	-73.2395
70.88	-73.302
70.96	-73.2707
71.04	-73.2395
71.12	-73.2707
71.2	-73.3333
71.28	-73.302
71.36	-73.2707
71.44	-73.2395
71.52	-73.2395
71.6	-73.177
71.68	-73.2395
71.76	-73.2707
71.84	-73.302
71.92	-73.3333
72	-73.3645
72.08	-73.3957
72.16	-73.2707
72.24	-73.3645
72.32	-73.302
72.4	-73.3333
72.48	-73.177
72.56	-73.2707
72.64	-73.2707
72.72	-73.177
72.8	-73.2395
72.88	-73.3645
72.96	-73.3333
73.04	-73.302
73.12	-73.302
73.2	-73.3645
73.28	-73.302
73.36	-73.3957
73.44	-73.3645
73.52	-73.3333
73.6	-73.302
73.68	-73.3645
73.76	-73.3333
73.84	-73.3957
73.92	-73.427
74	-73.302
74.08	-73.302
74.16	-73.2707
74.24	-73.3957
74.32	-73.3333
74.4	-73.3957
74.48	-73.302
74.56	-73.302
74.64	-73.2707
74.72	-73.3333
74.8	-73.3333
74.88	-73.3645
74.96	-73.3645
75.04	-73.3957
75.12	-73.427
75.2	-73.2707
75.28	-73.4582
75.36	-73.3645
75.44	-73.3645
75.52	-73.3957
75.6	-73.4582
75.68	-73.427
75.76	-73.427
75.84	-73.427
75.92	-73.3957
76	-73.4582
76.08	-73.4895
76.16	-73.3957
76.24	-73.427
76.32	-73.3957
76.4	-73.3957
76.48	-73.427
76.56	-73.3645
76.64	-73.427
76.72	-73.3333
76.8	-73.3957
76.88	-73.3957
76.96	-73.427
77.04	-73.3645
77.12	-73.3957
77.2	-73.3957
77.28	-73.3645
77.36	-73.302
77.44	-73.3645
77.52	-73.4582
77.6	-73.3645
77.68	-73.4582
77.76	-73.3333
77.84	-73.3645
77.92	-73.4582
78	-73.427
78.08	-73.3957
78.16	-73.3645
78.24	-73.3957
78.32	-73.3957
78.4	-73.4582
78.48	-73.3645
78.56	-73.427
78.64	-73.4582
78.72	-73.4582
78.8	-73.5208
78.88	-73.4582
78.96	-73.3957
79.04	-73.4582
79.12	-73.427
79.2	-73.4582
79.28	-73.552
79.36	-73.4582
79.44	-73.427
79.52	-73.427
79.6	-73.4895
79.68	-73.4895
79.76	-73.3645
79.84	-73.427
79.92	-73.4582
80	-73.5832
80.08	-73.552
80.16	-73.552
80.24	-73.4582
80.32	-73.4895
80.4	-73.5208
80.48	-73.552
80.56	-73.552
80.64	-73.5208
80.72	-73.5832
80.8	-73.4895
80.88	-73.5208
80.96	-73.5208
81.04	-73.552
81.12	-73.552
81.2	-73.4895
81.28	-73.552
81.36	-73.4582
81.44	-73.552
81.52	-73.5208
81.6	-73.6458
81.68	-73.552
81.76	-73.6145
81.84	-73.5208
81.92	-73.5832
82	-73.4895
82.08	-73.5832
82.16	-73.5832
82.24	-73.5832
82.32	-73.552
82.4	-73.552
82.48	-73.6458
82.56	-73.552
82.64	-73.552
82.72	-73.5208
82.8	-73.5832
82.88	-73.5832
82.96	-73.552
83.04	-73.6145
83.12	-73.5832
83.2	-73.6145
83.28	-73.6145
83.36	-73.552
83.44	-73.5832
83.52	-73.5832
83.6	-73.5208
83.68	-73.5208
83.76	-73.5208
83.84	-73.4895
83.92	-73.5832
84	-73.552
84.08	-73.552
84.16	-73.552
84.24	-73.5832
84.32	-73.5208
84.4	-73.5208
84.48	-73.552
84.56	-73.5208
84.64	-73.552
84.72	-73.552
84.8	-73.552
84.88	-73.5832
84.96	-73.5832
85.04	-73.6458
85.12	-73.552
85.2	-73.5208
85.28	-73.6145
85.36	-73.5208
85.44	-73.5832
85.52	-73.6145
85.6	-73.6458
85.68	-73.6145
85.76	-73.6458
85.84	-73.677
85.92	-73.5832
86	-73.677
86.08	-73.5832
86.16	-73.677
86.24	-73.6458
86.32	-73.6458
86.4	-73.552
86.48	-73.6458
86.56	-73.6145
86.64	-73.7082
86.72	-73.6458
86.8	-73.677
86.88	-73.677
86.96	-73.5832
87.04	-73.6145
87.12	-73.5832
87.2	-73.7395
87.28	-73.6458
87.36	-73.6458
87.44	-73.677
87.52	-73.7082
87.6	-73.6458
87.68	-73.677
87.76	-73.7082
87.84	-73.677
87.92	-73.7082
88	-73.677
88.08	-73.5832
88.16	-73.6458
88.24	-73.6145
88.32	-73.6458
88.4	-73.6145
88.48	-73.677
88.56	-73.6145
88.64	-73.6145
88.72	-73.6458
88.8	-73.6145
88.88	-73.5832
88.96	-73.7082
89.04	-73.5832
89.12	-73.677
89.2	-73.677
89.28	-73.6458
89.36	-73.6458
89.44	-73.7082
89.52	-73.6145
89.6	-73.677
89.68	-73.7082
89.76	-73.6458
89.84	-73.6458
89.92	-73.7082
90	-73.7395
90.08	-73.7395
90.16	-73.7395
90.24	-73.7395
90.32	-73.7082
90.4	-73.6458
90.48	-73.5832
90.56	-73.677
90.64	-73.6458
90.72	-73.677
90.8	-73.677
90.88	-73.6458
90.96	-73.677
91.04	-73.6145
91.12	-73.677
91.2	-73.677
91.28	-73.677
91.36	-73.6458
91.44	-73.6458
91.52	-73.677
91.6	-73.7395
91.68	-73.7707
91.76	-73.6458
91.84	-73.7082
91.92	-73.7395
92	-73.7707
92.08	-73.7395
92.16	-73.7082
92.24	-73.7082
92.32	-73.7082
92.4	-73.7395
92.48	-73.7395
92.56	-73.7082
92.64	-73.7082
92.72	-73.802
92.8	-73.7707
92.88	-73.7082
92.96	-73.7082
93.04	-73.7395
93.12	-73.7395
93.2	-73.7395
93.28	-73.7395
93.36	-73.7082
93.44	-73.7707
93.52	-73.6458
93.6	-73.7082
93.68	-73.7082
93.76	-73.677
93.84	-73.6458
93.92	-73.7082
94	-73.6145
94.08	-73.6458
94.16	-73.6458
94.24	-73.677
94.32	-73.677
94.4	-73.677
94.48	-73.6458
94.56	-73.7395
94.64	-73.677
94.72	-73.7082
94.8	-73.6145
94.88	-73.7082
94.96	-73.7707
95.04	-73.7082
95.12	-73.7395
95.2	-73.7707
95.28	-73.7395
95.36	-73.677
95.44	-73.7082
95.52	-73.677
95.6	-73.677
95.68	-73.7082
95.76	-73.7082
95.84	-73.7082
95.92	-73.7395
96	-73.7082
96.08	-73.7082
96.16	-73.7395
96.24	-73.7395
96.32	-73.7395
96.4	-73.7395
96.48	-73.6145
96.56	-73.7395
96.64	-73.7395
96.72	-73.677
96.8	-73.802
96.88	-73.6458
96.96	-73.802
97.04	-73.7707
97.12	-73.7707
97.2	-73.7707
97.28	-73.7395
97.36	-73.677
97.44	-73.7395
97.52	-73.7082
97.6	-73.7395
97.68	-73.7082
97.76	-73.7082
97.84	-73.7082
97.92	-73.7707
98	-73.7082
98.08	-73.7395
98.16	-73.7395
98.24	-73.7395
98.32	-73.802
98.4	-73.677
98.48	-73.5832
98.56	-73.6458
98.64	-73.7395
98.72	-73.7395
98.8	-73.7082
98.88	-73.7395
98.96	-73.7707
99.04	-73.7082
99.12	-73.7395
99.2	-73.802
99.28	-73.7707
99.36	-73.7082
99.44	-73.7082
99.52	-73.7395
99.6	-73.7395
99.68	-73.7395
99.76	-73.7395
99.84	-73.677
99.92	-73.677
100	-73.677
100.08	-73.677
100.16	-73.7082
100.24	-73.7082
100.32	-73.677
100.4	-73.6145
100.48	-73.677
100.56	-73.6145
100.64	-73.677
100.72	-73.677
100.8	-73.677
100.88	-73.677
100.96	-73.7082
101.04	-73.7395
101.12	-73.802
101.2	-73.677
101.28	-73.7395
101.36	-73.7082
101.44	-73.7395
101.52	-73.677
101.6	-73.677
101.68	-73.7082
101.76	-73.7082
101.84	-73.7082
101.92	-73.7395
102	-73.7082
102.08	-73.7395
102.16	-73.7395
102.24	-73.8333
102.32	-73.7395
102.4	-73.8333
102.48	-73.7082
102.56	-73.7707
102.64	-73.7082
102.72	-73.7082
102.8	-73.7395
102.88	-73.7707
102.96	-73.7082
103.04	-73.7707
103.12	-73.802
103.2	-73.7082
103.28	-73.7707
103.36	-73.7395
103.44	-73.7082
103.52	-73.7707
103.6	-73.7082
103.68	-73.802
103.76	-73.7082
103.84	-73.7395
103.92	-73.677
104	-73.7082
104.08	-73.7395
104.16	-73.8333
104.24	-73.677
104.32	-73.7395
104.4	-73.6458
104.48	-73.677
104.56	-73.802
104.64	-73.8333
104.72	-73.7395
104.8	-73.7707
104.88	-73.7082
104.96	-73.7395
105.04	-73.7707
105.12	-73.7395
105.2	-73.7082
105.28	-73.7082
105.36	-73.7395
105.44	-73.7082
105.52	-73.7707
105.6	-73.7082
105.68	-73.8645
105.76	-73.7395
105.84	-73.802
105.92	-73.7395
106	-73.7082
106.08	-73.8333
106.16	-73.7707
106.24	-73.677
106.32	-73.677
106.4	-73.7395
106.48	-73.7395
106.56	-73.677
106.64	-73.7395
106.72	-73.7082
106.8	-73.7395
106.88	-73.7395
106.96	-73.7707
107.04	-73.7395
107.12	-73.7707
107.2	-73.7707
107.28	-73.7395
107.36	-73.7395
107.44	-73.6458
107.52	-73.7395
107.6	-73.8333
107.68	-73.7395
107.76	-73.7082
107.84	-73.7082
107.92	-73.7707
108	-73.7395
108.08	-73.8645
108.16	-73.8333
108.24	-73.802
108.32	-73.9583
108.4	-73.8333
108.48	-73.7707
108.56	-73.8333
108.64	-73.7082
108.72	-73.7707
108.8	-73.8645
108.88	-73.7707
108.96	-73.7707
109.04	-73.7707
109.12	-73.8645
109.2	-73.802
109.28	-73.7395
109.36	-73.7395
109.44	-73.7707
109.52	-73.7082
109.6	-73.7707
109.68	-73.802
109.76	-73.8645
109.84	-73.802
109.92	-73.8333
110	-73.9583
110.08	-73.927
110.16	-73.7395
110.24	-73.8333
110.32	-73.7707
110.4	-73.802
110.48	-73.8333
110.56	-73.8333
110.64	-73.7707
110.72	-73.802
110.8	-73.7395
110.88	-73.677
110.96	-73.7395
111.04	-73.7395
111.12	-73.7707
111.2	-73.802
111.28	-73.7395
111.36	-73.7395
111.44	-73.7707
111.52	-73.7395
111.6	-73.7082
111.68	-73.7395
111.76	-73.7395
111.84	-73.677
111.92	-73.7395
112	-73.7395
112.08	-73.7707
112.16	-73.7707
112.24	-73.7395
112.32	-73.7082
112.4	-73.7707
112.48	-73.7082
112.56	-73.7707
112.64	-73.7395
112.72	-73.802
112.8	-73.7395
112.88	-73.802
112.96	-73.7707
113.04	-73.7082
113.12	-73.7707
113.2	-73.7395
113.28	-73.7395
113.36	-73.7082
113.44	-73.677
113.52	-73.7082
113.6	-73.8645
113.68	-73.7707
113.76	-73.7395
113.84	-73.7707
113.92	-73.7707
114	-73.7082
114.08	-73.7707
114.16	-73.7395
114.24	-73.7707
114.32	-73.7707
114.4	-73.7707
114.48	-73.8333
114.56	-73.7707
114.64	-73.8333
114.72	-73.8333
114.8	-73.7395
114.88	-73.7395
114.96	-73.7707
115.04	-73.7395
115.12	-73.7395
115.2	-73.7082
115.28	-73.7395
115.36	-73.802
115.44	-73.7707
115.52	-73.7395
115.6	-73.802
115.68	-73.7707
115.76	-73.7707
115.84	-73.802
115.92	-73.7707
116	-73.7707
116.08	-73.7707
116.16	-73.7707
116.24	-73.8333
116.32	-73.7395
116.4	-73.7082
116.48	-73.7395
116.56	-73.7082
116.64	-73.7395
116.72	-73.677
116.8	-73.7707
116.88	-73.802
116.96	-73.7707
117.04	-73.677
117.12	-73.7082
117.2	-73.7082
117.28	-73.7395
117.36	-73.7707
117.44	-73.7707
117.52	-73.7395
117.6	-73.7707
117.68	-73.7707
117.76	-73.7707
117.84	-73.7395
117.92	-73.7395
118	-73.7707
118.08	-73.8645
118.16	-73.7395
118.24	-73.8645
118.32	-73.7082
118.4	-73.7707
118.48	-73.7707
118.56	-73.7707
118.64	-73.7707
118.72	-73.7707
118.8	-73.8645
118.88	-73.8333
118.96	-73.802
119.04	-73.802
119.12	-73.7707
119.2	-73.7707
119.28	-73.8333
119.36	-73.7395
119.44	-73.8333
119.52	-73.802
119.6	-73.9583
119.68	-73.8333
119.76	-73.8645
119.84	-73.7707
119.92	-73.7395
120	-73.8333
120.08	-73.7707
120.16	-73.7395
120.24	-73.927
120.32	-73.802
120.4	-73.8645
120.48	-73.7395
120.56	-73.802
120.64	-73.7395
120.72	-73.802
120.8	-73.7707
120.88	-73.7707
120.96	-73.8333
121.04	-73.7707
121.12	-73.7395
121.2	-73.7707
121.28	-73.7707
121.36	-73.7395
121.44	-73.7395
121.52	-73.7395
121.6	-73.7707
121.68	-73.802
121.76	-73.7707
121.84	-73.7707
121.92	-73.7395
122	-73.7707
122.08	-73.7707
122.16	-73.7395
122.24	-73.8333
122.32	-73.7707
122.4	-73.7395
122.48	-73.7395
122.56	-73.7082
122.64	-73.7082
122.72	-73.7082
122.8	-73.7395
122.88	-73.7395
122.96	-73.7082
123.04	-73.7707
123.12	-73.7395
123.2	-73.7082
123.28	-73.6145
123.36	-73.7395
123.44	-73.7082
123.52	-73.6458
123.6	-73.7082
123.68	-73.7707
123.76	-73.677
123.84	-73.6458
123.92	-73.7082
124	-73.7395
124.08	-73.7395
124.16	-73.7082
124.24	-73.7395
124.32	-73.7395
124.4	-73.7707
124.48	-73.677
124.56	-73.7082
124.64	-73.7395
124.72	-73.7082
124.8	-73.7082
124.88	-73.7707
124.96	-73.7395
125.04	-73.7707
125.12	-73.7082
125.2	-73.7395
125.28	-73.7707
125.36	-73.7395
125.44	-73.7395
125.52	-73.7707
125.6	-73.677
125.68	-73.8333
125.76	-73.677
125.84	-73.7395
125.92	-73.677
126	-73.6458
126.08	-73.7395
126.16	-73.7082
126.24	-73.7395
126.32	-73.802
126.4	-73.7395
126.48	-73.7707
126.56	-73.7082
126.64	-73.5832
126.72	-73.7395
126.8	-73.7395
126.88	-73.7395
126.96	-73.7082
127.04	-73.7395
127.12	-73.7395
127.2	-73.7082
127.28	-73.7082
127.36	-73.7707
127.44	-73.7395
127.52	-73.7707
127.6	-73.7395
127.68	-73.7082
127.76	-73.677
127.84	-73.7395
127.92	-73.7082
128	-73.7395
128.08	-73.6458
128.16	-73.677
128.24	-73.7082
128.32	-73.6458
128.4	-73.7707
128.48	-73.6458
128.56	-73.7082
128.64	-73.7395
128.72	-73.7395
128.8	-73.6458
128.88	-73.677
128.96	-73.6458
129.04	-73.7395
129.12	-73.7395
129.2	-73.7082
129.28	-73.7082
129.36	-73.7395
129.44	-73.677
129.52	-73.7082
129.6	-73.677
129.68	-73.677
129.76	-73.7395
129.84	-73.7082
129.92	-73.7082
130	-73.7082
130.08	-73.7082
130.16	-73.802
130.24	-73.8333
130.32	-73.7082
130.4	-73.6145
130.48	-73.7395
130.56	-73.7395
130.64	-73.6145
130.72	-73.677
130.8	-73.7395
130.88	-73.7082
130.96	-73.7082
131.04	-73.7082
131.12	-73.7395
131.2	-73.7707
131.28	-73.7707
131.36	-73.7395
131.44	-73.7395
131.52	-73.7082
131.6	-73.6458
131.68	-73.677
131.76	-73.7395
131.84	-73.8333
131.92	-73.7707
132	-73.5832
132.08	-73.6458
132.16	-73.7395
132.24	-73.7707
132.32	-73.7082
132.4	-73.7082
132.48	-73.8333
132.56	-73.7395
132.64	-73.7395
132.72	-73.7395
132.8	-73.7395
132.88	-73.802
132.96	-73.7395
133.04	-73.7395
133.12	-73.7082
133.2	-73.7395
133.28	-73.7395
133.36	-73.7395
133.44	-73.6458
133.52	-73.7395
133.6	-73.677
133.68	-73.6145
133.76	-73.6458
133.84	-73.7395
133.92	-73.677
134	-73.7082
134.08	-73.7082
134.16	-73.7707
134.24	-73.677
134.32	-73.7082
134.4	-73.7395
134.48	-73.7082
134.56	-73.7082
134.64	-73.7395
134.72	-73.7707
134.8	-73.802
134.88	-73.7707
134.96	-73.6458
135.04	-73.7707
135.12	-73.7082
135.2	-73.677
135.28	-73.7707
135.36	-73.7395
135.44	-73.7707
135.52	-73.7395
135.6	-73.7082
135.68	-73.7082
135.76	-73.7082
135.84	-73.7082
135.92	-73.7707
136	-73.677
136.08	-73.677
136.16	-73.677
136.24	-73.6458
136.32	-73.6458
136.4	-73.6458
136.48	-73.7395
136.56	-73.6145
136.64	-73.677
136.72	-73.677
136.8	-73.7082
136.88	-73.677
136.96	-73.7395
137.04	-73.6458
137.12	-73.7395
137.2	-73.677
137.28	-73.6458
137.36	-73.5832
137.44	-73.677
137.52	-73.7082
137.6	-73.6145
137.68	-73.7395
137.76	-73.6145
137.84	-73.6458
137.92	-73.677
138	-73.5832
138.08	-73.6458
138.16	-73.6458
138.24	-73.6145
138.32	-73.5832
138.4	-73.6145
138.48	-73.5832
138.56	-73.6145
138.64	-73.5832
138.72	-73.6458
138.8	-73.6145
138.88	-73.7395
138.96	-73.6145
139.04	-73.5832
139.12	-73.5832
139.2	-73.6145
139.28	-73.5832
139.36	-73.6145
139.44	-73.5832
139.52	-73.6458
139.6	-73.6458
139.68	-73.5832
139.76	-73.6458
139.84	-73.6145
139.92	-73.6145
140	-73.6458
140.08	-73.7395
140.16	-73.6458
140.24	-73.5832
140.32	-73.5832
140.4	-73.677
140.48	-73.6145
140.56	-73.7082
140.64	-73.6458
140.72	-73.6458
140.8	-73.5832
140.88	-73.6458
140.96	-73.6145
141.04	-73.6458
141.12	-73.7082
141.2	-73.677
141.28	-73.7082
141.36	-73.6145
141.44	-73.677
141.52	-73.6145
141.6	-73.6458
141.68	-73.677
141.76	-73.6458
141.84	-73.5832
141.92	-73.7082
142	-73.677
142.08	-73.6145
142.16	-73.7395
142.24	-73.7082
142.32	-73.7082
142.4	-73.7395
142.48	-73.7082
142.56	-73.6458
142.64	-73.7082
142.72	-73.7082
142.8	-73.6458
142.88	-73.7082
142.96	-73.7082
143.04	-73.7082
143.12	-73.7707
143.2	-73.677
143.28	-73.6145
143.36	-73.6145
143.44	-73.7082
143.52	-73.677
143.6	-73.6145
143.68	-73.677
143.76	-73.6145
143.84	-73.7082
143.92	-73.677
144	-73.6145
144.08	-73.6458
144.16	-73.7082
144.24	-73.7082
144.32	-73.6458
144.4	-73.7082
144.48	-73.677
144.56	-73.6458
144.64	-73.6458
144.72	-73.6458
144.8	-73.6145
144.88	-73.6145
144.96	-73.677
145.04	-73.7707
145.12	-73.677
145.2	-73.677
145.28	-73.677
145.36	-73.7082
145.44	-73.6145
145.52	-73.7395
145.6	-73.6458
145.68	-73.6458
145.76	-73.6458
145.84	-73.7082
145.92	-73.7395
146	-73.7395
146.08	-73.6458
146.16	-73.6458
146.24	-73.6145
146.32	-73.7082
146.4	-73.6458
146.48	-73.677
146.56	-73.677
146.64	-73.7082
146.72	-73.7082
146.8	-73.6458
146.88	-73.5832
146.96	-73.6145
147.04	-73.6458
147.12	-73.677
147.2	-73.677
147.28	-73.7082
147.36	-73.6458
147.44	-73.6145
147.52	-73.677
147.6	-73.6458
147.68	-73.7082
147.76	-73.7395
147.84	-73.7395
147.92	-73.6458
148	-73.6458
148.08	-73.677
148.16	-73.6458
148.24	-73.7395
148.32	-73.677
148.4	-73.6458
148.48	-73.5832
148.56	-73.6458
148.64	-73.6458
148.72	-73.7082
148.8	-73.6458
148.88	-73.677
148.96	-73.6145
149.04	-73.677
149.12	-73.7395
149.2	-73.7082
149.28	-73.7082
149.36	-73.7395
149.44	-73.677
149.52	-73.7395
149.6	-73.7395
149.68	-73.677
149.76	-73.7082
149.84	-73.677
149.92	-73.6145
150	-73.677
150.08	-73.6458
150.16	-73.6458
150.24	-73.7082
150.32	-73.677
150.4	-73.6145
150.48	-73.6458
150.56	-73.6458
150.64	-73.6145
150.72	-73.5832
150.8	-73.5832
150.88	-73.6458
150.96	-73.677
151.04	-73.6145
151.12	-73.6458
151.2	-73.6458
151.28	-73.6458
151.36	-73.7395
151.44	-73.6145
151.52	-73.677
151.6	-73.5832
151.68	-73.6145
151.76	-73.677
151.84	-73.7082
151.92	-73.7395
152	-73.6145
152.08	-73.7707
152.16	-73.7395
152.24	-73.7395
152.32	-73.7082
152.4	-73.7707
152.48	-73.7707
152.56	-73.677
152.64	-73.6145
152.72	-73.7395
152.8	-73.7082
152.88	-73.6458
152.96	-73.6458
153.04	-73.6458
153.12	-73.677
153.2	-73.802
153.28	-73.7395
153.36	-73.6458
153.44	-73.677
153.52	-73.7707
153.6	-73.7395
153.68	-73.7395
153.76	-73.7395
153.84	-73.677
153.92	-73.677
154	-73.677
154.08	-73.7395
154.16	-73.6145
154.24	-73.7707
154.32	-73.7707
154.4	-73.7707
154.48	-73.7395
154.56	-73.6458
154.64	-73.6458
154.72	-73.677
154.8	-73.677
154.88	-73.677
154.96	-73.7082
155.04	-73.6458
155.12	-73.7707
155.2	-73.7082
155.28	-73.6458
155.36	-73.6458
155.44	-73.677
155.52	-73.7395
155.6	-73.677
155.68	-73.677
155.76	-73.6145
155.84	-73.5832
155.92	-73.677
156	-73.677
156.08	-73.6458
156.16	-73.677
156.24	-73.7082
156.32	-73.677
156.4	-73.5832
156.48	-73.6458
156.56	-73.6145
156.64	-73.7082
156.72	-73.6458
156.8	-73.7707
156.88	-73.7707
156.96	-73.677
157.04	-73.7082
157.12	-73.7082
157.2	-73.677
157.28	-73.7082
157.36	-73.677
157.44	-73.7395
157.52	-73.7395
157.6	-73.7082
157.68	-73.7082
157.76	-73.7707
157.84	-73.7082
157.92	-73.7082
158	-73.7082
158.08	-73.677
158.16	-73.6458
158.24	-73.677
158.32	-73.7082
158.4	-73.7082
158.48	-73.7082
158.56	-73.7082
158.64	-73.677
158.72	-73.7082
158.8	-73.7395
158.88	-73.6458
158.96	-73.677
159.04	-73.7707
159.12	-73.7082
159.2	-73.7707
159.28	-73.6458
159.36	-73.6458
159.44	-73.6458
159.52	-73.6145
159.6	-73.677
159.68	-73.7395
159.76	-73.6458
159.84	-73.6458
159.92	-73.6458
160	-73.6458
160.08	-73.677
160.16	-73.677
160.24	-73.6458
160.32	-73.5832
160.4	-73.5832
160.48	-73.6458
160.56	-73.677
160.64	-73.5832
160.72	-73.7082
160.8	-73.6458
160.88	-73.6458
160.96	-73.5832
161.04	-73.5832
161.12	-73.677
161.2	-73.6145
161.28	-73.677
161.36	-73.7082
161.44	-73.6458
161.52	-73.7082
161.6	-73.7082
161.68	-73.7707
161.76	-73.7395
161.84	-73.6458
161.92	-73.7082
162	-73.6458
162.08	-73.6458
162.16	-73.7707
162.24	-73.7395
162.32	-73.677
162.4	-73.7082
162.48	-73.7082
162.56	-73.7395
162.64	-73.7395
162.72	-73.7082
162.8	-73.6145
162.88	-73.7082
162.96	-73.6145
163.04	-73.677
163.12	-73.7395
163.2	-73.7707
163.28	-73.7082
163.36	-73.7395
163.44	-73.7707
163.52	-73.7082
163.6	-73.7395
163.68	-73.7707
163.76	-73.7082
163.84	-73.7395
163.92	-73.7707
164	-73.7082
164.08	-73.7082
164.16	-73.7082
164.24	-73.7395
164.32	-73.6458
164.4	-73.7082
164.48	-73.7082
164.56	-73.677
164.64	-73.6458
164.72	-73.7082
164.8	-73.7395
164.88	-73.7082
164.96	-73.677
165.04	-73.7082
165.12	-73.7395
165.2	-73.7082
165.28	-73.7082
165.36	-73.7082
165.44	-73.5832
165.52	-73.677
165.6	-73.677
165.68	-73.7082
165.76	-73.7082
165.84	-73.7082
165.92	-73.6458
166	-73.7082
166.08	-73.6458
166.16	-73.6458
166.24	-73.7082
166.32	-73.7395
166.4	-73.7707
166.48	-73.7395
166.56	-73.7395
166.64	-73.7082
166.72	-73.677
166.8	-73.7082
166.88	-73.7082
166.96	-73.677
167.04	-73.6145
167.12	-73.6458
167.2	-73.677
167.28	-73.6458
167.36	-73.677
167.44	-73.677
167.52	-73.677
167.6	-73.677
167.68	-73.677
167.76	-73.677
167.84	-73.7082
167.92	-73.677
168	-73.7082
168.08	-73.7082
168.16	-73.7082
168.24	-73.7082
168.32	-73.677
168.4	-73.677
168.48	-73.7707
168.56	-73.7082
168.64	-73.7082
168.72	-73.8333
168.8	-73.7707
168.88	-73.7395
168.96	-73.677
169.04	-73.677
169.12	-73.7395
169.2	-73.6458
169.28	-73.5832
169.36	-73.677
169.44	-73.7395
169.52	-73.7082
169.6	-73.7395
169.68	-73.7707
169.76	-73.677
169.84	-73.677
169.92	-73.7082
170	-73.7395
170.08	-73.677
170.16	-73.677
170.24	-73.7395
170.32	-73.7395
170.4	-73.7082
170.48	-73.677
170.56	-73.677
170.64	-73.7395
170.72	-73.7082
170.8	-73.7395
170.88	-73.7082
170.96	-73.6458
171.04	-73.7082
171.12	-73.5832
171.2	-73.677
171.28	-73.6145
171.36	-73.6458
171.44	-73.6458
171.52	-73.677
171.6	-73.6458
171.68	-73.7082
171.76	-73.6458
171.84	-73.7707
171.92	-73.677
172	-73.7082
172.08	-73.7082
172.16	-73.677
172.24	-73.677
172.32	-73.7082
172.4	-73.7707
172.48	-73.6458
172.56	-73.677
172.64	-73.677
172.72	-73.6145
172.8	-73.7082
172.88	-73.7082
172.96	-73.677
173.04	-73.6458
173.12	-73.552
173.2	-73.6458
173.28	-73.6458
173.36	-73.7082
173.44	-73.6145
173.52	-73.6458
173.6	-73.6458
173.68	-73.677
173.76	-73.7082
173.84	-73.6145
173.92	-73.6458
174	-73.677
174.08	-73.6458
174.16	-73.6458
174.24	-73.677
174.32	-73.7082
174.4	-73.7395
174.48	-73.6145
174.56	-73.6145
174.64	-73.7395
174.72	-73.7082
174.8	-73.7395
174.88	-73.7707
174.96	-73.7395
175.04	-73.7707
175.12	-73.7707
175.2	-73.7395
175.28	-73.7395
175.36	-73.7707
175.44	-73.7082
175.52	-73.7395
175.6	-73.7707
175.68	-73.7707
175.76	-73.677
175.84	-73.7082
175.92	-73.7395
176	-73.7082
176.08	-73.7082
176.16	-73.677
176.24	-73.6458
176.32	-73.7082
176.4	-73.6458
176.48	-73.7395
176.56	-73.6458
176.64	-73.677
176.72	-73.6458
176.8	-73.6458
176.88	-73.6458
176.96	-73.5832
177.04	-73.7082
177.12	-73.5832
177.2	-73.6458
177.28	-73.5832
177.36	-73.5832
177.44	-73.677
177.52	-73.677
177.6	-73.6145
177.68	-73.6145
177.76	-73.677
177.84	-73.677
177.92	-73.6458
178	-73.677
178.08	-73.7082
178.16	-73.6458
178.24	-73.677
178.32	-73.6458
178.4	-73.677
178.48	-73.677
178.56	-73.677
178.64	-73.677
178.72	-73.6145
178.8	-73.7082
178.88	-73.677
178.96	-73.7082
179.04	-73.6458
179.12	-73.7082
179.2	-73.677
179.28	-73.6458
179.36	-73.7082
179.44	-73.7395
179.52	-73.677
179.6	-73.6458
179.68	-73.7082
179.76	-73.677
179.84	-73.677
179.92	-73.6458
180	-73.6458
180.08	-73.7395
180.16	-73.6458
180.24	-73.7395
180.32	-73.5832
180.4	-73.6458
180.48	-73.7082
180.56	-73.6145
180.64	-73.7082
180.72	-73.6458
180.8	-73.677
180.88	-73.7395
180.96	-73.7395
181.04	-73.552
181.12	-73.6458
181.2	-73.6145
181.28	-73.6145
181.36	-73.7707
181.44	-73.7082
181.52	-73.6458
181.6	-73.6458
181.68	-73.5832
181.76	-73.677
181.84	-73.7395
181.92	-73.7082
182	-73.5832
182.08	-73.552
182.16	-73.677
182.24	-73.6145
182.32	-73.7395
182.4	-73.6458
182.48	-73.6458
182.56	-73.6145
182.64	-73.552
182.72	-73.677
182.8	-73.7082
182.88	-73.5832
182.96	-73.677
183.04	-73.6458
183.12	-73.6458
183.2	-73.6145
183.28	-73.7082
183.36	-73.6145
183.44	-73.6145
183.52	-73.6145
183.6	-73.6145
183.68	-73.7082
183.76	-73.677
183.84	-73.6145
183.92	-73.6458
184	-73.552
184.08	-73.6145
184.16	-73.6145
184.24	-73.552
184.32	-73.5208
184.4	-73.5832
184.48	-73.5208
184.56	-73.677
184.64	-73.6145
184.72	-73.5208
184.8	-73.5832
184.88	-73.6145
184.96	-73.6458
185.04	-73.6458
185.12	-73.6458
185.2	-73.677
185.28	-73.6458
185.36	-73.6145
185.44	-73.6145
185.52	-73.6458
185.6	-73.677
185.68	-73.677
185.76	-73.6458
185.84	-73.677
185.92	-73.677
186	-73.6458
186.08	-73.677
186.16	-73.7082
186.24	-73.7082
186.32	-73.677
186.4	-73.7082
186.48	-73.6458
186.56	-73.7082
186.64	-73.6458
186.72	-73.677
186.8	-73.6145
186.88	-73.6458
186.96	-73.677
187.04	-73.677
187.12	-73.677
187.2	-73.6145
187.28	-73.6145
187.36	-73.6145
187.44	-73.677
187.52	-73.677
187.6	-73.6145
187.68	-73.6458
187.76	-73.677
187.84	-73.7395
187.92	-73.6458
188	-73.7395
188.08	-73.677
188.16	-73.677
188.24	-73.6145
188.32	-73.6458
188.4	-73.552
188.48	-73.552
188.56	-73.6145
188.64	-73.6145
188.72	-73.6458
188.8	-73.5832
188.88	-73.7395
188.96	-73.6145
189.04	-73.677
189.12	-73.6145
189.2	-73.6458
189.28	-73.677
189.36	-73.552
189.44	-73.5832
189.52	-73.552
189.6	-73.5832
189.68	-73.6458
189.76	-73.5832
189.84	-73.552
189.92	-73.4582
190	-73.6458
190.08	-73.6145
190.16	-73.6458
190.24	-73.6145
190.32	-73.5832
190.4	-73.6458
190.48	-73.5832
190.56	-73.677
190.64	-73.5832
190.72	-73.552
190.8	-73.5832
190.88	-73.677
190.96	-73.6145
191.04	-73.677
191.12	-73.5832
191.2	-73.6145
191.28	-73.6145
191.36	-73.6145
191.44	-73.6145
191.52	-73.6458
191.6	-73.5832
191.68	-73.5832
191.76	-73.6145
191.84	-73.5832
191.92	-73.6458
192	-73.6458
192.08	-73.6145
192.16	-73.677
192.24	-73.6145
192.32	-73.6458
192.4	-73.6458
192.48	-73.7082
192.56	-73.677
192.64	-73.7707
192.72	-73.7082
192.8	-73.6458
192.88	-73.6145
192.96	-73.6458
193.04	-73.7082
193.12	-73.5832
193.2	-73.5208
193.28	-73.552
193.36	-73.5832
193.44	-73.6145
193.52	-73.6145
193.6	-73.6145
193.68	-73.5832
193.76	-73.6458
193.84	-73.5208
193.92	-73.6145
194	-73.6145
194.08	-73.6145
194.16	-73.552
194.24	-73.5832
194.32	-73.6145
194.4	-73.6145
194.48	-73.552
194.56	-73.5832
194.64	-73.5832
194.72	-73.5208
194.8	-73.5208
194.88	-73.5208
194.96	-73.5208
195.04	-73.6458
195.12	-73.6145
195.2	-73.6458
195.28	-73.4895
195.36	-73.5832
195.44	-73.5832
195.52	-73.552
195.6	-73.6458
195.68	-73.6145
195.76	-73.5832
195.84	-73.552
195.92	-73.6145
196	-73.6145
196.08	-73.6458
196.16	-73.5832
196.24	-73.6458
196.32	-73.6458
196.4	-73.5832
196.48	-73.6458
196.56	-73.5832
196.64	-73.677
196.72	-73.5208
196.8	-73.6145
196.88	-73.5832
196.96	-73.5832
197.04	-73.677
197.12	-73.6145
197.2	-73.6458
197.28	-73.6145
197.36	-73.5832
197.44	-73.6458
197.52	-73.5832
197.6	-73.6458
197.68	-73.6458
197.76	-73.6458
197.84	-73.677
197.92	-73.6145
198	-73.5832
198.08	-73.5832
198.16	-73.5208
198.24	-73.6458
198.32	-73.6145
198.4	-73.552
198.48	-73.5208
198.56	-73.4895
198.64	-73.5208
198.72	-73.5208
198.8	-73.6145
198.88	-73.5832
198.96	-73.6458
199.04	-73.6145
199.12	-73.6145
199.2	-73.6145
199.28	-73.5832
199.36	-73.5832
199.44	-73.677
199.52	-73.5832
199.6	-73.6145
199.68	-73.5832
199.76	-73.6145
199.84	-73.5208
199.92	-73.4895
200	-73.5832
200.08	-73.6458
200.16	-73.5832
200.24	-73.552
200.32	-73.6458
200.4	-73.552
200.48	-73.5832
200.56	-73.552
200.64	-73.5208
200.72	-73.5832
200.8	-73.5832
200.88	-73.6458
200.96	-73.6145
201.04	-73.5832
201.12	-73.5832
201.2	-73.6458
201.28	-73.5832
201.36	-73.6145
201.44	-73.6458
201.52	-73.6145
201.6	-73.6458
201.68	-73.7082
201.76	-73.677
201.84	-73.6458
201.92	-73.677
202	-73.6458
202.08	-73.677
202.16	-73.6145
202.24	-73.7082
202.32	-73.6458
202.4	-73.5832
202.48	-73.6145
202.56	-73.677
202.64	-73.6145
202.72	-73.7082
202.8	-73.6458
202.88	-73.5832
202.96	-73.552
203.04	-73.552
203.12	-73.6145
203.2	-73.6145
203.28	-73.6458
203.36	-73.6145
203.44	-73.677
203.52	-73.6145
203.6	-73.6145
203.68	-73.6458
203.76	-73.6458
203.84	-73.5832
203.92	-73.6458
204	-73.7082
204.08	-73.6145
204.16	-73.5832
204.24	-73.552
204.32	-73.6458
204.4	-73.6458
204.48	-73.552
204.56	-73.4895
204.64	-73.6458
204.72	-73.6145
204.8	-73.6458
204.88	-73.5832
204.96	-73.6145
205.04	-73.6145
205.12	-73.552
205.2	-73.552
205.28	-73.6145
205.36	-73.6145
205.44	-73.6145
205.52	-73.552
205.6	-73.677
205.68	-73.6145
205.76	-73.5832
205.84	-73.5832
205.92	-73.677
206	-73.4895
206.08	-73.552
206.16	-73.5832
206.24	-73.6145
206.32	-73.5208
206.4	-73.5208
206.48	-73.6145
206.56	-73.6145
206.64	-73.5832
206.72	-73.5832
206.8	-73.552
206.88	-73.5832
206.96	-73.552
207.04	-73.5208
207.12	-73.5208
207.2	-73.6145
207.28	-73.6145
207.36	-73.5832
207.44	-73.6145
207.52	-73.6458
207.6	-73.5832
207.68	-73.5832
207.76	-73.7082
207.84	-73.5832
207.92	-73.5832
208	-73.6145
208.08	-73.6458
208.16	-73.5208
208.24	-73.6458
208.32	-73.6145
208.4	-73.5832
208.48	-73.677
208.56	-73.677
208.64	-73.7082
208.72	-73.6458
208.8	-73.6145
208.88	-73.5832
208.96	-73.677
209.04	-73.677
209.12	-73.6145
209.2	-73.552
209.28	-73.552
209.36	-73.6145
209.44	-73.6458
209.52	-73.552
209.6	-73.6145
209.68	-73.552
209.76	-73.6458
209.84	-73.552
209.92	-73.5832
210	-73.552
210.08	-73.6145
210.16	-73.6458
210.24	-73.5208
210.32	-73.5832
210.4	-73.5832
210.48	-73.552
210.56	-73.552
210.64	-73.552
210.72	-73.5832
210.8	-73.5208
210.88	-73.552
210.96	-73.4582
211.04	-73.552
211.12	-73.5832
211.2	-73.5832
211.28	-73.552
211.36	-73.5832
211.44	-73.4582
211.52	-73.552
211.6	-73.5208
211.68	-73.5208
211.76	-73.5832
211.84	-73.5832
211.92	-73.552
212	-73.4895
212.08	-73.427
212.16	-73.5832
212.24	-73.5832
212.32	-73.677
212.4	-73.6458
212.48	-73.6145
212.56	-73.6145
212.64	-73.6145
212.72	-73.6145
212.8	-73.5832
212.88	-73.5208
212.96	-73.5832
213.04	-73.5832
213.12	-73.6145
213.2	-73.5832
213.28	-73.4895
213.36	-73.4582
213.44	-73.5832
213.52	-73.6145
213.6	-73.6458
213.68	-73.677
213.76	-73.552
213.84	-73.4582
213.92	-73.552
214	-73.4582
214.08	-73.5208
214.16	-73.552
214.24	-73.552
214.32	-73.6145
214.4	-73.5208
214.48	-73.5832
214.56	-73.552
214.64	-73.5832
214.72	-73.6145
214.8	-73.6145
214.88	-73.5832
214.96	-73.5817
215.04	-73.5817
215.12	-73.5817
215.2	-73.5817
215.28	-73.5817
215.36	-73.5
215.44	-73.4375
215.52	-73.4062
215.6	-73.3437
215.68	-73.25
215.76	-73.3125
215.84	-73.2813
215.92	-73.1875
216	-73.1563
216.08	-73.125
216.16	-73.1563
216.24	-73.125
216.32	-73.0312
216.4	-73.0312
216.48	-73.0312
216.56	-73.0312
216.64	-72.9062
216.72	-72.9688
216.8	-72.9062
216.88	-72.9375
216.96	-72.875
217.04	-72.875
217.12	-72.7187
217.2	-72.875
217.28	-72.7812
217.36	-72.8438
217.44	-72.6875
217.52	-72.7187
217.6	-72.8125
217.68	-72.7812
217.76	-72.75
217.84	-72.7187
217.92	-72.6563
218	-72.6875
218.08	-72.6875
218.16	-72.5937
218.24	-72.625
218.32	-72.5625
218.4	-72.5625
218.48	-72.625
218.56	-72.5937
218.64	-72.5625
218.72	-72.5625
218.8	-72.5625
218.88	-72.5625
218.96	-72.5625
219.04	-72.5
219.12	-72.5625
219.2	-72.4688
219.28	-72.5
219.36	-72.4375
219.44	-72.4688
219.52	-72.4062
219.6	-72.375
219.68	-72.375
219.76	-72.4375
219.84	-72.3438
219.92	-72.3438
220	-72.25
220.08	-72.2188
220.16	-72.3438
220.24	-72.25
220.32	-72.1563
220.4	-72.25
220.48	-72.1563
220.56	-72.1875
220.64	-72.125
220.72	-72.1875
220.8	-72.25
220.88	-72.125
220.96	-72.1875
221.04	-72.0625
221.12	-72.1875
221.2	-72.125
221.28	-72
221.36	-72.1563
221.44	-72.0625
221.52	-72.0313
221.6	-72.0313
221.68	-72
221.76	-72
221.84	-71.9375
221.92	-71.9063
222	-71.9375
222.08	-71.9375
222.16	-71.8125
222.24	-71.9063
222.32	-71.875
222.4	-71.875
222.48	-71.9687
222.56	-71.8438
222.64	-71.8438
222.72	-71.7812
222.8	-71.8438
222.88	-71.7812
222.96	-71.875
223.04	-71.75
223.12	-71.8125
223.2	-71.7812
223.28	-71.75
223.36	-71.75
223.44	-71.8438
223.52	-71.7188
223.6	-71.7188
223.68	-71.8125
223.76	-71.7188
223.84	-71.6875
223.92	-71.6562
224	-71.7188
224.08	-71.5313
224.16	-71.6562
224.24	-71.5313
224.32	-71.5313
224.4	-71.6562
224.48	-71.5625
224.56	-71.5937
224.64	-71.6562
224.72	-71.6562
224.8	-71.5937
224.88	-71.4687
224.96	-71.5
225.04	-71.4687
225.12	-71.5625
225.2	-71.4687
225.28	-71.5313
225.36	-71.4375
225.44	-71.5625
225.52	-71.4687
225.6	-71.4375
225.68	-71.4687
225.76	-71.3437
225.84	-71.375
225.92	-71.4063
226	-71.3125
226.08	-71.375
226.16	-71.375
226.24	-71.375
226.32	-71.375
226.4	-71.375
226.48	-71.3125
226.56	-71.375
226.64	-71.2812
226.72	-71.2188
226.8	-71.3125
226.88	-71.3437
226.96	-71.25
227.04	-71.2188
227.12	-71.2188
227.2	-71.2188
227.28	-71.1562
227.36	-71.0938
227.44	-71.2188
227.52	-71.1562
227.6	-71.0938
227.68	-71.0938
227.76	-71.1562
227.84	-71.125
227.92	-71.1562
228	-71.1562
228.08	-71.125
228.16	-71.0938
228.24	-71.0938
228.32	-71.0313
228.4	-70.9687
228.48	-71.0938
228.56	-71.0625
228.64	-71.125
228.72	-71.0313
228.8	-71.0313
228.88	-71
228.96	-71.0938
229.04	-70.9687
229.12	-70.9687
229.2	-70.9687
229.28	-71
229.36	-70.9063
229.44	-71
229.52	-70.9063
229.6	-70.9687
229.68	-70.9063
229.76	-70.9063
229.84	-70.9687
229.92	-70.9063
230	-71
230.08	-70.9687
230.16	-70.875
230.24	-70.875
230.32	-70.8437
230.4	-70.9687
230.48	-70.875
230.56	-70.8125
230.64	-70.9063
230.72	-70.875
230.8	-70.8437
230.88	-70.8125
230.96	-70.8125
231.04	-70.75
231.12	-70.8125
231.2	-70.7188
231.28	-70.75
231.36	-70.75
231.44	-70.6875
231.52	-70.75
231.6	-70.7188
231.68	-70.75
231.76	-70.7188
231.84	-70.625
231.92	-70.6562
232	-70.6875
232.08	-70.625
232.16	-70.6875
232.24	-70.6562
232.32	-70.625
232.4	-70.7188
232.48	-70.6562
232.56	-70.5938
232.64	-70.5938
232.72	-70.5625
232.8	-70.5312
232.88	-70.625
232.96	-70.5938
233.04	-70.625
233.12	-70.5938
233.2	-70.5938
233.28	-70.625
233.36	-70.5312
233.44	-70.5312
233.52	-70.5
233.6	-70.5938
233.68	-70.5625
233.76	-70.5
233.84	-70.4688
233.92	-70.5
234	-70.4688
234.08	-70.5312
234.16	-70.5
234.24	-70.4063
234.32	-70.4375
234.4	-70.3437
234.48	-70.4688
234.56	-70.4375
234.64	-70.4063
234.72	-70.4688
234.8	-70.4375
234.88	-70.4375
234.96	-70.4063
235.04	-70.375
235.12	-70.375
235.2	-70.4063
235.28	-70.4063
235.36	-70.4688
235.44	-70.4375
235.52	-70.5
235.6	-70.4375
235.68	-70.4375
235.76	-70.3125
235.84	-70.375
235.92	-70.375
236	-70.4688
236.08	-70.3125
236.16	-70.3125
236.24	-70.2813
236.32	-70.4063
236.4	-70.375
236.48	-70.3125
236.56	-70.4063
236.64	-70.4063
236.72	-70.3125
236.8	-70.3437
236.88	-70.3125
236.96	-70.2187
237.04	-70.2187
237.12	-70.2187
237.2	-70.2187
237.28	-70.2187
237.36	-70.1562
237.44	-70.2187
237.52	-70.125
237.6	-70.2187
237.68	-70.1875
237.76	-70.2813
237.84	-70.1562
237.92	-70.125
238	-70.2187
238.08	-70.125
238.16	-70.1562
238.24	-70.1562
238.32	-70.125
238.4	-70.2187
238.48	-70.1875
238.56	-70.0625
238.64	-70.2187
238.72	-70.125
238.8	-70.0625
238.88	-70.0625
238.96	-70.1562
239.04	-70.0938
239.12	-70.0625
239.2	-70
239.28	-70.0625
239.36	-70.125
239.44	-70.1562
239.52	-70.0938
239.6	-70.0312
239.68	-70
239.76	-70.0312
239.84	-69.9688
239.92	-70
240	-70.0938
240.08	-69.9688
240.16	-69.9375
240.24	-70.0312
240.32	-70.0625
240.4	-70.0938
240.48	-70
240.56	-69.9688
240.64	-70
240.72	-70
240.8	-70
240.88	-69.9062
240.96	-69.8437
241.04	-69.9375
241.12	-70
241.2	-70
241.28	-69.9688
241.36	-69.9062
241.44	-69.9375
241.52	-69.9375
241.6	-69.875
241.68	-69.9375
241.76	-69.9375
241.84	-69.9688
241.92	-69.9062
242	-69.9688
242.08	-69.8437
242.16	-69.7813
242.24	-69.9062
242.32	-69.9375
242.4	-69.9062
242.48	-69.8125
242.56	-69.8437
242.64	-69.7813
242.72	-69.875
242.8	-69.9062
242.88	-69.9375
242.96	-69.8437
243.04	-69.875
243.12	-69.8437
243.2	-69.7813
243.28	-69.8437
243.36	-69.8437
243.44	-69.8437
243.52	-69.875
243.6	-69.8125
243.68	-69.8437
243.76	-69.8125
243.84	-69.75
243.92	-69.8437
244	-69.75
244.08	-69.7813
244.16	-69.7187
244.24	-69.7813
244.32	-69.7187
244.4	-69.6875
244.48	-69.7187
244.56	-69.7813
244.64	-69.7813
244.72	-69.75
244.8	-69.6563
244.88	-69.6563
244.96	-69.6875
245.04	-69.7187
245.12	-69.75
245.2	-69.5937
245.28	-69.5937
245.36	-69.625
245.44	-69.6563
245.52	-69.6875
245.6	-69.7187
245.68	-69.6875
245.76	-69.6875
245.84	-69.5937
245.92	-69.6563
246	-69.5937
246.08	-69.5937
246.16	-69.6563
246.24	-69.6563
246.32	-69.5937
246.4	-69.625
246.48	-69.5312
246.56	-69.5312
246.64	-69.6875
246.72	-69.6563
246.8	-69.5312
246.88	-69.5312
246.96	-69.5
247.04	-69.6563
247.12	-69.625
247.2	-69.5937
247.28	-69.625
247.36	-69.5937
247.44	-69.625
247.52	-69.5937
247.6	-69.5312
247.68	-69.5937
247.76	-69.5937
247.84	-69.4688
247.92	-69.5
248	-69.4688
248.08	-69.6563
248.16	-69.5312
248.24	-69.5
248.32	-69.5
248.4	-69.5937
248.48	-69.6563
248.56	-69.4688
248.64	-69.5312
248.72	-69.5937
248.8	-69.4688
248.88	-69.5
248.96	-69.4688
249.04	-69.4375
249.12	-69.4375
249.2	-69.4688
249.28	-69.4375
249.36	-69.4688
249.44	-69.5
249.52	-69.4688
249.6	-69.4062
249.68	-69.375
249.76	-69.4688
249.84	-69.3438
249.92	-69.4375
250	-69.4375
250.08	-69.375
250.16	-69.4375
250.24	-69.4375
250.32	-69.3438
250.4	-69.3438
250.48	-69.375
250.56	-69.2813
250.64	-69.375
250.72	-69.2813
250.8	-69.3438
250.88	-69.375
250.96	-69.4375
251.04	-69.375
251.12	-69.375
251.2	-69.375
251.28	-69.3438
251.36	-69.375
251.44	-69.375
251.52	-69.3438
251.6	-69.3125
251.68	-69.2813
251.76	-69.375
251.84	-69.25
251.92	-69.3125
252	-69.4688
252.08	-69.375
252.16	-69.2813
252.24	-69.3125
252.32	-69.3438
252.4	-69.2813
252.48	-69.2813
252.56	-69.375
252.64	-69.3438
252.72	-69.4062
252.8	-69.3125
252.88	-69.375
252.96	-69.1875
253.04	-69.1875
253.12	-69.25
253.2	-69.2187
253.28	-69.3125
253.36	-69.3125
253.44	-69.25
253.52	-69.25
253.6	-69.25
253.68	-69.2813
253.76	-69.2813
253.84	-69.2187
253.92	-69.1875
254	-69.2813
254.08	-69.2813
254.16	-69.2813
254.24	-69.25
254.32	-69.1563
254.4	-69.2187
254.48	-69.25
254.56	-69.125
254.64	-69.125
254.72	-69.2187
254.8	-69.2187
254.88	-69.2187
254.96	-69.1563
255.04	-69.25
255.12	-69.1875
255.2	-69.1563
255.28	-69.1563
255.36	-69.1875
255.44	-69.1563
255.52	-69.1875
255.6	-69.125
255.68	-69.25
255.76	-69.1563
255.84	-69.1563
255.92	-69.1563
256	-69.125
256.08	-69.125
256.16	-69.0313
256.24	-69.0313
256.32	-69.0625
256.4	-69.0937
256.48	-69.0937
256.56	-69.1563
256.64	-69.0625
256.72	-69.125
256.8	-69.0625
256.88	-69.0937
256.96	-69.0937
257.04	-69.0937
257.12	-69.1563
257.2	-69.125
257.28	-69.125
257.36	-69
257.44	-69.0937
257.52	-69.125
257.6	-69.0625
257.68	-69.0625
257.76	-69.0313
257.84	-69.0313
257.92	-69.0625
258	-69.0313
258.08	-69.0937
258.16	-69.0937
258.24	-69.0937
258.32	-69.0937
258.4	-69.125
258.48	-69.0625
258.56	-68.9688
258.64	-69
258.72	-69.0937
258.8	-69.0625
258.88	-69.0625
258.96	-69.0313
259.04	-69
259.12	-69.0313
259.2	-69.0625
259.28	-69.0313
259.36	-69.0313
259.44	-69.0937
259.52	-69.0313
259.6	-69.0625
259.68	-69.0313
259.76	-69
259.84	-69.0625
259.92	-69
260	-69.0313
260.08	-68.9688
260.16	-69
260.24	-69
260.32	-68.8438
260.4	-68.8438
260.48	-69
260.56	-68.9375
260.64	-68.9375
260.72	-69
260.8	-68.9688
260.88	-68.9375
260.96	-68.9375
261.04	-68.9062
261.12	-68.9062
261.2	-68.9688
261.28	-68.8438
261.36	-69.0313
261.44	-68.9375
261.52	-68.8438
261.6	-68.9688
261.68	-68.9375
261.76	-68.9375
261.84	-68.8438
261.92	-68.7812
262	-68.8438
262.08	-68.9062
262.16	-68.8438
262.24	-68.9062
262.32	-68.9062
262.4	-68.9062
262.48	-68.8125
262.56	-68.7187
262.64	-68.7812
262.72	-68.9062
262.8	-68.9062
262.88	-68.9062
262.96	-68.75
263.04	-68.8438
263.12	-68.7812
263.2	-68.8438
263.28	-68.8125
263.36	-68.9062
263.44	-68.8438
263.52	-68.8438
263.6	-68.7812
263.68	-68.8125
263.76	-68.8125
263.84	-68.8438
263.92	-68.7812
264	-68.8438
264.08	-68.8438
264.16	-68.9688
264.24	-68.8438
264.32	-68.6563
264.4	-68.7812
264.48	-68.9062
264.56	-68.8125
264.64	-68.8438
264.72	-68.9062
264.8	-68.8438
264.88	-68.75
264.96	-68.8125
265.04	-68.7812
265.12	-68.75
265.2	-68.8125
265.28	-68.7812
265.36	-68.75
265.44	-68.75
265.52	-68.7187
265.6	-68.8438
265.68	-68.7187
265.76	-68.75
265.84	-68.7187
265.92	-68.6875
266	-68.625
266.08	-68.7187
266.16	-68.6875
266.24	-68.75
266.32	-68.6875
266.4	-68.6875
266.48	-68.625
266.56	-68.6563
266.64	-68.625
266.72	-68.5313
266.8	-68.625
266.88	-68.5937
266.96	-68.625
267.04	-68.625
267.12	-68.625
267.2	-68.5937
267.28	-68.5937
267.36	-68.625
267.44	-68.625
267.52	-68.6563
267.6	-68.5313
267.68	-68.5937
267.76	-68.6563
267.84	-68.6563
267.92	-68.6563
268	-68.625
268.08	-68.625
268.16	-68.625
268.24	-68.625
268.32	-68.5625
268.4	-68.6563
268.48	-68.6563
268.56	-68.625
268.64	-68.625
268.72	-68.6563
268.8	-68.75
268.88	-68.6875
268.96	-68.6563
269.04	-68.625
269.12	-68.7187
269.2	-68.6563
269.28	-68.5625
269.36	-68.5625
269.44	-68.6875
269.52	-68.625
269.6	-68.5937
269.68	-68.625
269.76	-68.5625
269.84	-68.625
269.92	-68.625
270	-68.7187
270.08	-68.5937
270.16	-68.5937
270.24	-68.5937
270.32	-68.6563
270.4	-68.5937
270.48	-68.5625
270.56	-68.625
270.64	-68.625
270.72	-68.5937
270.8	-68.5625
270.88	-68.6563
270.96	-68.5937
271.04	-68.5
271.12	-68.5937
271.2	-68.6563
271.28	-68.5937
271.36	-68.5625
271.44	-68.5313
271.52	-68.5
271.6	-68.625
271.68	-68.5313
271.76	-68.5625
271.84	-68.5313
271.92	-68.5313
272	-68.5937
272.08	-68.5
272.16	-68.5313
272.24	-68.5313
272.32	-68.5937
272.4	-68.5625
272.48	-68.4687
272.56	-68.5625
272.64	-68.5625
272.72	-68.5937
272.8	-68.5
272.88	-68.5
272.96	-68.5625
273.04	-68.5625
273.12	-68.5313
273.2	-68.5
273.28	-68.5
273.36	-68.5937
273.44	-68.5625
273.52	-68.5625
273.6	-68.5
273.68	-68.625
273.76	-68.5937
273.84	-68.5313
273.92	-68.5937
274	-68.5625
274.08	-68.5313
274.16	-68.5625
274.24	-68.5
274.32	-68.5
274.4	-68.4687
274.48	-68.4687
274.56	-68.5
274.64	-68.4687
274.72	-68.5313
274.8	-68.4687
274.88	-68.5
274.96	-68.4687
275.04	-68.5937
275.12	-68.5625
275.2	-68.5313
275.28	-68.5625
275.36	-68.5313
275.44	-68.4062
275.52	-68.5313
275.6	-68.4687
275.68	-68.5
275.76	-68.5625
275.84	-68.4687
275.92	-68.4375
276	-68.4062
276.08	-68.5313
276.16	-68.4687
276.24	-68.4687
276.32	-68.4687
276.4	-68.4687
276.48	-68.375
276.56	-68.4375
276.64	-68.4375
276.72	-68.5
276.8	-68.4687
276.88	-68.5
276.96	-68.4062
277.04	-68.4062
277.12	-68.4375
277.2	-68.5313
277.28	-68.4062
277.36	-68.5313
277.44	-68.375
277.52	-68.4062
277.6	-68.4687
277.68	-68.3125
277.76	-68.4062
277.84	-68.375
277.92	-68.3438
278	-68.4062
278.08	-68.3438
278.16	-68.375
278.24	-68.4062
278.32	-68.375
278.4	-68.375
278.48	-68.4375
278.56	-68.4062
278.64	-68.375
278.72	-68.3438
278.8	-68.4687
278.88	-68.4375
278.96	-68.4062
279.04	-68.4687
279.12	-68.4687
279.2	-68.375
279.28	-68.3438
279.36	-68.4062
279.44	-68.3438
279.52	-68.3438
279.6	-68.4375
279.68	-68.3125
279.76	-68.3438
279.84	-68.4062
279.92	-68.5
280	-68.4062
280.08	-68.4062
280.16	-68.4062
280.24	-68.375
280.32	-68.3438
280.4	-68.3438
280.48	-68.3125
280.56	-68.3125
280.64	-68.3438
280.72	-68.3125
280.8	-68.3438
280.88	-68.3125
280.96	-68.3125
281.04	-68.4062
281.12	-68.375
281.2	-68.375
281.28	-68.4375
281.36	-68.3125
281.44	-68.4375
281.52	-68.375
281.6	-68.4062
281.68	-68.3438
281.76	-68.3438
281.84	-68.3438
281.92	-68.2812
282	-68.375
282.08	-68.375
282.16	-68.4375
282.24	-68.375
282.32	-68.4375
282.4	-68.3438
282.48	-68.375
282.56	-68.3438
282.64	-68.3438
282.72	-68.3438
282.8	-68.3438
282.88	-68.3438
282.96	-68.3438
283.04	-68.375
283.12	-68.3438
283.2	-68.375
283.28	-68.375
283.36	-68.3438
283.44	-68.2812
283.52	-68.3125
283.6	-68.3125
283.68	-68.3125
283.76	-68.3125
283.84	-68.25
283.92	-68.25
284	-68.3438
284.08	-68.3125
284.16	-68.3125
284.24	-68.25
284.32	-68.2812
284.4	-68.25
284.48	-68.375
284.56	-68.3125
284.64	-68.2812
284.72	-68.25
284.8	-68.2812
284.88	-68.2812
284.96	-68.375
285.04	-68.1875
285.12	-68.375
285.2	-68.2812
285.28	-68.2812
285.36	-68.375
285.44	-68.2812
285.52	-68.3125
285.6	-68.375
285.68	-68.375
285.76	-68.3438
285.84	-68.375
285.92	-68.375
286	-68.3125
286.08	-68.2812
286.16	-68.3438
286.24	-68.4375
286.32	-68.4062
286.4	-68.3438
286.48	-68.375
286.56	-68.4375
286.64	-68.2812
286.72	-68.3438
286.8	-68.25
286.88	-68.3438
286.96	-68.3125
287.04	-68.1562
287.12	-68.3125
287.2	-68.3125
287.28	-68.2812
287.36	-68.3125
287.44	-68.2812
287.52	-68.3438
287.6	-68.2812
287.68	-68.1562
287.76	-68.25
287.84	-68.2812
287.92	-68.2812
288	-68.3438
288.08	-68.2812
288.16	-68.1875
288.24	-68.25
288.32	-68.2812
288.4	-68.25
288.48	-68.3125
288.56	-68.3125
288.64	-68.25
288.72	-68.1875
288.8	-68.1875
288.88	-68.2812
288.96	-68.2812
289.04	-68.25
289.12	-68.25
289.2	-68.1875
289.28	-68.25
289.36	-68.2812
289.44	-68.1875
289.52	-68.25
289.6	-68.1875
289.68	-68.1562
289.76	-68.1562
289.84	-68.1562
289.92	-68.25
290	-68.1875
290.08	-68.3438
290.16	-68.3438
290.24	-68.1875
290.32	-68.3438
290.4	-68.2812
290.48	-68.3438
290.56	-68.3438
290.64	-68.25
290.72	-68.1875
290.8	-68.1562
290.88	-68.1875
290.96	-68.2812
291.04	-68.25
291.12	-68.0937
291.2	-68.125
291.28	-68.1875
291.36	-68.25
291.44	-68.1562
291.52	-68.125
291.6	-68.0937
291.68	-68.125
291.76	-68.25
291.84	-68.1875
291.92	-68.1562
292	-68.1875
292.08	-68.3438
292.16	-68.3125
292.24	-68.2812
292.32	-68.1875
292.4	-68.3125
292.48	-68.2812
292.56	-68.25
292.64	-68.1875
292.72	-68.3125
292.8	-68.25
292.88	-68.2812
292.96	-68.25
293.04	-68.1875
293.12	-68.25
293.2	-68.1562
293.28	-68.2812
293.36	-68.25
293.44	-68.1562
293.52	-68.2812
293.6	-68.1562
293.68	-68.1562
293.76	-68.1875
293.84	-68.125
293.92	-68.125
294	-68.125
294.08	-68.0937
294.16	-68.125
294.24	-68.125
294.32	-68.0625
294.4	-68.0625
294.48	-68.125
294.56	-68.0625
294.64	-68.0937
294.72	-68.1562
294.8	-68.125
294.88	-68.0937
294.96	-68.1562
295.04	-68.125
295.12	-68.1562
295.2	-68.1562
295.28	-68.25
295.36	-68.1562
295.44	-68.1562
295.52	-68.1875
295.6	-68.125
295.68	-68.25
295.76	-68.0625
295.84	-68.125
295.92	-68.125
296	-68.1562
296.08	-68.125
296.16	-68.125
296.24	-68.1562
296.32	-68.1562
296.4	-68.0625
296.48	-68.125
296.56	-68.0313
296.64	-68.0937
296.72	-68.0625
296.8	-68.0937
296.88	-68.1875
296.96	-68.1875
297.04	-68.125
297.12	-68.1875
297.2	-68.2812
297.28	-68.1875
297.36	-68.125
297.44	-68.0937
297.52	-68.0937
297.6	-68.0937
297.68	-68.1562
297.76	-68.125
297.84	-68.125
297.92	-68.0937
298	-68.0937
298.08	-68.1875
298.16	-68.0937
298.24	-68.0625
298.32	-68.1562
298.4	-68.1562
298.48	-68.25
298.56	-68.0313
298.64	-68.125
298.72	-68.1875
298.8	-68.125
298.88	-68.1562
298.96	-68.0625
299.04	-68.1875
299.12	-68.0937
299.2	-68.125
299.28	-68.0625
299.36	-68.125
299.44	-68.125
299.52	-68.1875
299.6	-68.0313
299.68	-68.0937
299.76	-68.25
299.84	-68.125
299.92	-68.125
300	-68.1562
300.08	-68.125
300.16	-68.125
300.24	-68.0625
300.32	-68.0937
300.4	-68.0313
300.48	-68.0313
300.56	-68
300.64	-68.0937
300.72	-68.125
300.8	-68.0937
300.88	-68.0937
300.96	-68.0937
301.04	-68.1562
301.12	-68.125
301.2	-68.1562
301.28	-68.0937
301.36	-68.0625
301.44	-68.0937
301.52	-68.1562
301.6	-68.125
301.68	-68.2812
301.76	-68.125
301.84	-68
301.92	-68.0937
302	-68.0937
302.08	-68.1875
302.16	-68.2812
302.24	-68.0937
302.32	-68.25
302.4	-68.25
302.48	-68.1875
302.56	-68.125
302.64	-68.0625
302.72	-68.1562
302.8	-68.2812
302.88	-68.125
302.96	-68.0625
303.04	-68.1875
303.12	-68.0937
303.2	-68.125
303.28	-68.0937
303.36	-68.125
303.44	-68.0625
303.52	-68.1562
303.6	-68.125
303.68	-68.0937
303.76	-68.125
303.84	-68.0313
303.92	-68.125
304	-68.0313
304.08	-68.1562
304.16	-68.0937
304.24	-68.125
304.32	-68.125
304.4	-68.0625
304.48	-68.0937
304.56	-68.0625
304.64	-68.0937
304.72	-68.1562
304.8	-68.0937
304.88	-68.0937
304.96	-68.0937
305.04	-68.0937
305.12	-68.0937
305.2	-68.0625
305.28	-68.0937
305.36	-68.0625
305.44	-68.0313
305.52	-68.0625
305.6	-68.0937
305.68	-68
305.76	-68.0625
305.84	-68
305.92	-68.0313
306	-68.0937
306.08	-68.125
306.16	-68.125
306.24	-68.0313
306.32	-68.0625
306.4	-68.0937
306.48	-68.0625
306.56	-67.9687
306.64	-68
306.72	-68.0937
306.8	-68.0625
306.88	-68.0937
306.96	-68.0625
307.04	-68.125
307.12	-68.0313
307.2	-68
307.28	-68.0937
307.36	-68.0313
307.44	-68.0625
307.52	-68.0313
307.6	-68.0937
307.68	-68.0937
307.76	-68.0937
307.84	-68
307.92	-68
308	-68.0625
308.08	-68
308.16	-68.0937
308.24	-68.125
308.32	-68.0625
308.4	-68.0937
308.48	-68
308.56	-68
308.64	-68
308.72	-68.0313
308.8	-68.1875
308.88	-68.125
308.96	-68
309.04	-68.0937
309.12	-68.0937
309.2	-68.0625
309.28	-68.1562
309.36	-68.0937
309.44	-68.0937
309.52	-68.125
309.6	-68.1562
309.68	-68.125
309.76	-68.125
309.84	-68.0625
309.92	-68.0937
310	-68.125
310.08	-68.0313
310.16	-68.0937
310.24	-68.0313
310.32	-68.0313
310.4	-68.0625
310.48	-68.0313
310.56	-68.0937
310.64	-68
310.72	-68.0313
310.8	-68.1562
310.88	-68.0625
310.96	-68.0937
311.04	-68.0313
311.12	-68.0313
311.2	-67.9375
311.28	-67.9375
311.36	-67.9687
311.44	-68.0625
311.52	-68
311.6	-68.0625
311.68	-68.0625
311.76	-68.0313
311.84	-68.0313
311.92	-67.9687
312	-68.0937
312.08	-68.0937
312.16	-67.9687
312.24	-68.0625
312.32	-68.0625
312.4	-68.0313
312.48	-68
312.56	-68.0625
312.64	-68.0313
312.72	-68.0937
312.8	-68.0937
312.88	-68.0937
312.96	-68.0313
313.04	-67.9687
313.12	-67.9063
313.2	-68
313.28	-68.0937
313.36	-68.0313
313.44	-68.125
313.52	-68.0313
313.6	-68.0937
313.68	-67.9687
313.76	-68.0625
313.84	-68.0313
313.92	-68.0313
314	-68
314.08	-68
314.16	-67.9375
314.24	-67.9687
314.32	-68
314.4	-68.0625
314.48	-68.125
314.56	-68.0313
314.64	-68
314.72	-67.9687
314.8	-68.0313
314.88	-67.9375
