3937 2
0	-68.5313
0.08	-68.5313
0.16	-68.5313
0.24	-68.5313
0.32	-68.5
0.4	-68.5313
0.48	-68.5
0.56	-68.5
0.64	-68.5625
0.72	-68.4375
0.8	-68.5313
0.88	-68.4687
0.96	-68.5625
1.04	-68.5313
1.12	-68.4687
1.2	-68.5625
1.28	-68.4375
1.36	-68.5
1.44	-68.4062
1.52	-68.4687
1.6	-68.5
1.68	-68.4687
1.76	-68.4375
1.84	-68.4062
1.92	-68.4687
2	-68.5
2.08	-68.5
2.16	-68.5625
2.24	-68.5
2.32	-68.4062
2.4	-68.4375
2.48	-68.4687
2.56	-68.4687
2.64	-68.5313
2.72	-68.5313
2.8	-68.625
2.88	-68.5625
2.96	-68.4687
3.04	-68.5313
3.12	-68.5
3.2	-68.5625
3.28	-68.5
3.36	-68.5313
3.44	-68.5937
3.52	-68.5
3.6	-68.5937
3.68	-68.5625
3.76	-68.5937
3.84	-68.5625
3.92	-68.5313
4	-68.5313
4.08	-68.6563
4.16	-68.5625
4.24	-68.5313
4.32	-68.5937
4.4	-68.5313
4.48	-68.5
4.56	-68.5
4.64	-68.5
4.72	-68.625
4.8	-68.5
4.88	-68.6563
4.96	-68.5625
5.04	-68.5
5.12	-68.5313
5.2	-68.5313
5.28	-68.5937
5.36	-68.5313
5.44	-68.5313
5.52	-68.4687
5.6	-68.5625
5.68	-68.4375
5.76	-68.5313
5.84	-68.4687
5.92	-68.4375
6	-68.4375
6.08	-68.5313
6.16	-68.5
6.24	-68.5625
6.32	-68.5625
6.4	-68.5
6.48	-68.5
6.56	-68.5625
6.64	-68.5937
6.72	-68.5313
6.8	-68.5937
6.88	-68.4687
6.96	-68.5313
7.04	-68.625
7.12	-68.5313
7.2	-68.5625
7.28	-68.5313
7.36	-68.5
7.44	-68.4687
7.52	-68.5
7.6	-68.5
7.68	-68.5313
7.76	-68.5625
7.84	-68.5
7.92	-68.4687
8	-68.5
8.08	-68.4687
8.16	-68.5313
8.24	-68.5625
8.32	-68.5
8.4	-68.5937
8.48	-68.5937
8.56	-68.5625
8.64	-68.5625
8.72	-68.6563
8.8	-68.5
8.88	-68.5313
8.96	-68.5
9.04	-68.5313
9.12	-68.5313
9.2	-68.5625
9.28	-68.5625
9.36	-68.5
9.44	-68.5313
9.52	-68.625
9.6	-68.5937
9.68	-68.5625
9.76	-68.5937
9.84	-68.5937
9.92	-68.5625
10	-68.5625
10.08	-68.6563
10.16	-68.5313
10.24	-68.5
10.32	-68.5625
10.4	-68.5937
10.48	-68.5625
10.56	-68.5
10.64	-68.4687
10.72	-68.5
10.8	-68.5937
10.88	-68.5313
10.96	-68.5625
11.04	-68.5625
11.12	-68.625
11.2	-68.5625
11.28	-68.4687
11.36	-68.5313
11.44	-68.5313
11.52	-68.4687
11.6	-68.5
11.68	-68.5625
11.76	-68.5
11.84	-68.5625
11.92	-68.4687
12	-68.5313
12.08	-68.5937
12.16	-68.4375
12.24	-68.5313
12.32	-68.5
12.4	-68.5313
12.48	-68.5937
12.56	-68.4687
12.64	-68.5625
12.72	-68.5625
12.8	-68.5937
12.88	-68.5937
12.96	-68.5625
13.04	-68.5313
13.12	-68.625
13.2	-68.5937
13.28	-68.5313
13.36	-68.625
13.44	-68.5625
13.52	-68.6563
13.6	-68.5937
13.68	-68.625
13.76	-68.5313
13.84	-68.5313
13.92	-68.5625
14	-68.5937
14.08	-68.5
14.16	-68.5937
14.24	-68.5937
14.32	-68.6563
14.4	-68.5937
14.48	-68.5625
14.56	-68.4687
14.64	-68.5937
14.72	-68.5
14.8	-68.5625
14.88	-68.5937
14.96	-68.5437
15.04	-68.5437
15.12	-68.5437
15.2	-68.5437
15.28	-68.5437
15.36	-68.7938
15.44	-69.0125
15.52	-69.2
15.6	-69.2313
15.68	-69.4812
15.76	-69.5438
15.84	-69.6375
15.92	-69.825
16	-69.8563
16.08	-69.8563
16.16	-69.95
16.24	-70.075
16.32	-70.1688
16.4	-70.2937
16.48	-70.3875
16.56	-70.5125
16.64	-70.575
16.72	-70.575
16.8	-70.7313
16.88	-70.7625
16.96	-70.7313
17.04	-70.825
17.12	-70.825
17.2	-70.9813
17.28	-71.1375
17.36	-71.1688
17.44	-71.2938
17.52	-71.2938
17.6	-71.3875
17.68	-71.5437
17.76	-71.45
17.84	-71.5125
17.92	-71.6063
18	-71.6063
18.08	-71.6375
18.16	-71.825
18.24	-71.825
18.32	-71.9188
18.4	-71.95
18.48	-71.95
18.56	-72.0125
18.64	-72.075
18.72	-72.075
18.8	-72.1688
18.88	-72.2313
18.96	-72.2313
19.04	-72.325
19.12	-72.4813
19.2	-72.6063
19.28	-72.575
19.36	-72.6375
19.44	-72.7313
19.52	-72.7313
19.6	-72.7938
19.68	-72.825
19.76	-72.9188
19.84	-72.8875
19.92	-72.9812
20	-73.0438
20.08	-73.0438
20.16	-73.0438
20.24	-73.1687
20.32	-73.2937
20.4	-73.3875
20.48	-73.3563
20.56	-73.3563
20.64	-73.45
20.72	-73.4188
20.8	-73.4812
20.88	-73.5438
20.96	-73.6063
21.04	-73.6063
21.12	-73.7625
21.2	-73.7313
21.28	-73.7313
21.36	-73.7937
21.44	-73.8875
21.52	-73.9813
21.6	-73.9813
21.68	-74.0125
21.76	-74.1062
21.84	-74.1375
21.92	-74.1375
22	-74.075
22.08	-74.1062
22.16	-74.2938
22.24	-74.2938
22.32	-74.325
22.4	-74.3875
22.48	-74.4187
22.56	-74.45
22.64	-74.6375
22.72	-74.6688
22.8	-74.7938
22.88	-74.7625
22.96	-74.7938
23.04	-74.825
23.12	-74.9187
23.2	-75.0125
23.28	-75.0438
23.36	-75.0438
23.44	-75.1063
23.52	-75.1375
23.6	-75.0438
23.68	-75.1063
23.76	-75.2938
23.84	-75.325
23.92	-75.3563
24	-75.4188
24.08	-75.4188
24.16	-75.3875
24.24	-75.45
24.32	-75.45
24.4	-75.5437
24.48	-75.5437
24.56	-75.6063
24.64	-75.7313
24.72	-75.7625
24.8	-75.7
24.88	-75.7938
24.96	-75.8562
25.04	-75.9188
25.12	-75.9188
25.2	-76.0438
25.28	-75.9813
25.36	-76.0438
25.44	-76.0125
25.52	-76.0125
25.6	-76.1687
25.68	-76.0438
25.76	-76.2
25.84	-76.2625
25.92	-76.325
26	-76.3875
26.08	-76.3875
26.16	-76.325
26.24	-76.4188
26.32	-76.45
26.4	-76.5125
26.48	-76.6063
26.56	-76.4812
26.64	-76.5438
26.72	-76.6375
26.8	-76.6375
26.88	-76.7313
26.96	-76.7
27.04	-76.825
27.12	-76.8563
27.2	-76.825
27.28	-76.825
27.36	-76.8563
27.44	-76.95
27.52	-76.9188
27.6	-77.0438
27.68	-76.9812
27.76	-77.1063
27.84	-77.075
27.92	-77.1063
28	-77.1063
28.08	-77.1375
28.16	-77.2
28.24	-77.2313
28.32	-77.2937
28.4	-77.2937
28.48	-77.3563
28.56	-77.3875
28.64	-77.3875
28.72	-77.45
28.8	-77.45
28.88	-77.4813
28.96	-77.5438
29.04	-77.6062
29.12	-77.6375
29.2	-77.6375
29.28	-77.575
29.36	-77.7
29.44	-77.7625
29.52	-77.7625
29.6	-77.8875
29.68	-77.8875
29.76	-77.7938
29.84	-77.9187
29.92	-78.0125
30	-77.9187
30.08	-78.1062
30.16	-78.1375
30.24	-78.1062
30.32	-78.2
30.4	-78.1688
30.48	-78.2625
30.56	-78.2
30.64	-78.1688
30.72	-78.2
30.8	-78.2313
30.88	-78.2625
30.96	-78.2625
31.04	-78.3875
31.12	-78.4187
31.2	-78.4187
31.28	-78.3875
31.36	-78.45
31.44	-78.5125
31.52	-78.4813
31.6	-78.45
31.68	-78.4187
31.76	-78.45
31.84	-78.6688
31.92	-78.6688
32	-78.6688
32.08	-78.7
32.16	-78.7312
32.24	-78.7312
32.32	-78.825
32.4	-78.7625
32.48	-78.8563
32.56	-78.825
32.64	-78.7938
32.72	-78.8875
32.8	-78.95
32.88	-78.8563
32.96	-78.95
33.04	-78.95
33.12	-79.0125
33.2	-79.0125
33.28	-78.9813
33.36	-78.95
33.44	-78.9813
33.52	-79.1063
33.6	-79.1688
33.68	-79.1375
33.76	-79.2313
33.84	-79.075
33.92	-79.2313
34	-79.2
34.08	-79.2
34.16	-79.2313
34.24	-79.2625
34.32	-79.325
34.4	-79.3875
34.48	-79.4188
34.56	-79.45
34.64	-79.5125
34.72	-79.4188
34.8	-79.3875
34.88	-79.45
34.96	-79.4188
35.04	-79.4188
35.12	-79.4188
35.2	-79.5125
35.28	-79.4813
35.36	-79.5125
35.44	-79.5125
35.52	-79.575
35.6	-79.6375
35.68	-79.6688
35.76	-79.6375
35.84	-79.6375
35.92	-79.6063
36	-79.7
36.08	-79.7313
36.16	-79.7313
36.24	-79.7
36.32	-79.7625
36.4	-79.825
36.48	-79.7938
36.56	-79.8875
36.64	-79.8875
36.72	-79.8875
36.8	-79.95
36.88	-79.8875
36.96	-80.0125
37.04	-79.95
37.12	-79.9188
37.2	-79.95
37.28	-80.0125
37.36	-80.0125
37.44	-80.0438
37.52	-80.075
37.6	-80.1063
37.68	-80.1375
37.76	-80.2
37.84	-80.1063
37.92	-80.2313
38	-80.1375
38.08	-80.2313
38.16	-80.2
38.24	-80.2
38.32	-80.1687
38.4	-80.2
38.48	-80.2313
38.56	-80.3563
38.64	-80.2938
38.72	-80.2625
38.8	-80.2625
38.88	-80.3875
38.96	-80.45
39.04	-80.4188
39.12	-80.45
39.2	-80.45
39.28	-80.5125
39.36	-80.5125
39.44	-80.45
39.52	-80.4812
39.6	-80.5438
39.68	-80.575
39.76	-80.45
39.84	-80.3875
39.92	-80.4188
40	-80.575
40.08	-80.5438
40.16	-80.575
40.24	-80.6063
40.32	-80.6375
40.4	-80.6063
40.48	-80.6063
40.56	-80.6375
40.64	-80.575
40.72	-80.7313
40.8	-80.7625
40.88	-80.7
40.96	-80.7
41.04	-80.7313
41.12	-80.7313
41.2	-80.7937
41.28	-80.8563
41.36	-80.7625
41.44	-80.7937
41.52	-80.825
41.6	-80.7625
41.68	-80.7937
41.76	-80.9188
41.84	-80.8563
41.92	-80.8563
42	-80.8875
42.08	-80.8875
42.16	-80.8875
42.24	-80.8875
42.32	-80.825
42.4	-80.8563
42.48	-80.8563
42.56	-80.95
42.64	-80.95
42.72	-80.95
42.8	-81.0438
42.88	-81.0438
42.96	-80.9812
43.04	-81.0125
43.12	-81.0125
43.2	-81.1062
43.28	-81.0438
43.36	-81.0438
43.44	-81.1062
43.52	-81.1375
43.6	-81.075
43.68	-81.1375
43.76	-81.1375
43.84	-81.2313
43.92	-81.1375
44	-81.1688
44.08	-81.2
44.16	-81.1375
44.24	-81.2313
44.32	-81.2
44.4	-81.2
44.48	-81.2625
44.56	-81.2625
44.64	-81.2625
44.72	-81.325
44.8	-81.2625
44.88	-81.4188
44.96	-81.2
45.04	-81.2313
45.12	-81.4188
45.2	-81.45
45.28	-81.325
45.36	-81.4188
45.44	-81.45
45.52	-81.4188
45.6	-81.325
45.68	-81.325
45.76	-81.45
45.84	-81.3875
45.92	-81.45
46	-81.4188
46.08	-81.5438
46.16	-81.3875
46.24	-81.4813
46.32	-81.575
46.4	-81.6062
46.48	-81.6375
46.56	-81.6062
46.64	-81.5438
46.72	-81.575
46.8	-81.6062
46.88	-81.6062
46.96	-81.5438
47.04	-81.575
47.12	-81.575
47.2	-81.5125
47.28	-81.6062
47.36	-81.6375
47.44	-81.6375
47.52	-81.6375
47.6	-81.575
47.68	-81.7313
47.76	-81.6688
47.84	-81.6375
47.92	-81.6688
48	-81.7313
48.08	-81.6062
48.16	-81.7625
48.24	-81.7625
48.32	-81.6688
48.4	-81.6688
48.48	-81.6688
48.56	-81.6375
48.64	-81.7
48.72	-81.6688
48.8	-81.6688
48.88	-81.7625
48.96	-81.7313
49.04	-81.7625
49.12	-81.7313
49.2	-81.7625
49.28	-81.6375
49.36	-81.6688
49.44	-81.7313
49.52	-81.7938
49.6	-81.7313
49.68	-81.7313
49.76	-81.7625
49.84	-81.7938
49.92	-81.7938
50	-81.8875
50.08	-81.7625
50.16	-81.7938
50.24	-81.7313
50.32	-81.8875
50.4	-81.8563
50.48	-81.8563
50.56	-81.7938
50.64	-81.7625
50.72	-81.825
50.8	-81.8563
50.88	-81.7938
50.96	-81.825
51.04	-81.8563
51.12	-81.7938
51.2	-81.825
51.28	-81.8563
51.36	-81.7938
51.44	-81.7938
51.52	-81.825
51.6	-81.825
51.68	-81.7313
51.76	-81.7625
51.84	-81.7625
51.92	-81.825
52	-81.825
52.08	-81.7938
52.16	-81.8563
52.24	-81.9187
52.32	-81.9187
52.4	-81.7938
52.48	-81.825
52.56	-81.8563
52.64	-81.7625
52.72	-81.7938
52.8	-81.8875
52.88	-81.825
52.96	-81.825
53.04	-81.7938
53.12	-81.8875
53.2	-81.8563
53.28	-81.8875
53.36	-81.9187
53.44	-81.95
53.52	-81.8563
53.6	-81.8563
53.68	-81.825
53.76	-81.9813
53.84	-82.075
53.92	-81.9813
54	-81.9813
54.08	-81.9187
54.16	-81.95
54.24	-81.9813
54.32	-81.95
54.4	-81.95
54.48	-81.9813
54.56	-81.825
54.64	-81.9187
54.72	-81.9187
54.8	-81.9813
54.88	-81.9187
54.96	-81.95
55.04	-81.95
55.12	-81.8563
55.2	-81.9187
55.28	-81.8875
55.36	-81.8875
55.44	-81.95
55.52	-81.95
55.6	-81.8563
55.68	-82.0125
55.76	-81.9813
55.84	-81.95
55.92	-81.9813
56	-81.8875
56.08	-82.075
56.16	-81.95
56.24	-82.1063
56.32	-82.075
56.4	-82.0125
56.48	-81.9813
56.56	-82.0125
56.64	-82.075
56.72	-81.95
56.8	-82.1063
56.88	-82.1063
56.96	-82.1375
57.04	-82.1375
57.12	-82.1063
57.2	-82.1375
57.28	-82.1375
57.36	-82.1063
57.44	-82.1375
57.52	-82.2
57.6	-82.1063
57.68	-82.0125
57.76	-82.1375
57.84	-82.1375
57.92	-82.075
58	-81.9813
58.08	-82.075
58.16	-81.9813
58.24	-82.1688
58.32	-82.2312
58.4	-82.1688
58.48	-82.1063
58.56	-82.2625
58.64	-82.2
58.72	-82.2625
58.8	-82.1688
58.88	-82.1375
58.96	-82.1375
59.04	-82.2
59.12	-82.2312
59.2	-82.2
59.28	-82.2312
59.36	-82.1375
59.44	-82.2
59.52	-82.1688
59.6	-82.1375
59.68	-82.1063
59.76	-82.2
59.84	-82.1688
59.92	-82.1375
60	-82.1063
60.08	-82.1375
60.16	-82.1063
60.24	-82.075
60.32	-82.1375
60.4	-82.1688
60.48	-82.1375
60.56	-82.2
60.64	-82.1375
60.72	-82.1688
60.8	-82.2
60.88	-82.2
60.96	-82.2
61.04	-82.1688
61.12	-82.2312
61.2	-82.075
61.28	-82.1375
61.36	-82.1063
61.44	-82.2
61.52	-82.2625
61.6	-82.2
61.68	-82.2625
61.76	-82.2312
61.84	-82.2312
61.92	-82.1375
62	-82.1688
62.08	-82.2312
62.16	-82.1375
62.24	-82.2
62.32	-82.1688
62.4	-82.2
62.48	-82.2
62.56	-82.2312
62.64	-82.1688
62.72	-82.1375
62.8	-82.2938
62.88	-82.325
62.96	-82.325
63.04	-82.2312
63.12	-82.2938
63.2	-82.1688
63.28	-82.325
63.36	-82.2625
63.44	-82.2312
63.52	-82.2938
63.6	-82.2625
63.68	-82.2625
63.76	-82.2625
63.84	-82.325
63.92	-82.2625
64	-82.2938
64.08	-82.3563
64.16	-82.325
64.24	-82.2625
64.32	-82.1688
64.4	-82.2
64.48	-82.2312
64.56	-82.2312
64.64	-82.2
64.72	-82.2
64.8	-82.2312
64.88	-82.2312
64.96	-82.2625
65.04	-82.2312
65.12	-82.2625
65.2	-82.1688
65.28	-82.2312
65.36	-82.2
65.44	-82.2938
65.52	-82.2625
65.6	-82.2
65.68	-82.2312
65.76	-82.2312
65.84	-82.2
65.92	-82.2312
66	-82.2
66.08	-82.2312
66.16	-82.325
66.24	-82.1688
66.32	-82.1688
66.4	-82.1375
66.48	-82.2625
66.56	-82.2312
66.64	-82.2
66.72	-82.2625
66.8	-82.3563
66.88	-82.2312
66.96	-82.2938
67.04	-82.2312
67.12	-82.1375
67.2	-82.2312
67.28	-82.2938
67.36	-82.2938
67.44	-82.2312
67.52	-82.2
67.6	-82.2312
67.68	-82.2938
67.76	-82.2
67.84	-82.2312
67.92	-82.1375
68	-82.2312
68.08	-82.325
68.16	-82.2625
68.24	-82.2
68.32	-82.1688
68.4	-82.1688
68.48	-82.1688
68.56	-82.2
68.64	-82.2625
68.72	-82.2312
68.8	-82.1688
68.88	-82.2312
68.96	-82.2312
69.04	-82.1375
69.12	-82.2312
69.2	-82.1688
69.28	-82.2938
69.36	-82.3875
69.44	-82.2938
69.52	-82.2625
69.6	-82.2625
69.68	-82.2938
69.76	-82.325
69.84	-82.325
69.92	-82.3563
70	-82.2
70.08	-82.2
70.16	-82.2
70.24	-82.2625
70.32	-82.2312
70.4	-82.2625
70.48	-82.2938
70.56	-82.2938
70.64	-82.2938
70.72	-82.2625
70.8	-82.2625
70.88	-82.1688
70.96	-82.325
71.04	-82.2938
71.12	-82.2625
71.2	-82.2312
71.28	-82.2312
71.36	-82.2625
71.44	-82.2938
71.52	-82.2938
71.6	-82.1375
71.68	-82.2
71.76	-82.2
71.84	-82.2312
71.92	-82.2
72	-82.1688
72.08	-82.1063
72.16	-82.1063
72.24	-82.2
72.32	-82.2
72.4	-82.1375
72.48	-82.2
72.56	-82.1375
72.64	-82.1688
72.72	-82.2625
72.8	-82.2312
72.88	-82.2
72.96	-82.1375
73.04	-82.2312
73.12	-82.2312
73.2	-82.2625
73.28	-82.2625
73.36	-82.2625
73.44	-82.2
73.52	-82.1688
73.6	-82.1375
73.68	-82.1375
73.76	-82.1063
73.84	-82.1375
73.92	-82.1375
74	-82.2
74.08	-82.2
74.16	-82.2312
74.24	-82.1688
74.32	-82.1688
74.4	-82.2312
74.48	-82.1375
74.56	-82.2312
74.64	-82.1688
74.72	-82.2
74.8	-82.1375
74.88	-82.1688
74.96	-82.1375
75.04	-82.1688
75.12	-82.2
75.2	-82.1063
75.28	-82.2
75.36	-82.1688
75.44	-82.1375
75.52	-82.2
75.6	-82.1375
75.68	-82.2
75.76	-82.2625
75.84	-82.2
75.92	-82.2312
76	-82.2938
76.08	-82.2
76.16	-82.1375
76.24	-82.075
76.32	-82.1375
76.4	-82.1688
76.48	-82.075
76.56	-82.2
76.64	-82.2
76.72	-82.1688
76.8	-82.1063
76.88	-82.075
76.96	-82.1063
77.04	-82.2
77.12	-82.1375
77.2	-82.1375
77.28	-82.1688
77.36	-82.1063
77.44	-82.1688
77.52	-82.075
77.6	-82.075
77.68	-82.075
77.76	-82.075
77.84	-81.9187
77.92	-82.1063
78	-82.1688
78.08	-82.0125
78.16	-82.1375
78.24	-82.2
78.32	-82.075
78.4	-82.1063
78.48	-82.075
78.56	-82.1375
78.64	-82.1375
78.72	-82.2312
78.8	-82.1063
78.88	-82.1688
78.96	-82.1063
79.04	-82.1688
79.12	-82.1063
79.2	-82.1375
79.28	-82.1688
79.36	-82.1063
79.44	-82.1375
79.52	-82.1375
79.6	-82.1688
79.68	-82.2
79.76	-82.2
79.84	-82.1688
79.92	-82.1688
80	-82.2
80.08	-82.2
80.16	-82.2
80.24	-82.075
80.32	-82.2312
80.4	-82.1063
80.48	-82.2
80.56	-82.1688
80.64	-82.2312
80.72	-82.1688
80.8	-82.1688
80.88	-82.1688
80.96	-82.1688
81.04	-82.075
81.12	-82.1063
81.2	-82.075
81.28	-82.1375
81.36	-82.1375
81.44	-82.2
81.52	-82.2312
81.6	-82.1688
81.68	-82.1688
81.76	-82.1688
81.84	-82.1375
81.92	-82.1688
82	-82.1688
82.08	-82.1375
82.16	-82.1063
82.24	-82.075
82.32	-82.1688
82.4	-82.0125
82.48	-82.1375
82.56	-82.1063
82.64	-82.1063
82.72	-82.1375
82.8	-82.1375
82.88	-82.1063
82.96	-82.1375
83.04	-82.075
83.12	-81.9813
83.2	-82.075
83.28	-81.9813
83.36	-82.075
83.44	-82.075
83.52	-82.075
83.6	-82.075
83.68	-82.075
83.76	-82.1063
83.84	-82.0125
83.92	-82.075
84	-82.0125
84.08	-81.95
84.16	-82.1063
84.24	-82.1063
84.32	-82.1375
84.4	-82.1063
84.48	-82.075
84.56	-82.1375
84.64	-82.075
84.72	-82.1063
84.8	-82.1063
84.88	-82.1063
84.96	-82.1375
85.04	-81.9813
85.12	-82.0125
85.2	-82.1063
85.28	-82.075
85.36	-82.075
85.44	-82.1063
85.52	-82.075
85.6	-82.1375
85.68	-81.9813
85.76	-82.1063
85.84	-82.075
85.92	-82.0125
86	-82.1063
86.08	-82.1375
86.16	-81.95
86.24	-82.0125
86.32	-82.1063
86.4	-82.1063
86.48	-82.1375
86.56	-82.1063
86.64	-82.0125
86.72	-82.0125
86.8	-81.9813
86.88	-82.1063
86.96	-82.1063
87.04	-82.1375
87.12	-82.075
87.2	-82.1063
87.28	-82.1375
87.36	-82.0125
87.44	-81.9813
87.52	-82.1375
87.6	-82.0125
87.68	-81.9813
87.76	-82.1063
87.84	-82.0125
87.92	-81.9813
88	-82.075
88.08	-82.0125
88.16	-82.0125
88.24	-81.9187
88.32	-81.95
88.4	-81.9187
88.48	-81.95
88.56	-82.075
88.64	-82.0125
88.72	-81.8875
88.8	-81.9813
88.88	-81.9187
88.96	-81.8563
89.04	-81.8875
89.12	-81.9813
89.2	-81.95
89.28	-81.9813
89.36	-81.95
89.44	-81.9187
89.52	-82.0125
89.6	-81.95
89.68	-82.075
89.76	-81.825
89.84	-81.8875
89.92	-81.9187
90	-81.95
90.08	-81.9813
90.16	-82.0125
90.24	-82.0125
90.32	-81.95
90.4	-82.075
90.48	-81.95
90.56	-81.95
90.64	-81.95
90.72	-81.9187
90.8	-81.9187
90.88	-81.95
90.96	-81.9187
91.04	-81.9187
91.12	-81.95
91.2	-81.8563
91.28	-81.8563
91.36	-81.9187
91.44	-81.9187
91.52	-81.8563
91.6	-81.9187
91.68	-81.95
91.76	-81.9187
91.84	-81.9187
91.92	-81.9813
92	-81.95
92.08	-81.8875
92.16	-81.9813
92.24	-81.8563
92.32	-81.7938
92.4	-81.8563
92.48	-81.8875
92.56	-81.9813
92.64	-81.9187
92.72	-81.825
92.8	-81.8875
92.88	-81.9187
92.96	-81.8875
93.04	-81.8875
93.12	-81.8875
93.2	-81.8563
93.28	-81.825
93.36	-81.7938
93.44	-81.8875
93.52	-81.8563
93.6	-81.9187
93.68	-81.8563
93.76	-81.8563
93.84	-81.8875
93.92	-82.0125
94	-81.8875
94.08	-81.8875
94.16	-81.95
94.24	-81.8875
94.32	-81.95
94.4	-81.8875
94.48	-81.8563
94.56	-81.8875
94.64	-81.8563
94.72	-81.8563
94.8	-81.9187
94.88	-81.825
94.96	-81.7938
95.04	-81.7938
95.12	-81.825
95.2	-81.7938
95.28	-81.7625
95.36	-81.825
95.44	-81.825
95.52	-81.7938
95.6	-81.8563
95.68	-81.8875
95.76	-81.8563
95.84	-81.825
95.92	-81.825
96	-81.8875
96.08	-81.7313
96.16	-81.825
96.24	-81.8563
96.32	-81.7625
96.4	-81.7938
96.48	-81.8563
96.56	-81.825
96.64	-81.8875
96.72	-81.8563
96.8	-81.825
96.88	-81.825
96.96	-81.825
97.04	-81.825
97.12	-81.8563
97.2	-81.825
97.28	-81.825
97.36	-81.7938
97.44	-81.825
97.52	-81.9187
97.6	-81.8563
97.68	-81.7938
97.76	-81.7625
97.84	-81.7625
97.92	-81.825
98	-81.825
98.08	-81.7625
98.16	-81.7938
98.24	-81.7938
98.32	-81.825
98.4	-81.7625
98.48	-81.8563
98.56	-81.8563
98.64	-81.7938
98.72	-81.825
98.8	-81.7625
98.88	-81.7938
98.96	-81.825
99.04	-81.825
99.12	-81.7
99.2	-81.6688
99.28	-81.6688
99.36	-81.7313
99.44	-81.7938
99.52	-81.7938
99.6	-81.8875
99.68	-81.7938
99.76	-81.825
99.84	-81.7938
99.92	-81.7313
100	-81.825
100.08	-81.825
100.16	-81.8563
100.24	-81.7938
100.32	-81.825
100.4	-81.7938
100.48	-81.7
100.56	-81.7625
100.64	-81.7938
100.72	-81.825
100.8	-81.825
100.88	-81.7938
100.96	-81.7938
101.04	-81.8875
101.12	-81.7313
101.2	-81.825
101.28	-81.7313
101.36	-81.7938
101.44	-81.7
101.52	-81.7313
101.6	-81.7938
101.68	-81.7313
101.76	-81.7625
101.84	-81.7
101.92	-81.7313
102	-81.7938
102.08	-81.7313
102.16	-81.7313
102.24	-81.6688
102.32	-81.7313
102.4	-81.7625
102.48	-81.7
102.56	-81.6688
102.64	-81.7625
102.72	-81.7938
102.8	-81.7625
102.88	-81.7313
102.96	-81.7625
103.04	-81.7625
103.12	-81.7938
103.2	-81.7625
103.28	-81.7625
103.36	-81.7
103.44	-81.7625
103.52	-81.7
103.6	-81.7625
103.68	-81.7625
103.76	-81.6688
103.84	-81.7938
103.92	-81.825
104	-81.7625
104.08	-81.7313
104.16	-81.7938
104.24	-81.7313
104.32	-81.8563
104.4	-81.7625
104.48	-81.7938
104.56	-81.7625
104.64	-81.7625
104.72	-81.7
104.8	-81.7625
104.88	-81.7625
104.96	-81.7313
105.04	-81.6688
105.12	-81.7
105.2	-81.6688
105.28	-81.5438
105.36	-81.6375
105.44	-81.6688
105.52	-81.6375
105.6	-81.6688
105.68	-81.6688
105.76	-81.6688
105.84	-81.6688
105.92	-81.6375
106	-81.7313
106.08	-81.7313
106.16	-81.7
106.24	-81.7
106.32	-81.7625
106.4	-81.7313
106.48	-81.6688
106.56	-81.7313
106.64	-81.7313
106.72	-81.7625
106.8	-81.7
106.88	-81.7
106.96	-81.7938
107.04	-81.7
107.12	-81.7313
107.2	-81.7313
107.28	-81.6688
107.36	-81.6688
107.44	-81.6688
107.52	-81.7
107.6	-81.6688
107.68	-81.6688
107.76	-81.6688
107.84	-81.7
107.92	-81.7
108	-81.6375
108.08	-81.7
108.16	-81.7625
108.24	-81.7625
108.32	-81.7313
108.4	-81.7
108.48	-81.6375
108.56	-81.6688
108.64	-81.7
108.72	-81.6688
108.8	-81.6688
108.88	-81.7
108.96	-81.6688
109.04	-81.6688
109.12	-81.6688
109.2	-81.6375
109.28	-81.6375
109.36	-81.6062
109.44	-81.7
109.52	-81.6375
109.6	-81.6062
109.68	-81.6062
109.76	-81.575
109.84	-81.6688
109.92	-81.7313
110	-81.6062
110.08	-81.6062
110.16	-81.6688
110.24	-81.6688
110.32	-81.6688
110.4	-81.575
110.48	-81.575
110.56	-81.6062
110.64	-81.6375
110.72	-81.575
110.8	-81.7
110.88	-81.6375
110.96	-81.6375
111.04	-81.575
111.12	-81.6062
111.2	-81.5438
111.28	-81.575
111.36	-81.6062
111.44	-81.6062
111.52	-81.6062
111.6	-81.6062
111.68	-81.575
111.76	-81.5438
111.84	-81.575
111.92	-81.575
112	-81.5125
112.08	-81.575
112.16	-81.6062
112.24	-81.575
112.32	-81.6688
112.4	-81.6062
112.48	-81.6375
112.56	-81.7
112.64	-81.5438
112.72	-81.575
112.8	-81.5438
112.88	-81.575
112.96	-81.5438
113.04	-81.6062
113.12	-81.6375
113.2	-81.6062
113.28	-81.5438
113.36	-81.6062
113.44	-81.6688
113.52	-81.575
113.6	-81.6375
113.68	-81.575
113.76	-81.6688
113.84	-81.6375
113.92	-81.6062
114	-81.6062
114.08	-81.575
114.16	-81.6062
114.24	-81.6375
114.32	-81.6688
114.4	-81.575
114.48	-81.6688
114.56	-81.5438
114.64	-81.7625
114.72	-81.6375
114.8	-81.6688
114.88	-81.575
114.96	-81.6062
115.04	-81.6062
115.12	-81.6375
115.2	-81.7
115.28	-81.4813
115.36	-81.575
115.44	-81.6062
115.52	-81.575
115.6	-81.5125
115.68	-81.5438
115.76	-81.6062
115.84	-81.6375
115.92	-81.4188
116	-81.6062
116.08	-81.6375
116.16	-81.6062
116.24	-81.575
116.32	-81.5125
116.4	-81.6062
116.48	-81.6062
116.56	-81.575
116.64	-81.575
116.72	-81.45
116.8	-81.5438
116.88	-81.5438
116.96	-81.5438
117.04	-81.4813
117.12	-81.4813
117.2	-81.575
117.28	-81.4813
117.36	-81.5438
117.44	-81.4813
117.52	-81.5125
117.6	-81.575
117.68	-81.6062
117.76	-81.575
117.84	-81.575
117.92	-81.575
118	-81.4813
118.08	-81.6375
118.16	-81.575
118.24	-81.45
118.32	-81.5438
118.4	-81.4813
118.48	-81.6375
118.56	-81.6062
118.64	-81.4813
118.72	-81.5438
118.8	-81.4813
118.88	-81.5125
118.96	-81.4813
119.04	-81.6062
119.12	-81.575
119.2	-81.45
119.28	-81.5125
119.36	-81.5125
119.44	-81.4813
119.52	-81.6062
119.6	-81.6375
119.68	-81.6062
119.76	-81.5438
119.84	-81.5125
119.92	-81.5438
120	-81.45
120.08	-81.575
120.16	-81.575
120.24	-81.4188
120.32	-81.4813
120.4	-81.325
120.48	-81.4188
120.56	-81.5125
120.64	-81.45
120.72	-81.45
120.8	-81.4813
120.88	-81.5438
120.96	-81.5438
121.04	-81.5438
121.12	-81.5125
121.2	-81.5438
121.28	-81.5438
121.36	-81.5125
121.44	-81.4813
121.52	-81.4813
121.6	-81.4188
121.68	-81.45
121.76	-81.45
121.84	-81.3875
121.92	-81.3875
122	-81.45
122.08	-81.4813
122.16	-81.45
122.24	-81.3875
122.32	-81.4188
122.4	-81.4813
122.48	-81.45
122.56	-81.3875
122.64	-81.325
122.72	-81.45
122.8	-81.45
122.88	-81.4188
122.96	-81.575
123.04	-81.4813
123.12	-81.45
123.2	-81.4188
123.28	-81.45
123.36	-81.45
123.44	-81.4813
123.52	-81.3875
123.6	-81.4188
123.68	-81.4813
123.76	-81.45
123.84	-81.45
123.92	-81.4188
124	-81.4813
124.08	-81.3875
124.16	-81.5125
124.24	-81.45
124.32	-81.5125
124.4	-81.4188
124.48	-81.4813
124.56	-81.3875
124.64	-81.45
124.72	-81.45
124.8	-81.45
124.88	-81.45
124.96	-81.4188
125.04	-81.4188
125.12	-81.4813
125.2	-81.325
125.28	-81.3875
125.36	-81.5125
125.44	-81.5125
125.52	-81.4813
125.6	-81.45
125.68	-81.3875
125.76	-81.4188
125.84	-81.45
125.92	-81.45
126	-81.4813
126.08	-81.3875
126.16	-81.3875
126.24	-81.4813
126.32	-81.4188
126.4	-81.4188
126.48	-81.575
126.56	-81.5438
126.64	-81.575
126.72	-81.4813
126.8	-81.4188
126.88	-81.45
126.96	-81.4188
127.04	-81.45
127.12	-81.5438
127.2	-81.575
127.28	-81.5125
127.36	-81.45
127.44	-81.5125
127.52	-81.6062
127.6	-81.5438
127.68	-81.45
127.76	-81.4813
127.84	-81.4813
127.92	-81.45
128	-81.4188
128.08	-81.325
128.16	-81.3875
128.24	-81.4188
128.32	-81.4188
128.4	-81.4188
128.48	-81.4188
128.56	-81.45
128.64	-81.3875
128.72	-81.325
128.8	-81.4188
128.88	-81.4188
128.96	-81.325
129.04	-81.3875
129.12	-81.325
129.2	-81.3875
129.28	-81.2937
129.36	-81.4188
129.44	-81.3875
129.52	-81.325
129.6	-81.45
129.68	-81.3875
129.76	-81.4188
129.84	-81.4188
129.92	-81.4188
130	-81.4188
130.08	-81.325
130.16	-81.45
130.24	-81.45
130.32	-81.3875
130.4	-81.4188
130.48	-81.4188
130.56	-81.4813
130.64	-81.4188
130.72	-81.4188
130.8	-81.4188
130.88	-81.325
130.96	-81.325
131.04	-81.45
131.12	-81.575
131.2	-81.4188
131.28	-81.325
131.36	-81.325
131.44	-81.325
131.52	-81.325
131.6	-81.4188
131.68	-81.3875
131.76	-81.3875
131.84	-81.3875
131.92	-81.4188
132	-81.45
132.08	-81.3875
132.16	-81.45
132.24	-81.4813
132.32	-81.5438
132.4	-81.4188
132.48	-81.2937
132.56	-81.45
132.64	-81.325
132.72	-81.325
132.8	-81.3875
132.88	-81.2937
132.96	-81.45
133.04	-81.325
133.12	-81.4188
133.2	-81.3875
133.28	-81.4188
133.36	-81.4813
133.44	-81.3875
133.52	-81.4188
133.6	-81.3875
133.68	-81.3875
133.76	-81.45
133.84	-81.2313
133.92	-81.3875
134	-81.3875
134.08	-81.3875
134.16	-81.3875
134.24	-81.2625
134.32	-81.2937
134.4	-81.3875
134.48	-81.2937
134.56	-81.2937
134.64	-81.2625
134.72	-81.3875
134.8	-81.2937
134.88	-81.2937
134.96	-81.2937
135.04	-81.4188
135.12	-81.325
135.2	-81.2625
135.28	-81.2625
135.36	-81.2937
135.44	-81.2937
135.52	-81.325
135.6	-81.3875
135.68	-81.2937
135.76	-81.4188
135.84	-81.45
135.92	-81.325
136	-81.45
136.08	-81.45
136.16	-81.3875
136.24	-81.4813
136.32	-81.325
136.4	-81.3875
136.48	-81.3875
136.56	-81.4813
136.64	-81.3875
136.72	-81.325
136.8	-81.4188
136.88	-81.3875
136.96	-81.4188
137.04	-81.45
137.12	-81.4813
137.2	-81.3875
137.28	-81.45
137.36	-81.3875
137.44	-81.45
137.52	-81.4188
137.6	-81.325
137.68	-81.4813
137.76	-81.45
137.84	-81.45
137.92	-81.325
138	-81.2937
138.08	-81.325
138.16	-81.2313
138.24	-81.2
138.32	-81.2313
138.4	-81.325
138.48	-81.2937
138.56	-81.325
138.64	-81.2937
138.72	-81.4188
138.8	-81.4188
138.88	-81.4188
138.96	-81.3875
139.04	-81.325
139.12	-81.2937
139.2	-81.3875
139.28	-81.3875
139.36	-81.2
139.44	-81.2313
139.52	-81.2937
139.6	-81.325
139.68	-81.2313
139.76	-81.1688
139.84	-81.2313
139.92	-81.2625
140	-81.2313
140.08	-81.2625
140.16	-81.2937
140.24	-81.2937
140.32	-81.2937
140.4	-81.325
140.48	-81.2937
140.56	-81.2313
140.64	-81.2625
140.72	-81.2
140.8	-81.2
140.88	-81.2
140.96	-81.2313
141.04	-81.2625
141.12	-81.1375
141.2	-81.2
141.28	-81.1688
141.36	-81.2625
141.44	-81.2
141.52	-81.2625
141.6	-81.2937
141.68	-81.2
141.76	-81.2625
141.84	-81.2625
141.92	-81.2
142	-81.2937
142.08	-81.2
142.16	-81.2937
142.24	-81.2625
142.32	-81.2625
142.4	-81.2625
142.48	-81.2313
142.56	-81.2625
142.64	-81.2625
142.72	-81.2313
142.8	-81.2313
142.88	-81.2937
142.96	-81.325
143.04	-81.2625
143.12	-81.2937
143.2	-81.2937
143.28	-81.325
143.36	-81.2625
143.44	-81.2
143.52	-81.3875
143.6	-81.2313
143.68	-81.2625
143.76	-81.325
143.84	-81.2313
143.92	-81.2625
144	-81.2313
144.08	-81.2
144.16	-81.2937
144.24	-81.2313
144.32	-81.1688
144.4	-81.1375
144.48	-81.1062
144.56	-81.2
144.64	-81.2313
144.72	-81.1688
144.8	-81.2
144.88	-81.1375
144.96	-81.1375
145.04	-81.1062
145.12	-81.1062
145.2	-81.1688
145.28	-81.1375
145.36	-81.1375
145.44	-81.2
145.52	-81.1688
145.6	-81.2
145.68	-81.1375
145.76	-81.1062
145.84	-81.075
145.92	-81.1062
146	-81.1688
146.08	-81.1375
146.16	-81.1375
146.24	-81.1062
146.32	-81.2
146.4	-81.1375
146.48	-81.2313
146.56	-81.1062
146.64	-81.2
146.72	-81.1375
146.8	-81.1375
146.88	-81.1375
146.96	-81.1688
147.04	-81.1375
147.12	-81.2
147.2	-81.1688
147.28	-81.2313
147.36	-81.2313
147.44	-81.2625
147.52	-81.1375
147.6	-81.1688
147.68	-81.1688
147.76	-81.1375
147.84	-81.2313
147.92	-81.2625
148	-81.2
148.08	-81.2313
148.16	-81.1688
148.24	-81.1688
148.32	-81.2
148.4	-81.1375
148.48	-81.1375
148.56	-81.1062
148.64	-81.1375
148.72	-81.2
148.8	-81.1375
148.88	-81.2313
148.96	-81.2313
149.04	-81.2
149.12	-81.1375
149.2	-81.1688
149.28	-81.1375
149.36	-81.1062
149.44	-81.1688
149.52	-81.075
149.6	-81.1062
149.68	-81.075
149.76	-81.1062
149.84	-81.1062
149.92	-81.1688
150	-81.1375
150.08	-81.1062
150.16	-81.1062
150.24	-81.1688
150.32	-81.2
150.4	-81.2937
150.48	-81.2
150.56	-81.1688
150.64	-81.1062
150.72	-81.1375
150.8	-81.075
150.88	-81.1375
150.96	-81.1688
151.04	-81.1688
151.12	-81.1062
151.2	-81.1688
151.28	-81.1688
151.36	-81.075
151.44	-81.2
151.52	-81.1062
151.6	-81.1375
151.68	-81.1062
151.76	-81.0125
151.84	-81.0438
151.92	-80.95
152	-80.95
152.08	-81.0438
152.16	-81.0438
152.24	-81.0125
152.32	-81.0438
152.4	-81.1062
152.48	-81.0125
152.56	-81.0125
152.64	-81.0125
152.72	-81.1375
152.8	-81.1062
152.88	-81.1688
152.96	-81.1688
153.04	-81.1375
153.12	-81.1688
153.2	-81.2
153.28	-81.1375
153.36	-81.1375
153.44	-81.1375
153.52	-81.1062
153.6	-81.2
153.68	-81.1375
153.76	-81.1062
153.84	-81.1062
153.92	-81.1062
154	-81.0438
154.08	-81.1062
154.16	-81.1688
154.24	-81.1375
154.32	-81.1688
154.4	-81.1062
154.48	-81.1375
154.56	-81.0438
154.64	-81.1062
154.72	-81.1062
154.8	-81.0438
154.88	-81.0438
154.96	-81.0438
155.04	-81.1062
155.12	-81.0438
155.2	-81.075
155.28	-81.1375
155.36	-81.075
155.44	-80.9812
155.52	-80.9812
155.6	-81.0125
155.68	-81.075
155.76	-81.0438
155.84	-80.9812
155.92	-81.075
156	-81.0125
156.08	-81.1375
156.16	-81.0438
156.24	-80.9812
156.32	-80.95
156.4	-81.075
156.48	-81.0438
156.56	-81.0438
156.64	-81.0438
156.72	-81.075
156.8	-81.1062
156.88	-81.075
156.96	-81.1375
157.04	-81.1062
157.12	-81.1062
157.2	-80.9812
157.28	-81.0438
157.36	-80.9812
157.44	-81.1062
157.52	-80.95
157.6	-80.95
157.68	-80.95
157.76	-81.0125
157.84	-81.075
157.92	-81.0125
158	-81.0125
158.08	-81.0125
158.16	-80.95
158.24	-81.0125
158.32	-81.0438
158.4	-81.0125
158.48	-81.0438
158.56	-81.075
158.64	-81.0125
158.72	-80.9812
158.8	-81.0125
158.88	-80.9812
158.96	-81.0438
159.04	-81.0125
159.12	-81.1062
159.2	-81.1062
159.28	-81.0438
159.36	-81.075
159.44	-81.0438
159.52	-80.95
159.6	-80.95
159.68	-81.075
159.76	-81.1062
159.84	-81.0438
159.92	-80.9812
160	-81.075
160.08	-81.0438
160.16	-81.0438
160.24	-81.0438
160.32	-80.9812
160.4	-80.95
160.48	-81.1375
160.56	-80.9812
160.64	-80.9188
160.72	-80.95
160.8	-81.0438
160.88	-81.075
160.96	-80.9812
161.04	-81.0125
161.12	-80.9812
161.2	-81.0125
161.28	-80.9188
161.36	-81.0125
161.44	-80.9188
161.52	-80.95
161.6	-80.9188
161.68	-80.8875
161.76	-80.9812
161.84	-80.8563
161.92	-81.0125
162	-80.8875
162.08	-80.8563
162.16	-80.8875
162.24	-80.9188
162.32	-80.9188
162.4	-80.8875
162.48	-80.9188
162.56	-80.8875
162.64	-80.95
162.72	-81.0125
162.8	-80.8875
162.88	-80.9188
162.96	-81.0438
163.04	-81.0438
163.12	-80.9188
163.2	-81.0438
163.28	-80.95
163.36	-80.95
163.44	-80.8563
163.52	-80.9188
163.6	-80.8875
163.68	-81.0125
163.76	-81.0125
163.84	-81.0125
163.92	-81.0438
164	-80.9812
164.08	-80.95
164.16	-80.9812
164.24	-80.8563
164.32	-80.8875
164.4	-80.8563
164.48	-80.8875
164.56	-80.8875
164.64	-80.8563
164.72	-80.8875
164.8	-80.8563
164.88	-80.95
164.96	-80.8875
165.04	-80.8875
165.12	-80.8875
165.2	-80.825
165.28	-80.825
165.36	-80.8563
165.44	-80.8563
165.52	-80.8563
165.6	-80.8563
165.68	-80.8563
165.76	-80.8875
165.84	-80.7937
165.92	-80.8875
166	-80.8563
166.08	-80.9188
166.16	-80.8875
166.24	-80.7937
166.32	-80.9188
166.4	-80.8875
166.48	-80.7937
166.56	-80.9188
166.64	-80.8875
166.72	-80.8563
166.8	-80.8563
166.88	-80.8563
166.96	-80.825
167.04	-80.825
167.12	-80.825
167.2	-80.825
167.28	-80.7625
167.36	-80.7625
167.44	-80.825
167.52	-80.825
167.6	-80.8563
167.68	-80.825
167.76	-80.7
167.84	-80.825
167.92	-80.825
168	-80.8563
168.08	-80.825
168.16	-80.8563
168.24	-80.825
168.32	-80.8563
168.4	-80.8563
168.48	-80.825
168.56	-80.8563
168.64	-80.9188
168.72	-80.9188
168.8	-80.8563
168.88	-80.9188
168.96	-80.8563
169.04	-80.9188
169.12	-80.8563
169.2	-80.825
169.28	-80.8563
169.36	-80.8563
169.44	-80.9188
169.52	-80.95
169.6	-80.8875
169.68	-80.95
169.76	-80.9812
169.84	-80.95
169.92	-80.8563
170	-80.7937
170.08	-80.9188
170.16	-81.0125
170.24	-80.95
170.32	-80.9188
170.4	-80.9812
170.48	-80.8875
170.56	-80.8563
170.64	-80.95
170.72	-80.95
170.8	-80.95
170.88	-80.7625
170.96	-80.95
171.04	-80.9188
171.12	-80.8875
171.2	-80.9188
171.28	-80.825
171.36	-80.9188
171.44	-80.9188
171.52	-80.8563
171.6	-80.8875
171.68	-80.9188
171.76	-80.8875
171.84	-80.8875
171.92	-80.825
172	-80.8875
172.08	-80.825
172.16	-80.8563
172.24	-80.7937
172.32	-80.825
172.4	-80.8875
172.48	-80.95
172.56	-80.8875
172.64	-80.7937
172.72	-80.825
172.8	-80.825
172.88	-80.7937
172.96	-80.7313
173.04	-80.7313
173.12	-80.825
173.2	-80.7937
173.28	-80.7937
173.36	-80.7625
173.44	-80.7625
173.52	-80.7313
173.6	-80.7937
173.68	-80.7625
173.76	-80.7625
173.84	-80.8875
173.92	-80.8563
174	-80.8563
174.08	-80.8563
174.16	-80.7937
174.24	-80.7
174.32	-80.7
174.4	-80.6375
174.48	-80.7937
174.56	-80.7937
174.64	-80.7625
174.72	-80.825
174.8	-80.8563
174.88	-80.7625
174.96	-80.7625
175.04	-80.7625
175.12	-80.825
175.2	-80.7937
175.28	-80.8563
175.36	-80.7937
175.44	-80.7937
175.52	-80.825
175.6	-80.7313
175.68	-80.8563
175.76	-80.7313
175.84	-80.7313
175.92	-80.7313
176	-80.7937
176.08	-80.7313
176.16	-80.7
176.24	-80.7
176.32	-80.7625
176.4	-80.7625
176.48	-80.7
176.56	-80.7313
176.64	-80.7
176.72	-80.7625
176.8	-80.7313
176.88	-80.7313
176.96	-80.7937
177.04	-80.7937
177.12	-80.7625
177.2	-80.825
177.28	-80.7625
177.36	-80.9188
177.44	-80.8875
177.52	-80.8563
177.6	-80.8563
177.68	-80.8563
177.76	-80.8563
177.84	-80.825
177.92	-80.7313
178	-80.7625
178.08	-80.7625
178.16	-80.7937
178.24	-80.7625
178.32	-80.6375
178.4	-80.7
178.48	-80.7313
178.56	-80.7
178.64	-80.7
178.72	-80.825
178.8	-80.7625
178.88	-80.7937
178.96	-80.7625
179.04	-80.7625
179.12	-80.7625
179.2	-80.8563
179.28	-80.7937
179.36	-80.8563
179.44	-80.7625
179.52	-80.7313
179.6	-80.7313
179.68	-80.825
179.76	-80.7625
179.84	-80.825
179.92	-80.7937
180	-80.8875
180.08	-80.7625
180.16	-80.8875
180.24	-80.9188
180.32	-80.825
180.4	-80.825
180.48	-80.825
180.56	-80.825
180.64	-80.825
180.72	-80.825
180.8	-80.7625
180.88	-80.7937
180.96	-80.7625
181.04	-80.6375
181.12	-80.7
181.2	-80.7937
181.28	-80.7625
181.36	-80.7
181.44	-80.7
181.52	-80.7313
181.6	-80.7937
181.68	-80.7937
181.76	-80.7937
181.84	-80.7625
181.92	-80.7313
182	-80.7625
182.08	-80.7625
182.16	-80.825
182.24	-80.7937
182.32	-80.7625
182.4	-80.7625
182.48	-80.7313
182.56	-80.6375
182.64	-80.7
182.72	-80.7313
182.8	-80.7625
182.88	-80.7313
182.96	-80.8563
183.04	-80.7625
183.12	-80.7313
183.2	-80.7625
183.28	-80.7625
183.36	-80.7313
183.44	-80.7625
183.52	-80.7937
183.6	-80.7625
183.68	-80.7937
183.76	-80.7625
183.84	-80.7313
183.92	-80.7
184	-80.7313
184.08	-80.7313
184.16	-80.7
184.24	-80.7937
184.32	-80.7
184.4	-80.7625
184.48	-80.7937
184.56	-80.7
184.64	-80.7625
184.72	-80.7
184.8	-80.7937
184.88	-80.825
184.96	-80.7937
185.04	-80.825
185.12	-80.7625
185.2	-80.7313
185.28	-80.7625
185.36	-80.7313
185.44	-80.7313
185.52	-80.6063
185.6	-80.7937
185.68	-80.7313
185.76	-80.7313
185.84	-80.7
185.92	-80.7313
186	-80.8875
186.08	-80.7625
186.16	-80.7313
186.24	-80.7625
186.32	-80.7313
186.4	-80.7937
186.48	-80.8563
186.56	-80.7625
186.64	-80.825
186.72	-80.7313
186.8	-80.7313
186.88	-80.825
186.96	-80.7313
187.04	-80.7937
187.12	-80.8563
187.2	-80.7313
187.28	-80.7313
187.36	-80.825
187.44	-80.8563
187.52	-80.7937
187.6	-80.7937
187.68	-80.7625
187.76	-80.7313
187.84	-80.7
187.92	-80.7313
188	-80.7313
188.08	-80.7313
188.16	-80.7313
188.24	-80.7313
188.32	-80.6063
188.4	-80.7
188.48	-80.6375
188.56	-80.6063
188.64	-80.7937
188.72	-80.6375
188.8	-80.6375
188.88	-80.7625
188.96	-80.6063
189.04	-80.7
189.12	-80.6375
189.2	-80.7
189.28	-80.7625
189.36	-80.7313
189.44	-80.7
189.52	-80.7313
189.6	-80.7313
189.68	-80.7
189.76	-80.7
189.84	-80.7625
189.92	-80.7313
190	-80.7
190.08	-80.7937
190.16	-80.7937
190.24	-80.7937
190.32	-80.7625
190.4	-80.7625
190.48	-80.7937
190.56	-80.7625
190.64	-80.825
190.72	-80.7625
190.8	-80.7625
190.88	-80.7625
190.96	-80.7937
191.04	-80.8875
191.12	-80.7625
191.2	-80.7625
191.28	-80.7625
191.36	-80.7625
191.44	-80.7
191.52	-80.7937
191.6	-80.7937
191.68	-80.7937
191.76	-80.7937
191.84	-80.8563
191.92	-80.7937
192	-80.7937
192.08	-80.7313
192.16	-80.7625
192.24	-80.7625
192.32	-80.7937
192.4	-80.8875
192.48	-80.7
192.56	-80.7625
192.64	-80.7625
192.72	-80.7625
192.8	-80.7313
192.88	-80.7
192.96	-80.7937
193.04	-80.7313
193.12	-80.7625
193.2	-80.6375
193.28	-80.6375
193.36	-80.7313
193.44	-80.6375
193.52	-80.7625
193.6	-80.825
193.68	-80.7625
193.76	-80.7625
193.84	-80.7
193.92	-80.7937
194	-80.825
194.08	-80.7937
194.16	-80.7937
194.24	-80.7937
194.32	-80.7313
194.4	-80.7937
194.48	-80.7313
194.56	-80.6063
194.64	-80.6375
194.72	-80.7
194.8	-80.7625
194.88	-80.7
194.96	-80.7
195.04	-80.7
195.12	-80.6375
195.2	-80.6375
195.28	-80.6375
195.36	-80.7313
195.44	-80.7625
195.52	-80.7
195.6	-80.7313
195.68	-80.7
195.76	-80.7
195.84	-80.7625
195.92	-80.7625
196	-80.825
196.08	-80.7
196.16	-80.7313
196.24	-80.7625
196.32	-80.7625
196.4	-80.7625
196.48	-80.7313
196.56	-80.8563
196.64	-80.7313
196.72	-80.7625
196.8	-80.7937
196.88	-80.7937
196.96	-80.7
197.04	-80.6063
197.12	-80.7625
197.2	-80.825
197.28	-80.825
197.36	-80.825
197.44	-80.7625
197.52	-80.7313
197.6	-80.7937
197.68	-80.7313
197.76	-80.7313
197.84	-80.7937
197.92	-80.7625
198	-80.7313
198.08	-80.7937
198.16	-80.7625
198.24	-80.6375
198.32	-80.6063
198.4	-80.7
198.48	-80.7
198.56	-80.7313
198.64	-80.7625
198.72	-80.7313
198.8	-80.7313
198.88	-80.7313
198.96	-80.7625
199.04	-80.7
199.12	-80.6375
199.2	-80.6063
199.28	-80.5438
199.36	-80.5125
199.44	-80.5438
199.52	-80.6375
199.6	-80.6063
199.68	-80.575
199.76	-80.6063
199.84	-80.6063
199.92	-80.6063
200	-80.7625
200.08	-80.7313
200.16	-80.7
200.24	-80.6375
200.32	-80.6375
200.4	-80.6375
200.48	-80.7313
200.56	-80.6375
200.64	-80.5438
200.72	-80.6375
200.8	-80.5438
200.88	-80.7
200.96	-80.7313
201.04	-80.7
201.12	-80.5438
201.2	-80.7313
201.28	-80.6063
201.36	-80.7313
201.44	-80.5438
201.52	-80.7313
201.6	-80.575
201.68	-80.575
201.76	-80.575
201.84	-80.6063
201.92	-80.6375
202	-80.7
202.08	-80.6375
202.16	-80.6063
202.24	-80.6063
202.32	-80.6063
202.4	-80.575
202.48	-80.6063
202.56	-80.6375
202.64	-80.5438
202.72	-80.575
202.8	-80.7
202.88	-80.7
202.96	-80.7
203.04	-80.7313
203.12	-80.7313
203.2	-80.7
203.28	-80.6063
203.36	-80.6063
203.44	-80.575
203.52	-80.5438
203.6	-80.825
203.68	-80.7313
203.76	-80.7313
203.84	-80.7313
203.92	-80.7313
204	-80.7625
204.08	-80.7625
204.16	-80.7313
204.24	-80.7313
204.32	-80.7313
204.4	-80.7313
204.48	-80.7625
204.56	-80.7313
204.64	-80.7313
204.72	-80.6063
204.8	-80.6375
204.88	-80.6375
204.96	-80.575
205.04	-80.6063
205.12	-80.6375
205.2	-80.575
205.28	-80.5125
205.36	-80.5125
205.44	-80.4812
205.52	-80.575
205.6	-80.6063
205.68	-80.575
205.76	-80.6063
205.84	-80.6063
205.92	-80.7
206	-80.7625
206.08	-80.6063
206.16	-80.6375
206.24	-80.6063
206.32	-80.7
206.4	-80.6375
206.48	-80.6063
206.56	-80.6063
206.64	-80.575
206.72	-80.6063
206.8	-80.6063
206.88	-80.6063
206.96	-80.6375
207.04	-80.5438
207.12	-80.7
207.2	-80.6375
207.28	-80.7
207.36	-80.7625
207.44	-80.7313
207.52	-80.6375
207.6	-80.7625
207.68	-80.7313
207.76	-80.7
207.84	-80.7313
207.92	-80.575
208	-80.7313
208.08	-80.6375
208.16	-80.7
208.24	-80.6375
208.32	-80.6063
208.4	-80.6375
208.48	-80.7
208.56	-80.7625
208.64	-80.6375
208.72	-80.6063
208.8	-80.6375
208.88	-80.6063
208.96	-80.6375
209.04	-80.7625
209.12	-80.7313
209.2	-80.7313
209.28	-80.7313
209.36	-80.7313
209.44	-80.7313
209.52	-80.7625
209.6	-80.7
209.68	-80.7313
209.76	-80.7
209.84	-80.6375
209.92	-80.7313
210	-80.6063
210.08	-80.6375
210.16	-80.7
210.24	-80.6063
210.32	-80.7313
210.4	-80.7937
210.48	-80.825
210.56	-80.7937
210.64	-80.7625
210.72	-80.6375
210.8	-80.6063
210.88	-80.7
210.96	-80.6375
211.04	-80.6063
211.12	-80.7
211.2	-80.7
211.28	-80.6375
211.36	-80.6063
211.44	-80.6063
211.52	-80.5438
211.6	-80.6063
211.68	-80.5438
211.76	-80.575
211.84	-80.6063
211.92	-80.575
212	-80.6063
212.08	-80.575
212.16	-80.6375
212.24	-80.6375
212.32	-80.6063
212.4	-80.6063
212.48	-80.7
212.56	-80.7313
212.64	-80.6063
212.72	-80.7
212.8	-80.6375
212.88	-80.7
212.96	-80.6063
213.04	-80.575
213.12	-80.6063
213.2	-80.6375
213.28	-80.6375
213.36	-80.6063
213.44	-80.6063
213.52	-80.7
213.6	-80.7
213.68	-80.6063
213.76	-80.7
213.84	-80.825
213.92	-80.6063
214	-80.6375
214.08	-80.7
214.16	-80.7
214.24	-80.7
214.32	-80.7
214.4	-80.7
214.48	-80.7625
214.56	-80.575
214.64	-80.6063
214.72	-80.5438
214.8	-80.6063
214.88	-80.7
214.96	-80.6536
215.04	-80.6536
215.12	-80.6536
215.2	-80.6536
215.28	-80.6536
215.36	-80.4688
215.44	-80.1875
215.52	-80.0937
215.6	-79.9688
215.68	-79.8125
215.76	-79.6875
215.84	-79.5937
215.92	-79.4375
216	-79.3438
216.08	-79.25
216.16	-79.125
216.24	-79.0313
216.32	-78.9687
216.4	-78.9063
216.48	-78.8438
216.56	-78.9063
216.64	-78.6875
216.72	-78.5938
216.8	-78.625
216.88	-78.5
216.96	-78.375
217.04	-78.3437
217.12	-78.25
217.2	-78.2813
217.28	-78.1875
217.36	-78.125
217.44	-77.9687
217.52	-78
217.6	-77.9375
217.68	-77.875
217.76	-77.75
217.84	-77.6562
217.92	-77.6562
218	-77.5938
218.08	-77.625
218.16	-77.5312
218.24	-77.5
218.32	-77.4688
218.4	-77.4688
218.48	-77.3437
218.56	-77.25
218.64	-77.2187
218.72	-77.1563
218.8	-77.125
218.88	-77.0625
218.96	-76.9375
219.04	-76.875
219.12	-76.9062
219.2	-76.8125
219.28	-76.8125
219.36	-76.7187
219.44	-76.75
219.52	-76.6875
219.6	-76.6875
219.68	-76.5937
219.76	-76.625
219.84	-76.5625
219.92	-76.4688
220	-76.4688
220.08	-76.4688
220.16	-76.2812
220.24	-76.25
220.32	-76.25
220.4	-76.125
220.48	-76.0625
220.56	-76.1563
220.64	-76.0625
220.72	-75.9062
220.8	-75.9062
220.88	-76
220.96	-75.9375
221.04	-75.7188
221.12	-75.7188
221.2	-75.7812
221.28	-75.7812
221.36	-75.6875
221.44	-75.7188
221.52	-75.5625
221.6	-75.5625
221.68	-75.4687
221.76	-75.4063
221.84	-75.3438
221.92	-75.2812
222	-75.25
222.08	-75.25
222.16	-75.2188
222.24	-75.1875
222.32	-75.125
222.4	-75.0938
222.48	-75.0313
222.56	-75
222.64	-75.0313
222.72	-75
222.8	-74.8437
222.88	-74.9063
222.96	-74.9063
223.04	-74.8437
223.12	-74.8125
223.2	-74.7188
223.28	-74.75
223.36	-74.75
223.44	-74.6562
223.52	-74.6875
223.6	-74.625
223.68	-74.625
223.76	-74.5938
223.84	-74.5312
223.92	-74.5312
224	-74.5
224.08	-74.5
224.16	-74.5
224.24	-74.4063
224.32	-74.3437
224.4	-74.2813
224.48	-74.2813
224.56	-74.2188
224.64	-74.25
224.72	-74.2188
224.8	-74.125
224.88	-74.0312
224.96	-74.0625
225.04	-74.0312
225.12	-73.9375
225.2	-73.9688
225.28	-73.875
225.36	-73.875
225.44	-73.8437
225.52	-73.8125
225.6	-73.7813
225.68	-73.7813
225.76	-73.7813
225.84	-73.6563
225.92	-73.5625
226	-73.5938
226.08	-73.5
226.16	-73.4688
226.24	-73.4375
226.32	-73.3437
226.4	-73.375
226.48	-73.2813
226.56	-73.3125
226.64	-73.3125
226.72	-73.2187
226.8	-73.25
226.88	-73.25
226.96	-73.2187
227.04	-73.1563
227.12	-73.0937
227.2	-73.1563
227.28	-73.1875
227.36	-73.0937
227.44	-72.9688
227.52	-73.0625
227.6	-72.9375
227.68	-72.9688
227.76	-72.8438
227.84	-72.7812
227.92	-72.8125
228	-72.9062
228.08	-72.7812
228.16	-72.7187
228.24	-72.7187
228.32	-72.7187
228.4	-72.6563
228.48	-72.6563
228.56	-72.5937
228.64	-72.625
228.72	-72.6875
228.8	-72.5937
228.88	-72.5313
228.96	-72.5
229.04	-72.4062
229.12	-72.4375
229.2	-72.4688
229.28	-72.375
229.36	-72.3438
229.44	-72.2812
229.52	-72.3438
229.6	-72.25
229.68	-72.25
229.76	-72.2188
229.84	-72.2188
229.92	-72.2812
230	-72.1875
230.08	-72.1563
230.16	-72.125
230.24	-72.1875
230.32	-72.0625
230.4	-72.1563
230.48	-72.0625
230.56	-72.0625
230.64	-72.1563
230.72	-72.0937
230.8	-72.0625
230.88	-72.0313
230.96	-71.9687
231.04	-71.9063
231.12	-71.9063
231.2	-71.9063
231.28	-71.9375
231.36	-71.9063
231.44	-71.9375
231.52	-71.8125
231.6	-71.875
231.68	-71.8438
231.76	-71.8125
231.84	-71.8438
231.92	-71.7812
232	-71.75
232.08	-71.7812
232.16	-71.7188
232.24	-71.7188
232.32	-71.6562
232.4	-71.5937
232.48	-71.6562
232.56	-71.6875
232.64	-71.6875
232.72	-71.5313
232.8	-71.4687
232.88	-71.4687
232.96	-71.4687
233.04	-71.5
233.12	-71.4063
233.2	-71.4687
233.28	-71.4687
233.36	-71.375
233.44	-71.375
233.52	-71.3437
233.6	-71.2812
233.68	-71.375
233.76	-71.4375
233.84	-71.3437
233.92	-71.3437
234	-71.3125
234.08	-71.25
234.16	-71.2188
234.24	-71.2188
234.32	-71.1875
234.4	-71.2812
234.48	-71.1562
234.56	-71.1875
234.64	-71.1875
234.72	-71.1562
234.8	-71.1562
234.88	-71.0625
234.96	-71.0938
235.04	-71.0938
235.12	-71.0625
235.2	-71
235.28	-71.0625
235.36	-71.0313
235.44	-71.0313
235.52	-70.9687
235.6	-71.0313
235.68	-70.9063
235.76	-70.8125
235.84	-71
235.92	-70.9063
236	-70.9063
236.08	-70.9687
236.16	-70.8437
236.24	-70.9063
236.32	-70.7813
236.4	-70.8125
236.48	-70.875
236.56	-70.875
236.64	-70.875
236.72	-70.8125
236.8	-70.8125
236.88	-70.7813
236.96	-70.9687
237.04	-70.7813
237.12	-70.8437
237.2	-70.6875
237.28	-70.6875
237.36	-70.75
237.44	-70.625
237.52	-70.75
237.6	-70.625
237.68	-70.625
237.76	-70.5938
237.84	-70.6562
237.92	-70.5625
238	-70.625
238.08	-70.5938
238.16	-70.5
238.24	-70.5
238.32	-70.5
238.4	-70.5
238.48	-70.4375
238.56	-70.4375
238.64	-70.4375
238.72	-70.375
238.8	-70.4375
238.88	-70.5312
238.96	-70.4375
239.04	-70.4375
239.12	-70.2813
239.2	-70.3437
239.28	-70.3437
239.36	-70.2187
239.44	-70.3437
239.52	-70.1875
239.6	-70.3437
239.68	-70.1562
239.76	-70.2187
239.84	-70.2187
239.92	-70.3125
240	-70.2187
240.08	-70.2813
240.16	-70.125
240.24	-70.1875
240.32	-70.2187
240.4	-70.125
240.48	-70.125
240.56	-70.1562
240.64	-70.1875
240.72	-70.1562
240.8	-70.1562
240.88	-70.125
240.96	-70.0938
241.04	-70.0938
241.12	-70.0938
241.2	-70.125
241.28	-70.0938
241.36	-70.0625
241.44	-70.0312
241.52	-70
241.6	-69.9375
241.68	-69.9062
241.76	-70.0312
241.84	-70.0312
241.92	-69.9375
242	-70.0625
242.08	-69.9375
242.16	-69.875
242.24	-69.9062
242.32	-69.9062
242.4	-69.9375
242.48	-69.9062
242.56	-69.875
242.64	-69.8125
242.72	-69.8125
242.8	-69.8437
242.88	-69.875
242.96	-69.8437
243.04	-69.9062
243.12	-69.7813
243.2	-69.7813
243.28	-69.7813
243.36	-69.8437
243.44	-69.7813
243.52	-69.6875
243.6	-69.6875
243.68	-69.75
243.76	-69.7187
243.84	-69.75
243.92	-69.75
244	-69.6875
244.08	-69.7187
244.16	-69.7187
244.24	-69.6875
244.32	-69.7187
244.4	-69.6563
244.48	-69.625
244.56	-69.5937
244.64	-69.5937
244.72	-69.5
244.8	-69.6875
244.88	-69.5312
244.96	-69.5312
245.04	-69.4688
245.12	-69.5312
245.2	-69.5937
245.28	-69.4688
245.36	-69.5312
245.44	-69.5937
245.52	-69.4062
245.6	-69.4375
245.68	-69.3438
245.76	-69.5
245.84	-69.5
245.92	-69.4375
246	-69.4688
246.08	-69.4062
246.16	-69.4375
246.24	-69.4375
246.32	-69.375
246.4	-69.4375
246.48	-69.3438
246.56	-69.3438
246.64	-69.3125
246.72	-69.4062
246.8	-69.375
246.88	-69.3438
246.96	-69.3125
247.04	-69.3438
247.12	-69.4688
247.2	-69.3438
247.28	-69.3125
247.36	-69.3125
247.44	-69.3438
247.52	-69.2187
247.6	-69.3125
247.68	-69.2813
247.76	-69.1875
247.84	-69.3125
247.92	-69.2813
248	-69.2813
248.08	-69.2813
248.16	-69.1875
248.24	-69.25
248.32	-69.1563
248.4	-69.125
248.48	-69.0937
248.56	-69.1563
248.64	-69.1563
248.72	-69.0937
248.8	-69.0625
248.88	-69.125
248.96	-69.0625
249.04	-69.125
249.12	-69.0625
249.2	-69.0937
249.28	-69.0625
249.36	-69.0313
249.44	-69.0313
249.52	-69.0937
249.6	-68.9688
249.68	-69.0625
249.76	-69.125
249.84	-69.0937
249.92	-69.0625
250	-68.9688
250.08	-68.9688
250.16	-68.9688
250.24	-69.0313
250.32	-69
250.4	-68.9375
250.48	-69.0313
250.56	-68.9688
250.64	-69
250.72	-68.9375
250.8	-68.7812
250.88	-68.7812
250.96	-68.9062
251.04	-68.9375
251.12	-68.7812
251.2	-68.7187
251.28	-68.8125
251.36	-68.75
251.44	-68.75
251.52	-68.8125
251.6	-68.8438
251.68	-68.8438
251.76	-68.75
251.84	-68.75
251.92	-68.7187
252	-68.7812
252.08	-68.6875
252.16	-68.8125
252.24	-68.6563
252.32	-68.6875
252.4	-68.75
252.48	-68.5937
252.56	-68.6563
252.64	-68.6563
252.72	-68.6563
252.8	-68.5937
252.88	-68.6563
252.96	-68.625
253.04	-68.6563
253.12	-68.5937
253.2	-68.625
253.28	-68.625
253.36	-68.5937
253.44	-68.5625
253.52	-68.5625
253.6	-68.6563
253.68	-68.5
253.76	-68.5313
253.84	-68.5625
253.92	-68.5313
254	-68.5625
254.08	-68.5
254.16	-68.5
254.24	-68.5625
254.32	-68.5313
254.4	-68.5625
254.48	-68.4687
254.56	-68.5
254.64	-68.4687
254.72	-68.5
254.8	-68.4375
254.88	-68.5625
254.96	-68.4062
255.04	-68.375
255.12	-68.375
255.2	-68.4375
255.28	-68.4062
255.36	-68.375
255.44	-68.375
255.52	-68.3438
255.6	-68.375
255.68	-68.3438
255.76	-68.375
255.84	-68.2812
255.92	-68.3125
256	-68.3125
256.08	-68.2812
256.16	-68.2812
256.24	-68.3125
256.32	-68.1875
256.4	-68.1562
256.48	-68.1875
256.56	-68.1875
256.64	-68.1875
256.72	-68.1875
256.8	-68.1562
256.88	-68.3125
256.96	-68.1875
257.04	-68.0937
257.12	-68.125
257.2	-68.0937
257.28	-68.1875
257.36	-68.25
257.44	-68.0937
257.52	-68.1875
257.6	-68.0937
257.68	-68.0937
257.76	-68.1562
257.84	-68.1875
257.92	-68.25
258	-68.0937
258.08	-68.25
258.16	-68.0625
258.24	-68
258.32	-68.0625
258.4	-68.25
258.48	-68.0625
258.56	-68.1562
258.64	-68.1875
258.72	-68.0313
258.8	-68.0937
258.88	-68.0937
258.96	-68.0937
259.04	-68.0625
259.12	-68.0625
259.2	-68.0313
259.28	-68
259.36	-68.0313
259.44	-68.0625
259.52	-68
259.6	-67.9375
259.68	-68.0313
259.76	-68.0625
259.84	-68.0313
259.92	-67.9375
260	-67.9375
260.08	-67.9687
260.16	-67.9375
260.24	-67.9375
260.32	-68.0313
260.4	-67.9063
260.48	-67.9375
260.56	-67.875
260.64	-67.875
260.72	-67.8438
260.8	-67.875
260.88	-67.8125
260.96	-67.8125
261.04	-67.9063
261.12	-67.875
261.2	-67.8438
261.28	-67.8438
261.36	-67.8438
261.44	-67.875
261.52	-67.9063
261.6	-67.8438
261.68	-67.9063
261.76	-67.8125
261.84	-67.8125
261.92	-67.8438
262	-67.8438
262.08	-67.8125
262.16	-67.75
262.24	-67.8125
262.32	-67.8125
262.4	-67.6875
262.48	-67.7812
262.56	-67.7188
262.64	-67.8125
262.72	-67.875
262.8	-67.7812
262.88	-67.8125
262.96	-67.75
263.04	-67.75
263.12	-67.7188
263.2	-67.6875
263.28	-67.8438
263.36	-67.75
263.44	-67.8438
263.52	-67.8438
263.6	-67.7812
263.68	-67.8125
263.76	-67.7812
263.84	-67.7812
263.92	-67.75
264	-67.8438
264.08	-67.75
264.16	-67.7188
264.24	-67.7188
264.32	-67.75
264.4	-67.8438
264.48	-67.7812
264.56	-67.7188
264.64	-67.75
264.72	-67.6875
264.8	-67.6875
264.88	-67.6562
264.96	-67.6562
265.04	-67.625
265.12	-67.625
265.2	-67.6562
265.28	-67.625
265.36	-67.6562
265.44	-67.625
265.52	-67.6875
265.6	-67.7188
265.68	-67.6562
265.76	-67.625
265.84	-67.6875
265.92	-67.5938
266	-67.6562
266.08	-67.5938
266.16	-67.5938
266.24	-67.6875
266.32	-67.5938
266.4	-67.4687
266.48	-67.5625
266.56	-67.4375
266.64	-67.4687
266.72	-67.5938
266.8	-67.5625
266.88	-67.5938
266.96	-67.5625
267.04	-67.5
267.12	-67.6562
267.2	-67.5938
267.28	-67.4687
267.36	-67.4687
267.44	-67.4687
267.52	-67.5
267.6	-67.5
267.68	-67.5625
267.76	-67.5
267.84	-67.4375
267.92	-67.5
268	-67.4687
268.08	-67.3437
268.16	-67.4375
268.24	-67.4687
268.32	-67.3437
268.4	-67.4063
268.48	-67.3437
268.56	-67.4063
268.64	-67.4063
268.72	-67.375
268.8	-67.4375
268.88	-67.3437
268.96	-67.4063
269.04	-67.4063
269.12	-67.4687
269.2	-67.4063
269.28	-67.4063
269.36	-67.4375
269.44	-67.4063
269.52	-67.4375
269.6	-67.3125
269.68	-67.375
269.76	-67.4063
269.84	-67.4375
269.92	-67.4063
270	-67.3437
270.08	-67.3437
270.16	-67.375
270.24	-67.3125
270.32	-67.375
270.4	-67.3125
270.48	-67.4687
270.56	-67.3437
270.64	-67.3437
270.72	-67.4063
270.8	-67.3125
270.88	-67.3125
270.96	-67.2813
271.04	-67.3125
271.12	-67.25
271.2	-67.2813
271.28	-67.3437
271.36	-67.4375
271.44	-67.3437
271.52	-67.375
271.6	-67.2813
271.68	-67.2188
271.76	-67.1875
271.84	-67.2813
271.92	-67.25
272	-67.1875
272.08	-67.2813
272.16	-67.25
272.24	-67.25
272.32	-67.1875
272.4	-67.1562
272.48	-67.1562
272.56	-67.25
272.64	-67.1875
272.72	-67.0938
272.8	-67.2188
272.88	-67.25
272.96	-67.1875
273.04	-67.1562
273.12	-67.2813
273.2	-67.2188
273.28	-67.2188
273.36	-67.2813
273.44	-67.1875
273.52	-67.0938
273.6	-67.25
273.68	-67.1562
273.76	-67.2188
273.84	-67.1875
273.92	-67.1562
274	-67.125
274.08	-67.125
274.16	-67.1875
274.24	-67.2188
274.32	-67.1562
274.4	-67.0312
274.48	-67.1562
274.56	-67.0625
274.64	-67.1875
274.72	-67.1875
274.8	-67.1562
274.88	-67.0625
274.96	-67.1562
275.04	-67
275.12	-67.0625
275.2	-67.0938
275.28	-67.0625
275.36	-67
275.44	-67.0938
275.52	-67.0625
275.6	-67
275.68	-67.0938
275.76	-67.0938
275.84	-67.0625
275.92	-67.0938
276	-67.0625
276.08	-67.0625
276.16	-67.0625
276.24	-67.0625
276.32	-67.0938
276.4	-67.0625
276.48	-67.0625
276.56	-67.0312
276.64	-67
276.72	-67
276.8	-66.9687
276.88	-67.125
276.96	-67.0938
277.04	-67
277.12	-67.0312
277.2	-67.0625
277.28	-67.0312
277.36	-67.0312
277.44	-67.0625
277.52	-67
277.6	-67
277.68	-66.9063
277.76	-66.9375
277.84	-66.9375
277.92	-66.9375
278	-66.9063
278.08	-66.9375
278.16	-66.9375
278.24	-66.9687
278.32	-67
278.4	-66.9063
278.48	-66.875
278.56	-66.9375
278.64	-66.9375
278.72	-67.0312
278.8	-66.9375
278.88	-66.875
278.96	-66.8125
279.04	-66.875
279.12	-66.9375
279.2	-66.7813
279.28	-66.9063
279.36	-66.8125
279.44	-66.9063
279.52	-66.875
279.6	-66.9063
279.68	-66.875
279.76	-66.9063
279.84	-66.8125
279.92	-66.9375
280	-66.875
280.08	-66.9063
280.16	-67.0312
280.24	-66.9375
280.32	-66.9063
280.4	-66.8125
280.48	-66.875
280.56	-66.9063
280.64	-66.9063
280.72	-66.7813
280.8	-66.9375
280.88	-66.9063
280.96	-66.8125
281.04	-66.75
281.12	-66.8125
281.2	-66.75
281.28	-66.75
281.36	-66.75
281.44	-66.7813
281.52	-66.7813
281.6	-66.9687
281.68	-66.9063
281.76	-66.9375
281.84	-66.8125
281.92	-66.875
282	-66.75
282.08	-66.8125
282.16	-66.7813
282.24	-66.75
282.32	-66.6875
282.4	-66.7187
282.48	-66.6875
282.56	-66.7187
282.64	-66.8125
282.72	-66.75
282.8	-66.7187
282.88	-66.8125
282.96	-66.7187
283.04	-66.8125
283.12	-66.75
283.2	-66.7187
283.28	-66.7187
283.36	-66.7187
283.44	-66.75
283.52	-66.7813
283.6	-66.75
283.68	-66.8125
283.76	-66.7813
283.84	-66.6875
283.92	-66.7813
284	-66.6562
284.08	-66.625
284.16	-66.6875
284.24	-66.625
284.32	-66.625
284.4	-66.5938
284.48	-66.6875
284.56	-66.5938
284.64	-66.6562
284.72	-66.6875
284.8	-66.6875
284.88	-66.625
284.96	-66.5312
285.04	-66.625
285.12	-66.5938
285.2	-66.5938
285.28	-66.5625
285.36	-66.4688
285.44	-66.5938
285.52	-66.5625
285.6	-66.5625
285.68	-66.5625
285.76	-66.5938
285.84	-66.5625
285.92	-66.6562
286	-66.6562
286.08	-66.5625
286.16	-66.5312
286.24	-66.5312
286.32	-66.5938
286.4	-66.5
286.48	-66.5625
286.56	-66.5625
286.64	-66.5938
286.72	-66.5312
286.8	-66.5625
286.88	-66.5625
286.96	-66.5
287.04	-66.5625
287.12	-66.5625
287.2	-66.5625
287.28	-66.5625
287.36	-66.625
287.44	-66.5938
287.52	-66.5625
287.6	-66.5625
287.68	-66.5
287.76	-66.5
287.84	-66.5
287.92	-66.5625
288	-66.5312
288.08	-66.4063
288.16	-66.4375
288.24	-66.4375
288.32	-66.375
288.4	-66.4375
288.48	-66.4063
288.56	-66.4375
288.64	-66.3437
288.72	-66.3437
288.8	-66.375
288.88	-66.375
288.96	-66.4688
289.04	-66.4063
289.12	-66.2813
289.2	-66.4063
289.28	-66.375
289.36	-66.4688
289.44	-66.4063
289.52	-66.4063
289.6	-66.5
289.68	-66.4063
289.76	-66.3437
289.84	-66.375
289.92	-66.2813
290	-66.375
290.08	-66.3125
290.16	-66.4063
290.24	-66.3125
290.32	-66.2813
290.4	-66.4063
290.48	-66.4375
290.56	-66.3437
290.64	-66.4375
290.72	-66.4063
290.8	-66.375
290.88	-66.4375
290.96	-66.4063
291.04	-66.4375
291.12	-66.4063
291.2	-66.3437
291.28	-66.3125
291.36	-66.3125
291.44	-66.3125
291.52	-66.3125
291.6	-66.25
291.68	-66.3125
291.76	-66.1875
291.84	-66.2187
291.92	-66.25
292	-66.2187
292.08	-66.2813
292.16	-66.3437
292.24	-66.0938
292.32	-66.2187
292.4	-66.0625
292.48	-66.125
292.56	-66.0938
292.64	-66.125
292.72	-66.0938
292.8	-66.0938
292.88	-66.0312
292.96	-66.0625
293.04	-65.9688
293.12	-66.0938
293.2	-66.0312
293.28	-66.0625
293.36	-66
293.44	-66.0312
293.52	-66.0938
293.6	-66.0625
293.68	-66.0312
293.76	-66
293.84	-66.0312
293.92	-66
294	-65.9688
294.08	-65.9688
294.16	-66.0312
294.24	-66
294.32	-65.9375
294.4	-66
294.48	-65.9688
294.56	-65.9062
294.64	-65.9375
294.72	-65.9375
294.8	-65.9375
294.88	-65.8438
294.96	-65.875
295.04	-65.875
295.12	-65.9375
295.2	-65.9062
295.28	-65.9062
295.36	-65.9375
295.44	-65.8125
295.52	-65.875
295.6	-66
295.68	-65.9062
295.76	-65.9062
295.84	-65.875
295.92	-65.9375
296	-65.9375
296.08	-65.875
296.16	-66
296.24	-65.9062
296.32	-65.9062
296.4	-66.0312
296.48	-65.875
296.56	-65.9688
296.64	-66
296.72	-65.9375
296.8	-65.9688
296.88	-66
296.96	-65.9062
297.04	-65.9688
297.12	-66
297.2	-66
297.28	-65.9688
297.36	-66
297.44	-65.9375
297.52	-66.0938
297.6	-66.0625
297.68	-66.0312
297.76	-66.0312
297.84	-66.0938
297.92	-65.9062
298	-65.9688
298.08	-65.875
298.16	-65.8438
298.24	-65.9062
298.32	-66
298.4	-65.875
298.48	-65.9688
298.56	-65.9062
298.64	-65.875
298.72	-65.9375
298.8	-66
298.88	-65.8438
298.96	-66
299.04	-65.9688
299.12	-65.9062
299.2	-65.875
299.28	-65.875
299.36	-65.9062
299.44	-65.875
299.52	-65.9375
299.6	-65.9688
299.68	-65.9062
299.76	-66
299.84	-65.9688
299.92	-65.9688
300	-65.9375
300.08	-65.9375
300.16	-66
300.24	-65.9062
300.32	-65.8438
300.4	-65.875
300.48	-65.9062
300.56	-65.9375
300.64	-65.875
300.72	-65.8438
300.8	-65.9375
300.88	-65.8438
300.96	-65.9688
301.04	-65.9688
301.12	-65.9375
301.2	-65.9375
301.28	-65.9375
301.36	-65.9375
301.44	-65.9062
301.52	-65.8125
301.6	-65.875
301.68	-65.875
301.76	-65.875
301.84	-65.875
301.92	-65.875
302	-65.875
302.08	-65.9375
302.16	-65.9688
302.24	-65.9375
302.32	-65.9062
302.4	-65.875
302.48	-65.8125
302.56	-65.875
302.64	-65.8438
302.72	-65.9062
302.8	-65.875
302.88	-65.875
302.96	-65.9062
303.04	-65.8438
303.12	-65.9375
303.2	-65.9375
303.28	-65.9062
303.36	-65.9688
303.44	-65.9375
303.52	-65.9062
303.6	-65.9375
303.68	-65.875
303.76	-66.0312
303.84	-65.9062
303.92	-65.9062
304	-65.9688
304.08	-65.8438
304.16	-65.9062
304.24	-65.9688
304.32	-65.9062
304.4	-65.875
304.48	-65.9375
304.56	-65.875
304.64	-65.9062
304.72	-65.7813
304.8	-65.875
304.88	-65.8438
304.96	-65.8438
305.04	-65.9062
305.12	-65.8438
305.2	-65.875
305.28	-65.8125
305.36	-65.8125
305.44	-65.8438
305.52	-65.9062
305.6	-65.9062
305.68	-65.8125
305.76	-65.9062
305.84	-65.875
305.92	-65.75
306	-65.875
306.08	-65.8125
306.16	-65.875
306.24	-65.8438
306.32	-65.8438
306.4	-65.9375
306.48	-65.875
306.56	-65.9375
306.64	-65.9062
306.72	-65.9375
306.8	-65.9062
306.88	-65.9375
306.96	-66
307.04	-65.9375
307.12	-65.8125
307.2	-65.8438
307.28	-65.9062
307.36	-65.875
307.44	-65.9062
307.52	-65.8438
307.6	-65.8125
307.68	-65.9062
307.76	-65.875
307.84	-65.875
307.92	-65.8438
308	-65.9062
308.08	-65.9062
308.16	-65.875
308.24	-65.9062
308.32	-65.875
308.4	-65.875
308.48	-65.8438
308.56	-65.9062
308.64	-65.9062
308.72	-65.8125
308.8	-65.8438
308.88	-65.8125
308.96	-65.8125
309.04	-65.875
309.12	-65.9062
309.2	-65.9375
309.28	-65.8125
309.36	-65.8438
309.44	-65.8125
309.52	-65.8438
309.6	-65.8438
309.68	-65.875
309.76	-65.9375
309.84	-65.9688
309.92	-65.9688
310	-65.9062
310.08	-65.8438
310.16	-65.875
310.24	-65.9375
310.32	-65.9375
310.4	-65.9375
310.48	-65.875
310.56	-65.9375
310.64	-65.9062
310.72	-65.875
310.8	-65.875
310.88	-65.9375
310.96	-65.875
311.04	-65.8438
311.12	-65.875
311.2	-65.9062
311.28	-65.9062
311.36	-65.9688
311.44	-65.9375
311.52	-65.9375
311.6	-65.875
311.68	-65.8125
311.76	-65.875
311.84	-65.8438
311.92	-65.875
312	-65.9375
312.08	-65.875
312.16	-65.8125
312.24	-65.8438
312.32	-65.9062
312.4	-65.9375
312.48	-65.9062
312.56	-65.7813
312.64	-65.875
312.72	-65.8125
312.8	-65.875
312.88	-65.875
312.96	-65.9375
313.04	-66
313.12	-65.9688
313.2	-65.9375
313.28	-65.9688
313.36	-65.9688
313.44	-65.9062
313.52	-65.9375
313.6	-65.9062
313.68	-65.9688
313.76	-65.875
313.84	-65.9375
313.92	-66
314	-65.9062
314.08	-65.9688
314.16	-65.9375
314.24	-65.9062
314.32	-66
314.4	-65.9375
314.48	-65.9062
314.56	-65.875
314.64	-65.9688
314.72	-65.9062
314.8	-65.9062
314.88	-65.9062
