3937 2
0	-68.5937
0.08	-68.5313
0.16	-68.5
0.24	-68.5313
0.32	-68.5313
0.4	-68.5625
0.48	-68.5
0.56	-68.5
0.64	-68.4687
0.72	-68.5
0.8	-68.5625
0.88	-68.625
0.96	-68.625
1.04	-68.5937
1.12	-68.5
1.2	-68.5313
1.28	-68.4375
1.36	-68.5937
1.44	-68.625
1.52	-68.5
1.6	-68.5
1.68	-68.5
1.76	-68.5313
1.84	-68.5313
1.92	-68.5313
2	-68.4687
2.08	-68.5625
2.16	-68.5937
2.24	-68.5313
2.32	-68.5313
2.4	-68.5313
2.48	-68.5
2.56	-68.5625
2.64	-68.625
2.72	-68.5
2.8	-68.5625
2.88	-68.5625
2.96	-68.5625
3.04	-68.5625
3.12	-68.5
3.2	-68.5937
3.28	-68.5313
3.36	-68.5313
3.44	-68.5
3.52	-68.5
3.6	-68.5
3.68	-68.5
3.76	-68.5625
3.84	-68.5313
3.92	-68.5937
4	-68.5625
4.08	-68.5625
4.16	-68.5625
4.24	-68.5313
4.32	-68.625
4.4	-68.5937
4.48	-68.5313
4.56	-68.625
4.64	-68.5937
4.72	-68.5625
4.8	-68.625
4.88	-68.5625
4.96	-68.5313
5.04	-68.5313
5.12	-68.625
5.2	-68.5313
5.28	-68.5625
5.36	-68.5625
5.44	-68.5625
5.52	-68.5625
5.6	-68.5625
5.68	-68.5313
5.76	-68.5625
5.84	-68.5625
5.92	-68.5937
6	-68.4375
6.08	-68.6563
6.16	-68.5625
6.24	-68.5625
6.32	-68.6563
6.4	-68.5313
6.48	-68.625
6.56	-68.625
6.64	-68.625
6.72	-68.5937
6.8	-68.6563
6.88	-68.625
6.96	-68.5625
7.04	-68.5
7.12	-68.5625
7.2	-68.5313
7.28	-68.5937
7.36	-68.5937
7.44	-68.625
7.52	-68.5313
7.6	-68.5625
7.68	-68.5625
7.76	-68.5937
7.84	-68.5313
7.92	-68.6875
8	-68.5937
8.08	-68.625
8.16	-68.5937
8.24	-68.5313
8.32	-68.5313
8.4	-68.5625
8.48	-68.5313
8.56	-68.4687
8.64	-68.5937
8.72	-68.5937
8.8	-68.5625
8.88	-68.5937
8.96	-68.5625
9.04	-68.5937
9.12	-68.5313
9.2	-68.5625
9.28	-68.5937
9.36	-68.5313
9.44	-68.5937
9.52	-68.5625
9.6	-68.625
9.68	-68.5937
9.76	-68.625
9.84	-68.5625
9.92	-68.5313
10	-68.5625
10.08	-68.5625
10.16	-68.5937
10.24	-68.5937
10.32	-68.5313
10.4	-68.5937
10.48	-68.5937
10.56	-68.5937
10.64	-68.625
10.72	-68.5625
10.8	-68.6563
10.88	-68.5625
10.96	-68.5937
11.04	-68.5
11.12	-68.5937
11.2	-68.625
11.28	-68.625
11.36	-68.5625
11.44	-68.5937
11.52	-68.6563
11.6	-68.5313
11.68	-68.5937
11.76	-68.6563
11.84	-68.5313
11.92	-68.625
12	-68.5625
12.08	-68.625
12.16	-68.625
12.24	-68.5937
12.32	-68.5313
12.4	-68.625
12.48	-68.5937
12.56	-68.5
12.64	-68.4375
12.72	-68.4687
12.8	-68.5
12.88	-68.5937
12.96	-68.5313
13.04	-68.5313
13.12	-68.4375
13.2	-68.5625
13.28	-68.5
13.36	-68.5
13.44	-68.5625
13.52	-68.5
13.6	-68.5937
13.68	-68.5
13.76	-68.625
13.84	-68.625
13.92	-68.625
14	-68.5
14.08	-68.5625
14.16	-68.5313
14.24	-68.625
14.32	-68.5625
14.4	-68.625
14.48	-68.5
14.56	-68.5937
14.64	-68.5313
14.72	-68.625
14.8	-68.5313
14.88	-68.5313
14.96	-68.5705
15.04	-68.5705
15.12	-68.5705
15.2	-68.5705
15.28	-68.5705
15.36	-68.6017
15.44	-68.6017
15.52	-68.758
15.6	-68.8517
15.68	-69.008
15.76	-68.883
15.84	-68.9455
15.92	-69.008
16	-69.1017
16.08	-69.1017
16.16	-69.1642
16.24	-69.1642
16.32	-69.2893
16.4	-69.1955
16.48	-69.2267
16.56	-69.3517
16.64	-69.3205
16.72	-69.4142
16.8	-69.4455
16.88	-69.383
16.96	-69.508
17.04	-69.508
17.12	-69.508
17.2	-69.6018
17.28	-69.633
17.36	-69.6018
17.44	-69.6018
17.52	-69.6642
17.6	-69.6955
17.68	-69.7267
17.76	-69.7267
17.84	-69.883
17.92	-69.9455
18	-69.883
18.08	-69.9142
18.16	-69.9142
18.24	-69.9455
18.32	-69.9767
18.4	-69.9142
18.48	-69.9455
18.56	-69.9142
18.64	-70.0392
18.72	-70.1018
18.8	-70.0392
18.88	-69.9455
18.96	-70.1018
19.04	-70.133
19.12	-70.1018
19.2	-70.2267
19.28	-70.1955
19.36	-70.1018
19.44	-70.1642
19.52	-70.3517
19.6	-70.3517
19.68	-70.258
19.76	-70.3517
19.84	-70.2892
19.92	-70.3517
20	-70.3205
20.08	-70.4143
20.16	-70.3517
20.24	-70.383
20.32	-70.4767
20.4	-70.5392
20.48	-70.633
20.56	-70.633
20.64	-70.7268
20.72	-70.7268
20.8	-70.6955
20.88	-70.7892
20.96	-70.6642
21.04	-70.7268
21.12	-70.7892
21.2	-70.7892
21.28	-70.8205
21.36	-70.758
21.44	-70.7892
21.52	-70.8205
21.6	-70.8517
21.68	-70.9142
21.76	-71.008
21.84	-71.0393
21.92	-70.9767
22	-70.9142
22.08	-70.9767
22.16	-70.9767
22.24	-71.0705
22.32	-71.0393
22.4	-71.1017
22.48	-71.0705
22.56	-71.1642
22.64	-71.133
22.72	-71.133
22.8	-71.2267
22.88	-71.1642
22.96	-71.2267
23.04	-71.1642
23.12	-71.2892
23.2	-71.2892
23.28	-71.3205
23.36	-71.3205
23.44	-71.3205
23.52	-71.4455
23.6	-71.383
23.68	-71.383
23.76	-71.4455
23.84	-71.383
23.92	-71.383
24	-71.4142
24.08	-71.4142
24.16	-71.4455
24.24	-71.4767
24.32	-71.5392
24.4	-71.5392
24.48	-71.4767
24.56	-71.508
24.64	-71.5392
24.72	-71.5392
24.8	-71.633
24.88	-71.5705
24.96	-71.6955
25.04	-71.6955
25.12	-71.6955
25.2	-71.633
25.28	-71.6955
25.36	-71.6955
25.44	-71.6642
25.52	-71.758
25.6	-71.758
25.68	-71.8205
25.76	-71.758
25.84	-71.7892
25.92	-71.8518
26	-71.8205
26.08	-71.8518
26.16	-71.9767
26.24	-71.8518
26.32	-71.9142
26.4	-71.9455
26.48	-71.9767
26.56	-71.9455
26.64	-72.0705
26.72	-72.008
26.8	-72.0392
26.88	-72.133
26.96	-72.1017
27.04	-72.1017
27.12	-72.133
27.2	-72.1643
27.28	-72.133
27.36	-72.1643
27.44	-72.1955
27.52	-72.2267
27.6	-72.1955
27.68	-72.2267
27.76	-72.3205
27.84	-72.1955
27.92	-72.2892
28	-72.2892
28.08	-72.2892
28.16	-72.3517
28.24	-72.2892
28.32	-72.258
28.4	-72.3205
28.48	-72.2892
28.56	-72.383
28.64	-72.4142
28.72	-72.4142
28.8	-72.383
28.88	-72.3517
28.96	-72.4142
29.04	-72.4455
29.12	-72.4768
29.2	-72.4142
29.28	-72.4768
29.36	-72.4768
29.44	-72.508
29.52	-72.4142
29.6	-72.5392
29.68	-72.5392
29.76	-72.4768
29.84	-72.6017
29.92	-72.4768
30	-72.6017
30.08	-72.6642
30.16	-72.7267
30.24	-72.633
30.32	-72.7267
30.4	-72.758
30.48	-72.758
30.56	-72.6955
30.64	-72.7267
30.72	-72.7267
30.8	-72.6955
30.88	-72.7893
30.96	-72.8205
31.04	-72.7893
31.12	-72.7893
31.2	-72.758
31.28	-72.8205
31.36	-72.9455
31.44	-72.9455
31.52	-72.9142
31.6	-72.9767
31.68	-72.883
31.76	-73.008
31.84	-72.9767
31.92	-72.9455
32	-73.0392
32.08	-72.9455
32.16	-72.9455
32.24	-72.9455
32.32	-72.9455
32.4	-73.008
32.48	-73.008
32.56	-73.0392
32.64	-73.1017
32.72	-73.133
32.8	-73.133
32.88	-73.1017
32.96	-73.133
33.04	-73.133
33.12	-73.0705
33.2	-73.1955
33.28	-73.1642
33.36	-73.133
33.44	-73.2267
33.52	-73.1017
33.6	-73.1642
33.68	-73.2893
33.76	-73.2267
33.84	-73.2893
33.92	-73.3517
34	-73.3517
34.08	-73.3205
34.16	-73.2893
34.24	-73.3205
34.32	-73.2893
34.4	-73.3517
34.48	-73.383
34.56	-73.3517
34.64	-73.383
34.72	-73.3517
34.8	-73.4142
34.88	-73.5705
34.96	-73.4767
35.04	-73.508
35.12	-73.5392
35.2	-73.4767
35.28	-73.5392
35.36	-73.508
35.44	-73.4767
35.52	-73.4767
35.6	-73.5705
35.68	-73.4767
35.76	-73.4767
35.84	-73.6018
35.92	-73.4767
36	-73.5705
36.08	-73.6642
36.16	-73.6018
36.24	-73.6018
36.32	-73.5705
36.4	-73.5705
36.48	-73.6018
36.56	-73.5392
36.64	-73.6642
36.72	-73.6018
36.8	-73.633
36.88	-73.633
36.96	-73.6642
37.04	-73.7267
37.12	-73.5705
37.2	-73.5392
37.28	-73.758
37.36	-73.7892
37.44	-73.8205
37.52	-73.6642
37.6	-73.7267
37.68	-73.8205
37.76	-73.7267
37.84	-73.6642
37.92	-73.758
38	-73.7892
38.08	-73.8205
38.16	-73.7892
38.24	-73.8205
38.32	-73.8517
38.4	-73.883
38.48	-73.7267
38.56	-73.7892
38.64	-73.8205
38.72	-73.9767
38.8	-73.8517
38.88	-73.9143
38.96	-73.883
39.04	-73.9767
39.12	-73.9143
39.2	-73.9767
39.28	-74.008
39.36	-73.9767
39.44	-73.883
39.52	-74.0392
39.6	-73.9143
39.68	-73.883
39.76	-74.008
39.84	-73.9143
39.92	-74.0705
40	-74.008
40.08	-74.008
40.16	-74.0392
40.24	-74.0705
40.32	-74.133
40.4	-74.1017
40.48	-74.0705
40.56	-74.133
40.64	-74.0392
40.72	-73.9767
40.8	-74.0705
40.88	-74.133
40.96	-73.9767
41.04	-74.133
41.12	-74.1017
41.2	-74.1955
41.28	-74.1642
41.36	-74.1642
41.44	-74.1955
41.52	-74.1955
41.6	-74.133
41.68	-74.1642
41.76	-74.2268
41.84	-74.2268
41.92	-74.3205
42	-74.1955
42.08	-74.1642
42.16	-74.1955
42.24	-74.2268
42.32	-74.1955
42.4	-74.3205
42.48	-74.258
42.56	-74.2268
42.64	-74.258
42.72	-74.1955
42.8	-74.1955
42.88	-74.383
42.96	-74.2268
43.04	-74.383
43.12	-74.2892
43.2	-74.2892
43.28	-74.2892
43.36	-74.2892
43.44	-74.3205
43.52	-74.3517
43.6	-74.2892
43.68	-74.2892
43.76	-74.3205
43.84	-74.3517
43.92	-74.383
44	-74.3517
44.08	-74.4142
44.16	-74.4455
44.24	-74.383
44.32	-74.4142
44.4	-74.4142
44.48	-74.383
44.56	-74.4455
44.64	-74.383
44.72	-74.4455
44.8	-74.5705
44.88	-74.4767
44.96	-74.5705
45.04	-74.508
45.12	-74.4767
45.2	-74.4767
45.28	-74.4455
45.36	-74.4455
45.44	-74.508
45.52	-74.4767
45.6	-74.4767
45.68	-74.5392
45.76	-74.5392
45.84	-74.508
45.92	-74.4455
46	-74.4455
46.08	-74.4455
46.16	-74.4767
46.24	-74.5392
46.32	-74.5392
46.4	-74.5705
46.48	-74.508
46.56	-74.5392
46.64	-74.5392
46.72	-74.5705
46.8	-74.5705
46.88	-74.633
46.96	-74.4767
47.04	-74.5392
47.12	-74.6642
47.2	-74.633
47.28	-74.5392
47.36	-74.633
47.44	-74.633
47.52	-74.6955
47.6	-74.6642
47.68	-74.6642
47.76	-74.633
47.84	-74.6642
47.92	-74.7267
48	-74.7267
48.08	-74.7267
48.16	-74.6955
48.24	-74.6642
48.32	-74.758
48.4	-74.6642
48.48	-74.6642
48.56	-74.758
48.64	-74.758
48.72	-74.758
48.8	-74.8205
48.88	-74.8205
48.96	-74.8205
49.04	-74.883
49.12	-74.758
49.2	-74.8205
49.28	-74.7892
49.36	-74.6642
49.44	-74.758
49.52	-74.883
49.6	-74.7267
49.68	-74.8517
49.76	-74.883
49.84	-74.8517
49.92	-74.8517
50	-74.7892
50.08	-74.9142
50.16	-74.883
50.24	-74.8205
50.32	-74.9142
50.4	-74.9455
50.48	-74.9455
50.56	-74.883
50.64	-74.8517
50.72	-74.8517
50.8	-74.9767
50.88	-74.883
50.96	-74.883
51.04	-74.9455
51.12	-74.9767
51.2	-74.9767
51.28	-74.883
51.36	-74.9455
51.44	-74.9455
51.52	-74.9767
51.6	-74.9142
51.68	-74.9455
51.76	-75.008
51.84	-74.9767
51.92	-74.9455
52	-74.9767
52.08	-74.9767
52.16	-75.0393
52.24	-74.9455
52.32	-74.9142
52.4	-74.9455
52.48	-74.9455
52.56	-75.0705
52.64	-75.008
52.72	-75.008
52.8	-75.008
52.88	-74.9455
52.96	-75.008
53.04	-74.9767
53.12	-75.008
53.2	-75.0393
53.28	-75.0705
53.36	-75.1017
53.44	-75.0705
53.52	-75.1017
53.6	-75.0393
53.68	-75.133
53.76	-75.0393
53.84	-75.0705
53.92	-75.1642
54	-75.0705
54.08	-75.133
54.16	-75.1017
54.24	-75.0705
54.32	-75.0705
54.4	-75.1017
54.48	-75.1017
54.56	-75.0393
54.64	-75.1017
54.72	-75.1017
54.8	-75.1017
54.88	-75.0705
54.96	-75.0705
55.04	-75.0393
55.12	-75.133
55.2	-75.0705
55.28	-75.1017
55.36	-75.1017
55.44	-75.133
55.52	-75.0705
55.6	-75.1017
55.68	-75.133
55.76	-75.1642
55.84	-75.1642
55.92	-75.0705
56	-75.1017
56.08	-75.0393
56.16	-75.1017
56.24	-75.133
56.32	-75.1642
56.4	-75.1955
56.48	-75.1017
56.56	-75.1017
56.64	-75.2267
56.72	-75.1955
56.8	-75.1955
56.88	-75.133
56.96	-75.2267
57.04	-75.1955
57.12	-75.2267
57.2	-75.3518
57.28	-75.2267
57.36	-75.1955
57.44	-75.1642
57.52	-75.258
57.6	-75.1955
57.68	-75.1017
57.76	-75.1955
57.84	-75.1642
57.92	-75.1017
58	-75.3205
58.08	-75.1955
58.16	-75.2267
58.24	-75.133
58.32	-75.2267
58.4	-75.258
58.48	-75.258
58.56	-75.258
58.64	-75.2267
58.72	-75.2267
58.8	-75.258
58.88	-75.133
58.96	-75.2267
59.04	-75.1955
59.12	-75.3205
59.2	-75.1955
59.28	-75.2267
59.36	-75.3205
59.44	-75.1955
59.52	-75.1955
59.6	-75.258
59.68	-75.2267
59.76	-75.1955
59.84	-75.1955
59.92	-75.2267
60	-75.3205
60.08	-75.4142
60.16	-75.383
60.24	-75.2267
60.32	-75.3205
60.4	-75.383
60.48	-75.4142
60.56	-75.4142
60.64	-75.383
60.72	-75.3518
60.8	-75.4142
60.88	-75.4455
60.96	-75.383
61.04	-75.258
61.12	-75.3518
61.2	-75.4455
61.28	-75.4455
61.36	-75.3205
61.44	-75.383
61.52	-75.2267
61.6	-75.383
61.68	-75.383
61.76	-75.383
61.84	-75.4142
61.92	-75.4455
62	-75.4142
62.08	-75.4142
62.16	-75.4142
62.24	-75.4455
62.32	-75.4767
62.4	-75.258
62.48	-75.383
62.56	-75.3518
62.64	-75.3205
62.72	-75.3518
62.8	-75.3205
62.88	-75.383
62.96	-75.3205
63.04	-75.383
63.12	-75.383
63.2	-75.2267
63.28	-75.4142
63.36	-75.3205
63.44	-75.4767
63.52	-75.4142
63.6	-75.383
63.68	-75.4142
63.76	-75.4455
63.84	-75.4455
63.92	-75.383
64	-75.4455
64.08	-75.4142
64.16	-75.383
64.24	-75.4455
64.32	-75.4767
64.4	-75.4767
64.48	-75.4767
64.56	-75.5705
64.64	-75.6017
64.72	-75.4455
64.8	-75.383
64.88	-75.4455
64.96	-75.4767
65.04	-75.5392
65.12	-75.5705
65.2	-75.5392
65.28	-75.4455
65.36	-75.508
65.44	-75.4767
65.52	-75.508
65.6	-75.4767
65.68	-75.3518
65.76	-75.4455
65.84	-75.5705
65.92	-75.4455
66	-75.4455
66.08	-75.5392
66.16	-75.5392
66.24	-75.5392
66.32	-75.508
66.4	-75.508
66.48	-75.4455
66.56	-75.4767
66.64	-75.4767
66.72	-75.4455
66.8	-75.4767
66.88	-75.508
66.96	-75.508
67.04	-75.4767
67.12	-75.6017
67.2	-75.4767
67.28	-75.5392
67.36	-75.508
67.44	-75.6017
67.52	-75.5392
67.6	-75.508
67.68	-75.4767
67.76	-75.508
67.84	-75.6017
67.92	-75.6017
68	-75.6017
68.08	-75.5705
68.16	-75.5392
68.24	-75.508
68.32	-75.6017
68.4	-75.6017
68.48	-75.5705
68.56	-75.633
68.64	-75.5705
68.72	-75.6017
68.8	-75.5392
68.88	-75.508
68.96	-75.6017
69.04	-75.5392
69.12	-75.5705
69.2	-75.508
69.28	-75.508
69.36	-75.633
69.44	-75.5705
69.52	-75.6017
69.6	-75.5392
69.68	-75.5392
69.76	-75.508
69.84	-75.5392
69.92	-75.5705
70	-75.5705
70.08	-75.633
70.16	-75.5705
70.24	-75.633
70.32	-75.6643
70.4	-75.5392
70.48	-75.5705
70.56	-75.6017
70.64	-75.5705
70.72	-75.7267
70.8	-75.5705
70.88	-75.633
70.96	-75.633
71.04	-75.5705
71.12	-75.6017
71.2	-75.6017
71.28	-75.6017
71.36	-75.633
71.44	-75.633
71.52	-75.6017
71.6	-75.6017
71.68	-75.6643
71.76	-75.8205
71.84	-75.6643
71.92	-75.7267
72	-75.6955
72.08	-75.633
72.16	-75.7267
72.24	-75.633
72.32	-75.6643
72.4	-75.6955
72.48	-75.6643
72.56	-75.6017
72.64	-75.758
72.72	-75.7267
72.8	-75.7267
72.88	-75.6643
72.96	-75.633
73.04	-75.7267
73.12	-75.6643
73.2	-75.758
73.28	-75.6017
73.36	-75.6643
73.44	-75.633
73.52	-75.6955
73.6	-75.6643
73.68	-75.6643
73.76	-75.6955
73.84	-75.6643
73.92	-75.6643
74	-75.6955
74.08	-75.6643
74.16	-75.6955
74.24	-75.6955
74.32	-75.6955
74.4	-75.758
74.48	-75.633
74.56	-75.6955
74.64	-75.6643
74.72	-75.7267
74.8	-75.6955
74.88	-75.7267
74.96	-75.6955
75.04	-75.6955
75.12	-75.6955
75.2	-75.6955
75.28	-75.6643
75.36	-75.6643
75.44	-75.633
75.52	-75.6643
75.6	-75.6643
75.68	-75.7267
75.76	-75.7267
75.84	-75.7267
75.92	-75.6643
76	-75.758
76.08	-75.6643
76.16	-75.6643
76.24	-75.6955
76.32	-75.6643
76.4	-75.7267
76.48	-75.7892
76.56	-75.6643
76.64	-75.7267
76.72	-75.7267
76.8	-75.6643
76.88	-75.7267
76.96	-75.758
77.04	-75.7267
77.12	-75.6643
77.2	-75.7267
77.28	-75.758
77.36	-75.8205
77.44	-75.8205
77.52	-75.758
77.6	-75.758
77.68	-75.758
77.76	-75.7267
77.84	-75.6643
77.92	-75.6955
78	-75.6955
78.08	-75.7267
78.16	-75.7892
78.24	-75.7267
78.32	-75.6643
78.4	-75.7892
78.48	-75.8205
78.56	-75.7892
78.64	-75.7267
78.72	-75.7267
78.8	-75.6955
78.88	-75.7267
78.96	-75.6643
79.04	-75.7892
79.12	-75.6955
79.2	-75.6955
79.28	-75.6643
79.36	-75.6643
79.44	-75.7267
79.52	-75.6643
79.6	-75.6643
79.68	-75.6955
79.76	-75.6017
79.84	-75.7267
79.92	-75.6643
80	-75.633
80.08	-75.7267
80.16	-75.7267
80.24	-75.6955
80.32	-75.6643
80.4	-75.7267
80.48	-75.6643
80.56	-75.6955
80.64	-75.7267
80.72	-75.633
80.8	-75.6955
80.88	-75.6017
80.96	-75.6955
81.04	-75.7267
81.12	-75.7267
81.2	-75.7892
81.28	-75.8205
81.36	-75.7267
81.44	-75.6955
81.52	-75.6955
81.6	-75.7267
81.68	-75.7267
81.76	-75.7267
81.84	-75.7892
81.92	-75.7267
82	-75.8205
82.08	-75.7267
82.16	-75.7267
82.24	-75.7267
82.32	-75.6017
82.4	-75.7267
82.48	-75.7267
82.56	-75.758
82.64	-75.758
82.72	-75.8205
82.8	-75.7267
82.88	-75.6643
82.96	-75.7267
83.04	-75.758
83.12	-75.758
83.2	-75.7892
83.28	-75.758
83.36	-75.758
83.44	-75.758
83.52	-75.7267
83.6	-75.758
83.68	-75.8205
83.76	-75.7892
83.84	-75.8205
83.92	-75.758
84	-75.8205
84.08	-75.7892
84.16	-75.8205
84.24	-75.7267
84.32	-75.8205
84.4	-75.8205
84.48	-75.6955
84.56	-75.8517
84.64	-75.8205
84.72	-75.7267
84.8	-75.758
84.88	-75.6643
84.96	-75.758
85.04	-75.7267
85.12	-75.8205
85.2	-75.8205
85.28	-75.6955
85.36	-75.8205
85.44	-75.6955
85.52	-75.7267
85.6	-75.758
85.68	-75.6955
85.76	-75.6643
85.84	-75.758
85.92	-75.758
86	-75.7267
86.08	-75.758
86.16	-75.7267
86.24	-75.758
86.32	-75.633
86.4	-75.6955
86.48	-75.6643
86.56	-75.6955
86.64	-75.7267
86.72	-75.6955
86.8	-75.758
86.88	-75.7892
86.96	-75.7892
87.04	-75.8517
87.12	-75.758
87.2	-75.883
87.28	-75.758
87.36	-75.758
87.44	-75.8517
87.52	-75.8517
87.6	-75.8517
87.68	-75.8517
87.76	-75.7892
87.84	-75.8205
87.92	-75.8517
88	-75.8517
88.08	-75.758
88.16	-75.8517
88.24	-75.8517
88.32	-75.8205
88.4	-75.8517
88.48	-75.8205
88.56	-75.9142
88.64	-75.7892
88.72	-75.7892
88.8	-75.7892
88.88	-75.8205
88.96	-75.883
89.04	-75.883
89.12	-75.8517
89.2	-75.883
89.28	-75.7267
89.36	-75.8205
89.44	-75.8517
89.52	-75.7892
89.6	-75.758
89.68	-75.7267
89.76	-75.7267
89.84	-75.8517
89.92	-75.7892
90	-75.883
90.08	-75.8517
90.16	-75.8517
90.24	-75.8517
90.32	-75.7892
90.4	-75.883
90.48	-75.8205
90.56	-75.7892
90.64	-75.7892
90.72	-75.8517
90.8	-75.7267
90.88	-75.6955
90.96	-75.8205
91.04	-75.758
91.12	-75.758
91.2	-75.8517
91.28	-75.7892
91.36	-75.8517
91.44	-75.8205
91.52	-75.9455
91.6	-75.883
91.68	-75.758
91.76	-75.7892
91.84	-75.7892
91.92	-75.8205
92	-75.758
92.08	-75.8517
92.16	-75.7892
92.24	-75.8517
92.32	-75.883
92.4	-75.883
92.48	-75.883
92.56	-75.883
92.64	-75.7892
92.72	-75.7267
92.8	-75.8517
92.88	-75.883
92.96	-75.8517
93.04	-75.758
93.12	-75.758
93.2	-75.8205
93.28	-75.7892
93.36	-75.8517
93.44	-75.758
93.52	-75.6955
93.6	-75.7892
93.68	-75.7892
93.76	-75.7267
93.84	-75.758
93.92	-75.758
94	-75.6955
94.08	-75.6955
94.16	-75.6955
94.24	-75.8517
94.32	-75.8517
94.4	-75.7267
94.48	-75.6955
94.56	-75.7892
94.64	-75.7267
94.72	-75.7267
94.8	-75.6643
94.88	-75.6643
94.96	-75.7267
95.04	-75.633
95.12	-75.633
95.2	-75.7267
95.28	-75.6955
95.36	-75.7267
95.44	-75.6643
95.52	-75.633
95.6	-75.633
95.68	-75.6017
95.76	-75.633
95.84	-75.6017
95.92	-75.633
96	-75.7267
96.08	-75.6643
96.16	-75.6017
96.24	-75.508
96.32	-75.5392
96.4	-75.7267
96.48	-75.5705
96.56	-75.6017
96.64	-75.633
96.72	-75.6017
96.8	-75.5705
96.88	-75.6643
96.96	-75.633
97.04	-75.6643
97.12	-75.7267
97.2	-75.6643
97.28	-75.5705
97.36	-75.6955
97.44	-75.6017
97.52	-75.5705
97.6	-75.6017
97.68	-75.633
97.76	-75.633
97.84	-75.6643
97.92	-75.6017
98	-75.633
98.08	-75.6017
98.16	-75.5705
98.24	-75.5392
98.32	-75.6643
98.4	-75.6017
98.48	-75.5705
98.56	-75.6017
98.64	-75.7267
98.72	-75.633
98.8	-75.6017
98.88	-75.5705
98.96	-75.6017
99.04	-75.6643
99.12	-75.633
99.2	-75.6955
99.28	-75.7267
99.36	-75.633
99.44	-75.508
99.52	-75.6643
99.6	-75.633
99.68	-75.633
99.76	-75.6955
99.84	-75.7267
99.92	-75.6017
100	-75.6643
100.08	-75.6955
100.16	-75.6643
100.24	-75.633
100.32	-75.6017
100.4	-75.633
100.48	-75.5705
100.56	-75.6017
100.64	-75.6017
100.72	-75.633
100.8	-75.633
100.88	-75.6643
100.96	-75.6017
101.04	-75.5392
101.12	-75.5392
101.2	-75.508
101.28	-75.5705
101.36	-75.4767
101.44	-75.5705
101.52	-75.5392
101.6	-75.6643
101.68	-75.5392
101.76	-75.6017
101.84	-75.5705
101.92	-75.5392
102	-75.5392
102.08	-75.508
102.16	-75.508
102.24	-75.5392
102.32	-75.5392
102.4	-75.5705
102.48	-75.5392
102.56	-75.508
102.64	-75.4455
102.72	-75.4455
102.8	-75.508
102.88	-75.508
102.96	-75.508
103.04	-75.633
103.12	-75.5392
103.2	-75.508
103.28	-75.4767
103.36	-75.4767
103.44	-75.4767
103.52	-75.5705
103.6	-75.6017
103.68	-75.508
103.76	-75.5705
103.84	-75.5392
103.92	-75.5705
104	-75.5705
104.08	-75.6017
104.16	-75.6017
104.24	-75.5392
104.32	-75.6017
104.4	-75.5392
104.48	-75.5392
104.56	-75.5705
104.64	-75.5705
104.72	-75.6017
104.8	-75.5705
104.88	-75.508
104.96	-75.5392
105.04	-75.508
105.12	-75.5392
105.2	-75.5392
105.28	-75.5705
105.36	-75.6017
105.44	-75.633
105.52	-75.633
105.6	-75.508
105.68	-75.5705
105.76	-75.5705
105.84	-75.633
105.92	-75.6017
106	-75.6017
106.08	-75.6017
106.16	-75.6017
106.24	-75.5705
106.32	-75.6017
106.4	-75.5392
106.48	-75.508
106.56	-75.5392
106.64	-75.5705
106.72	-75.5705
106.8	-75.5705
106.88	-75.5392
106.96	-75.5705
107.04	-75.5392
107.12	-75.6955
107.2	-75.5705
107.28	-75.5392
107.36	-75.508
107.44	-75.508
107.52	-75.6017
107.6	-75.508
107.68	-75.5705
107.76	-75.5705
107.84	-75.5705
107.92	-75.5705
108	-75.5392
108.08	-75.5392
108.16	-75.5392
108.24	-75.5392
108.32	-75.5392
108.4	-75.5392
108.48	-75.5705
108.56	-75.633
108.64	-75.5705
108.72	-75.6017
108.8	-75.6017
108.88	-75.5705
108.96	-75.5705
109.04	-75.5705
109.12	-75.6017
109.2	-75.6017
109.28	-75.5705
109.36	-75.633
109.44	-75.5392
109.52	-75.6017
109.6	-75.508
109.68	-75.5705
109.76	-75.6017
109.84	-75.5705
109.92	-75.5392
110	-75.633
110.08	-75.5392
110.16	-75.6017
110.24	-75.508
110.32	-75.6017
110.4	-75.5705
110.48	-75.6017
110.56	-75.633
110.64	-75.6017
110.72	-75.6017
110.8	-75.633
110.88	-75.6643
110.96	-75.5392
111.04	-75.6643
111.12	-75.633
111.2	-75.6955
111.28	-75.7267
111.36	-75.5392
111.44	-75.633
111.52	-75.758
111.6	-75.5705
111.68	-75.7267
111.76	-75.6017
111.84	-75.6643
111.92	-75.6643
112	-75.6643
112.08	-75.5705
112.16	-75.6017
112.24	-75.5705
112.32	-75.633
112.4	-75.6955
112.48	-75.633
112.56	-75.5392
112.64	-75.6017
112.72	-75.5705
112.8	-75.633
112.88	-75.6643
112.96	-75.6955
113.04	-75.633
113.12	-75.6643
113.2	-75.5705
113.28	-75.5392
113.36	-75.633
113.44	-75.5705
113.52	-75.508
113.6	-75.508
113.68	-75.633
113.76	-75.633
113.84	-75.633
113.92	-75.5392
114	-75.633
114.08	-75.6955
114.16	-75.6643
114.24	-75.633
114.32	-75.633
114.4	-75.6955
114.48	-75.633
114.56	-75.5705
114.64	-75.5392
114.72	-75.633
114.8	-75.5705
114.88	-75.5705
114.96	-75.6017
115.04	-75.6955
115.12	-75.6017
115.2	-75.5705
115.28	-75.6017
115.36	-75.5705
115.44	-75.6643
115.52	-75.633
115.6	-75.6017
115.68	-75.633
115.76	-75.633
115.84	-75.6017
115.92	-75.6955
116	-75.6955
116.08	-75.6955
116.16	-75.6643
116.24	-75.6643
116.32	-75.633
116.4	-75.6955
116.48	-75.6643
116.56	-75.6955
116.64	-75.6955
116.72	-75.6955
116.8	-75.7267
116.88	-75.5705
116.96	-75.6643
117.04	-75.6955
117.12	-75.633
117.2	-75.6017
117.28	-75.6643
117.36	-75.6643
117.44	-75.6643
117.52	-75.6643
117.6	-75.6955
117.68	-75.633
117.76	-75.6643
117.84	-75.633
117.92	-75.6017
118	-75.5705
118.08	-75.633
118.16	-75.633
118.24	-75.5705
118.32	-75.6955
118.4	-75.5705
118.48	-75.6017
118.56	-75.6955
118.64	-75.6017
118.72	-75.5705
118.8	-75.6955
118.88	-75.6017
118.96	-75.6643
119.04	-75.5705
119.12	-75.5705
119.2	-75.5392
119.28	-75.633
119.36	-75.5705
119.44	-75.6017
119.52	-75.6643
119.6	-75.6017
119.68	-75.6017
119.76	-75.633
119.84	-75.5392
119.92	-75.5705
120	-75.5705
120.08	-75.6017
120.16	-75.633
120.24	-75.5392
120.32	-75.633
120.4	-75.6643
120.48	-75.6017
120.56	-75.5392
120.64	-75.5705
120.72	-75.6017
120.8	-75.633
120.88	-75.5705
120.96	-75.5705
121.04	-75.5705
121.12	-75.6017
121.2	-75.6643
121.28	-75.6643
121.36	-75.6017
121.44	-75.7267
121.52	-75.758
121.6	-75.6017
121.68	-75.6955
121.76	-75.6017
121.84	-75.6643
121.92	-75.633
122	-75.633
122.08	-75.633
122.16	-75.758
122.24	-75.5705
122.32	-75.6643
122.4	-75.633
122.48	-75.6643
122.56	-75.633
122.64	-75.6643
122.72	-75.633
122.8	-75.6643
122.88	-75.6017
122.96	-75.5705
123.04	-75.6017
123.12	-75.7267
123.2	-75.6643
123.28	-75.633
123.36	-75.6017
123.44	-75.6643
123.52	-75.5705
123.6	-75.633
123.68	-75.633
123.76	-75.6643
123.84	-75.633
123.92	-75.633
124	-75.5705
124.08	-75.5705
124.16	-75.6643
124.24	-75.6017
124.32	-75.633
124.4	-75.633
124.48	-75.633
124.56	-75.5392
124.64	-75.5705
124.72	-75.5392
124.8	-75.5705
124.88	-75.5705
124.96	-75.6643
125.04	-75.633
125.12	-75.5705
125.2	-75.633
125.28	-75.6017
125.36	-75.5705
125.44	-75.6017
125.52	-75.6955
125.6	-75.6017
125.68	-75.633
125.76	-75.6955
125.84	-75.6955
125.92	-75.6017
126	-75.5392
126.08	-75.633
126.16	-75.5392
126.24	-75.633
126.32	-75.633
126.4	-75.633
126.48	-75.633
126.56	-75.6017
126.64	-75.6017
126.72	-75.6017
126.8	-75.6643
126.88	-75.633
126.96	-75.633
127.04	-75.5392
127.12	-75.7267
127.2	-75.6017
127.28	-75.633
127.36	-75.6643
127.44	-75.6955
127.52	-75.7267
127.6	-75.633
127.68	-75.6955
127.76	-75.6643
127.84	-75.6643
127.92	-75.6643
128	-75.7267
128.08	-75.633
128.16	-75.6643
128.24	-75.633
128.32	-75.6017
128.4	-75.6955
128.48	-75.6017
128.56	-75.5705
128.64	-75.6955
128.72	-75.7267
128.8	-75.633
128.88	-75.633
128.96	-75.633
129.04	-75.6017
129.12	-75.6017
129.2	-75.633
129.28	-75.5392
129.36	-75.6017
129.44	-75.6643
129.52	-75.6017
129.6	-75.6017
129.68	-75.4767
129.76	-75.633
129.84	-75.633
129.92	-75.633
130	-75.6643
130.08	-75.6643
130.16	-75.6643
130.24	-75.6643
130.32	-75.6643
130.4	-75.633
130.48	-75.6017
130.56	-75.5705
130.64	-75.6017
130.72	-75.6017
130.8	-75.6643
130.88	-75.633
130.96	-75.6017
131.04	-75.633
131.12	-75.5705
131.2	-75.6955
131.28	-75.5705
131.36	-75.633
131.44	-75.6955
131.52	-75.6643
131.6	-75.5705
131.68	-75.5705
131.76	-75.633
131.84	-75.633
131.92	-75.633
132	-75.633
132.08	-75.5705
132.16	-75.6017
132.24	-75.6955
132.32	-75.633
132.4	-75.6643
132.48	-75.6017
132.56	-75.6017
132.64	-75.6017
132.72	-75.6017
132.8	-75.508
132.88	-75.6017
132.96	-75.5705
133.04	-75.633
133.12	-75.633
133.2	-75.6643
133.28	-75.6017
133.36	-75.6017
133.44	-75.6017
133.52	-75.633
133.6	-75.5705
133.68	-75.633
133.76	-75.5705
133.84	-75.5705
133.92	-75.5392
134	-75.5392
134.08	-75.6017
134.16	-75.633
134.24	-75.508
134.32	-75.4767
134.4	-75.6643
134.48	-75.5705
134.56	-75.508
134.64	-75.6643
134.72	-75.5392
134.8	-75.5705
134.88	-75.5705
134.96	-75.5392
135.04	-75.5705
135.12	-75.6017
135.2	-75.5705
135.28	-75.508
135.36	-75.5705
135.44	-75.5705
135.52	-75.5705
135.6	-75.5705
135.68	-75.6643
135.76	-75.508
135.84	-75.5705
135.92	-75.5392
136	-75.5705
136.08	-75.5705
136.16	-75.508
136.24	-75.5392
136.32	-75.6017
136.4	-75.633
136.48	-75.6017
136.56	-75.633
136.64	-75.5705
136.72	-75.6017
136.8	-75.633
136.88	-75.508
136.96	-75.6017
137.04	-75.633
137.12	-75.5705
137.2	-75.6017
137.28	-75.5705
137.36	-75.6643
137.44	-75.633
137.52	-75.5705
137.6	-75.5705
137.68	-75.6643
137.76	-75.6017
137.84	-75.633
137.92	-75.6017
138	-75.6643
138.08	-75.633
138.16	-75.633
138.24	-75.6643
138.32	-75.5705
138.4	-75.5705
138.48	-75.5392
138.56	-75.7267
138.64	-75.633
138.72	-75.5392
138.8	-75.633
138.88	-75.633
138.96	-75.5705
139.04	-75.5705
139.12	-75.5705
139.2	-75.6017
139.28	-75.633
139.36	-75.6017
139.44	-75.633
139.52	-75.5705
139.6	-75.6017
139.68	-75.5705
139.76	-75.6017
139.84	-75.633
139.92	-75.5705
140	-75.5392
140.08	-75.5705
140.16	-75.5392
140.24	-75.5392
140.32	-75.633
140.4	-75.633
140.48	-75.508
140.56	-75.6017
140.64	-75.4767
140.72	-75.5705
140.8	-75.6017
140.88	-75.5392
140.96	-75.5392
141.04	-75.5392
141.12	-75.5392
141.2	-75.508
141.28	-75.508
141.36	-75.5705
141.44	-75.508
141.52	-75.508
141.6	-75.5705
141.68	-75.5705
141.76	-75.508
141.84	-75.633
141.92	-75.633
142	-75.5392
142.08	-75.633
142.16	-75.5392
142.24	-75.5392
142.32	-75.6643
142.4	-75.6017
142.48	-75.6643
142.56	-75.6955
142.64	-75.5705
142.72	-75.5705
142.8	-75.5705
142.88	-75.5705
142.96	-75.5705
143.04	-75.5705
143.12	-75.6017
143.2	-75.633
143.28	-75.5705
143.36	-75.6017
143.44	-75.5705
143.52	-75.5392
143.6	-75.5392
143.68	-75.5392
143.76	-75.5705
143.84	-75.508
143.92	-75.5705
144	-75.5705
144.08	-75.5392
144.16	-75.5392
144.24	-75.6017
144.32	-75.5705
144.4	-75.7267
144.48	-75.633
144.56	-75.633
144.64	-75.633
144.72	-75.6017
144.8	-75.633
144.88	-75.6955
144.96	-75.6017
145.04	-75.5392
145.12	-75.5705
145.2	-75.6017
145.28	-75.6643
145.36	-75.5705
145.44	-75.5705
145.52	-75.6643
145.6	-75.5392
145.68	-75.633
145.76	-75.5705
145.84	-75.508
145.92	-75.5392
146	-75.6017
146.08	-75.5392
146.16	-75.5392
146.24	-75.508
146.32	-75.6017
146.4	-75.6017
146.48	-75.508
146.56	-75.508
146.64	-75.633
146.72	-75.6017
146.8	-75.633
146.88	-75.633
146.96	-75.6017
147.04	-75.6017
147.12	-75.6017
147.2	-75.6643
147.28	-75.5392
147.36	-75.6017
147.44	-75.6017
147.52	-75.6643
147.6	-75.5392
147.68	-75.6017
147.76	-75.6017
147.84	-75.633
147.92	-75.5392
148	-75.6017
148.08	-75.4767
148.16	-75.5392
148.24	-75.5705
148.32	-75.6017
148.4	-75.508
148.48	-75.6017
148.56	-75.6643
148.64	-75.5705
148.72	-75.6955
148.8	-75.6643
148.88	-75.633
148.96	-75.6643
149.04	-75.5392
149.12	-75.5392
149.2	-75.5392
149.28	-75.6017
149.36	-75.5705
149.44	-75.6017
149.52	-75.5705
149.6	-75.633
149.68	-75.6017
149.76	-75.633
149.84	-75.6017
149.92	-75.5705
150	-75.508
150.08	-75.6017
150.16	-75.6017
150.24	-75.633
150.32	-75.6017
150.4	-75.508
150.48	-75.508
150.56	-75.5705
150.64	-75.6017
150.72	-75.6017
150.8	-75.6017
150.88	-75.508
150.96	-75.5705
151.04	-75.6017
151.12	-75.6017
151.2	-75.633
151.28	-75.633
151.36	-75.633
151.44	-75.6017
151.52	-75.6017
151.6	-75.5705
151.68	-75.633
151.76	-75.633
151.84	-75.6643
151.92	-75.5705
152	-75.6017
152.08	-75.5705
152.16	-75.5392
152.24	-75.6017
152.32	-75.5705
152.4	-75.6017
152.48	-75.5705
152.56	-75.508
152.64	-75.508
152.72	-75.508
152.8	-75.633
152.88	-75.508
152.96	-75.5705
153.04	-75.6017
153.12	-75.6017
153.2	-75.5705
153.28	-75.6955
153.36	-75.5705
153.44	-75.633
153.52	-75.6017
153.6	-75.6017
153.68	-75.5705
153.76	-75.633
153.84	-75.633
153.92	-75.5705
154	-75.6643
154.08	-75.5705
154.16	-75.633
154.24	-75.6017
154.32	-75.6643
154.4	-75.6643
154.48	-75.6955
154.56	-75.6017
154.64	-75.6643
154.72	-75.6955
154.8	-75.6955
154.88	-75.758
154.96	-75.6643
155.04	-75.633
155.12	-75.6643
155.2	-75.633
155.28	-75.633
155.36	-75.508
155.44	-75.5392
155.52	-75.4767
155.6	-75.6643
155.68	-75.6017
155.76	-75.508
155.84	-75.6017
155.92	-75.6643
156	-75.633
156.08	-75.5705
156.16	-75.6017
156.24	-75.5392
156.32	-75.5705
156.4	-75.5392
156.48	-75.5392
156.56	-75.5705
156.64	-75.5705
156.72	-75.5705
156.8	-75.6017
156.88	-75.6017
156.96	-75.5705
157.04	-75.5705
157.12	-75.5705
157.2	-75.5705
157.28	-75.6017
157.36	-75.5392
157.44	-75.5705
157.52	-75.6017
157.6	-75.5705
157.68	-75.5392
157.76	-75.5705
157.84	-75.508
157.92	-75.6017
158	-75.5705
158.08	-75.508
158.16	-75.6017
158.24	-75.4142
158.32	-75.5705
158.4	-75.5705
158.48	-75.5392
158.56	-75.4767
158.64	-75.5392
158.72	-75.6017
158.8	-75.5392
158.88	-75.6017
158.96	-75.6017
159.04	-75.6017
159.12	-75.5705
159.2	-75.5705
159.28	-75.508
159.36	-75.508
159.44	-75.5705
159.52	-75.5705
159.6	-75.5392
159.68	-75.508
159.76	-75.508
159.84	-75.6017
159.92	-75.5705
160	-75.5705
160.08	-75.6017
160.16	-75.633
160.24	-75.6017
160.32	-75.633
160.4	-75.508
160.48	-75.6017
160.56	-75.5705
160.64	-75.6017
160.72	-75.6955
160.8	-75.5705
160.88	-75.6643
160.96	-75.633
161.04	-75.6643
161.12	-75.5392
161.2	-75.6017
161.28	-75.6017
161.36	-75.6643
161.44	-75.633
161.52	-75.6955
161.6	-75.6643
161.68	-75.5392
161.76	-75.508
161.84	-75.6643
161.92	-75.6017
162	-75.5705
162.08	-75.6017
162.16	-75.508
162.24	-75.5392
162.32	-75.6017
162.4	-75.6017
162.48	-75.4455
162.56	-75.633
162.64	-75.5392
162.72	-75.5705
162.8	-75.6017
162.88	-75.508
162.96	-75.508
163.04	-75.5705
163.12	-75.5392
163.2	-75.5705
163.28	-75.6017
163.36	-75.6017
163.44	-75.4767
163.52	-75.5705
163.6	-75.633
163.68	-75.4455
163.76	-75.6643
163.84	-75.6017
163.92	-75.6017
164	-75.508
164.08	-75.4767
164.16	-75.508
164.24	-75.5392
164.32	-75.4767
164.4	-75.5705
164.48	-75.5392
164.56	-75.5392
164.64	-75.5392
164.72	-75.5392
164.8	-75.6017
164.88	-75.4767
164.96	-75.4767
165.04	-75.4767
165.12	-75.5705
165.2	-75.4767
165.28	-75.5392
165.36	-75.5392
165.44	-75.5705
165.52	-75.4767
165.6	-75.5392
165.68	-75.4767
165.76	-75.4767
165.84	-75.5392
165.92	-75.4767
166	-75.4767
166.08	-75.4455
166.16	-75.4767
166.24	-75.508
166.32	-75.5392
166.4	-75.4767
166.48	-75.4767
166.56	-75.4767
166.64	-75.4767
166.72	-75.508
166.8	-75.4455
166.88	-75.3518
166.96	-75.4142
167.04	-75.4767
167.12	-75.4455
167.2	-75.4455
167.28	-75.4455
167.36	-75.4142
167.44	-75.4767
167.52	-75.5705
167.6	-75.4767
167.68	-75.383
167.76	-75.383
167.84	-75.4767
167.92	-75.4142
168	-75.508
168.08	-75.4767
168.16	-75.4142
168.24	-75.4455
168.32	-75.3518
168.4	-75.4142
168.48	-75.3518
168.56	-75.383
168.64	-75.3518
168.72	-75.4142
168.8	-75.3205
168.88	-75.383
168.96	-75.383
169.04	-75.3518
169.12	-75.3518
169.2	-75.2267
169.28	-75.258
169.36	-75.3518
169.44	-75.3518
169.52	-75.3205
169.6	-75.383
169.68	-75.383
169.76	-75.383
169.84	-75.383
169.92	-75.3518
170	-75.3205
170.08	-75.3518
170.16	-75.4142
170.24	-75.383
170.32	-75.4455
170.4	-75.383
170.48	-75.4455
170.56	-75.4455
170.64	-75.5392
170.72	-75.508
170.8	-75.4142
170.88	-75.4767
170.96	-75.383
171.04	-75.383
171.12	-75.508
171.2	-75.4767
171.28	-75.4767
171.36	-75.3518
171.44	-75.4142
171.52	-75.4767
171.6	-75.4767
171.68	-75.4142
171.76	-75.383
171.84	-75.3205
171.92	-75.4142
172	-75.4455
172.08	-75.4142
172.16	-75.258
172.24	-75.4455
172.32	-75.3518
172.4	-75.383
172.48	-75.4455
172.56	-75.383
172.64	-75.383
172.72	-75.4142
172.8	-75.4142
172.88	-75.3205
172.96	-75.383
173.04	-75.383
173.12	-75.3518
173.2	-75.4455
173.28	-75.4455
173.36	-75.383
173.44	-75.4455
173.52	-75.4767
173.6	-75.4142
173.68	-75.4142
173.76	-75.4455
173.84	-75.4142
173.92	-75.4142
174	-75.4455
174.08	-75.383
174.16	-75.4455
174.24	-75.3518
174.32	-75.508
174.4	-75.4142
174.48	-75.3518
174.56	-75.383
174.64	-75.383
174.72	-75.2267
174.8	-75.383
174.88	-75.3205
174.96	-75.383
175.04	-75.4455
175.12	-75.4142
175.2	-75.4142
175.28	-75.4455
175.36	-75.383
175.44	-75.3518
175.52	-75.383
175.6	-75.383
175.68	-75.4142
175.76	-75.4142
175.84	-75.383
175.92	-75.4455
176	-75.4142
176.08	-75.383
176.16	-75.4142
176.24	-75.4455
176.32	-75.4142
176.4	-75.4455
176.48	-75.4142
176.56	-75.383
176.64	-75.4455
176.72	-75.4455
176.8	-75.4455
176.88	-75.4455
176.96	-75.4455
177.04	-75.4455
177.12	-75.4455
177.2	-75.4142
177.28	-75.383
177.36	-75.4142
177.44	-75.4455
177.52	-75.4142
177.6	-75.4767
177.68	-75.4142
177.76	-75.508
177.84	-75.508
177.92	-75.4455
178	-75.508
178.08	-75.4455
178.16	-75.4767
178.24	-75.4455
178.32	-75.4455
178.4	-75.4142
178.48	-75.4767
178.56	-75.4142
178.64	-75.4455
178.72	-75.4767
178.8	-75.383
178.88	-75.383
178.96	-75.4142
179.04	-75.383
179.12	-75.3205
179.2	-75.3518
179.28	-75.3518
179.36	-75.3205
179.44	-75.258
179.52	-75.3518
179.6	-75.4142
179.68	-75.3518
179.76	-75.383
179.84	-75.3518
179.92	-75.3518
180	-75.4767
180.08	-75.4767
180.16	-75.383
180.24	-75.4142
180.32	-75.383
180.4	-75.383
180.48	-75.3518
180.56	-75.4455
180.64	-75.4142
180.72	-75.3518
180.8	-75.383
180.88	-75.3205
180.96	-75.2267
181.04	-75.383
181.12	-75.3205
181.2	-75.3518
181.28	-75.3205
181.36	-75.4142
181.44	-75.3518
181.52	-75.258
181.6	-75.258
181.68	-75.383
181.76	-75.3205
181.84	-75.4142
181.92	-75.4455
182	-75.383
182.08	-75.383
182.16	-75.3205
182.24	-75.4142
182.32	-75.4142
182.4	-75.3518
182.48	-75.3518
182.56	-75.4142
182.64	-75.4142
182.72	-75.4142
182.8	-75.3518
182.88	-75.4142
182.96	-75.383
183.04	-75.383
183.12	-75.383
183.2	-75.2267
183.28	-75.383
183.36	-75.4142
183.44	-75.4455
183.52	-75.3518
183.6	-75.383
183.68	-75.508
183.76	-75.383
183.84	-75.3205
183.92	-75.4142
184	-75.4142
184.08	-75.383
184.16	-75.383
184.24	-75.3205
184.32	-75.4455
184.4	-75.3518
184.48	-75.383
184.56	-75.383
184.64	-75.3205
184.72	-75.258
184.8	-75.383
184.88	-75.4142
184.96	-75.4142
185.04	-75.3518
185.12	-75.4142
185.2	-75.4142
185.28	-75.383
185.36	-75.383
185.44	-75.4142
185.52	-75.383
185.6	-75.383
185.68	-75.3205
185.76	-75.3205
185.84	-75.383
185.92	-75.2267
186	-75.3518
186.08	-75.258
186.16	-75.1955
186.24	-75.3518
186.32	-75.258
186.4	-75.3205
186.48	-75.383
186.56	-75.2267
186.64	-75.3205
186.72	-75.258
186.8	-75.3205
186.88	-75.2267
186.96	-75.2267
187.04	-75.383
187.12	-75.3205
187.2	-75.383
187.28	-75.3518
187.36	-75.383
187.44	-75.3518
187.52	-75.383
187.6	-75.3205
187.68	-75.2267
187.76	-75.3518
187.84	-75.3205
187.92	-75.3518
188	-75.3205
188.08	-75.3518
188.16	-75.3518
188.24	-75.3205
188.32	-75.3205
188.4	-75.3518
188.48	-75.3518
188.56	-75.3205
188.64	-75.258
188.72	-75.2267
188.8	-75.3205
188.88	-75.3518
188.96	-75.2267
189.04	-75.3205
189.12	-75.2267
189.2	-75.2267
189.28	-75.258
189.36	-75.3518
189.44	-75.3518
189.52	-75.258
189.6	-75.2267
189.68	-75.258
189.76	-75.1955
189.84	-75.3518
189.92	-75.3518
190	-75.3518
190.08	-75.1955
190.16	-75.1642
190.24	-75.3518
190.32	-75.3205
190.4	-75.2267
190.48	-75.3205
190.56	-75.1642
190.64	-75.1955
190.72	-75.1955
190.8	-75.1955
190.88	-75.258
190.96	-75.1642
191.04	-75.3205
191.12	-75.383
191.2	-75.3205
191.28	-75.383
191.36	-75.3518
191.44	-75.3518
191.52	-75.3205
191.6	-75.3205
191.68	-75.3518
191.76	-75.258
191.84	-75.258
191.92	-75.258
192	-75.383
192.08	-75.1955
192.16	-75.258
192.24	-75.258
192.32	-75.2267
192.4	-75.258
192.48	-75.3518
192.56	-75.258
192.64	-75.2267
192.72	-75.1642
192.8	-75.258
192.88	-75.383
192.96	-75.1642
193.04	-75.258
193.12	-75.1642
193.2	-75.258
193.28	-75.2267
193.36	-75.3205
193.44	-75.3518
193.52	-75.3205
193.6	-75.3205
193.68	-75.4142
193.76	-75.3518
193.84	-75.3518
193.92	-75.2267
194	-75.3518
194.08	-75.383
194.16	-75.258
194.24	-75.3518
194.32	-75.2267
194.4	-75.3518
194.48	-75.3205
194.56	-75.3205
194.64	-75.3518
194.72	-75.3205
194.8	-75.383
194.88	-75.3205
194.96	-75.3518
195.04	-75.383
195.12	-75.3518
195.2	-75.3518
195.28	-75.3205
195.36	-75.3205
195.44	-75.3205
195.52	-75.2267
195.6	-75.2267
195.68	-75.1955
195.76	-75.3518
195.84	-75.3518
195.92	-75.383
196	-75.3518
196.08	-75.4142
196.16	-75.2267
196.24	-75.3205
196.32	-75.3518
196.4	-75.2267
196.48	-75.258
196.56	-75.383
196.64	-75.2267
196.72	-75.2267
196.8	-75.2267
196.88	-75.383
196.96	-75.383
197.04	-75.4142
197.12	-75.4142
197.2	-75.383
197.28	-75.4142
197.36	-75.3518
197.44	-75.3518
197.52	-75.3518
197.6	-75.258
197.68	-75.4142
197.76	-75.4767
197.84	-75.258
197.92	-75.383
198	-75.383
198.08	-75.3518
198.16	-75.3518
198.24	-75.383
198.32	-75.2267
198.4	-75.3518
198.48	-75.258
198.56	-75.3518
198.64	-75.1955
198.72	-75.1642
198.8	-75.258
198.88	-75.3518
198.96	-75.3518
199.04	-75.383
199.12	-75.3205
199.2	-75.3205
199.28	-75.3205
199.36	-75.4455
199.44	-75.383
199.52	-75.2267
199.6	-75.1955
199.68	-75.258
199.76	-75.3518
199.84	-75.4142
199.92	-75.383
200	-75.4455
200.08	-75.3518
200.16	-75.258
200.24	-75.383
200.32	-75.4142
200.4	-75.4142
200.48	-75.3205
200.56	-75.3205
200.64	-75.4142
200.72	-75.383
200.8	-75.383
200.88	-75.383
200.96	-75.3205
201.04	-75.3518
201.12	-75.3205
201.2	-75.3205
201.28	-75.258
201.36	-75.3205
201.44	-75.2267
201.52	-75.3518
201.6	-75.2267
201.68	-75.3518
201.76	-75.258
201.84	-75.3518
201.92	-75.3518
202	-75.3518
202.08	-75.3205
202.16	-75.3518
202.24	-75.3518
202.32	-75.258
202.4	-75.258
202.48	-75.1955
202.56	-75.2267
202.64	-75.2267
202.72	-75.2267
202.8	-75.3205
202.88	-75.3205
202.96	-75.2267
203.04	-75.133
203.12	-75.1955
203.2	-75.258
203.28	-75.1642
203.36	-75.3205
203.44	-75.383
203.52	-75.3205
203.6	-75.3205
203.68	-75.2267
203.76	-75.2267
203.84	-75.3518
203.92	-75.258
204	-75.1955
204.08	-75.2267
204.16	-75.258
204.24	-75.2267
204.32	-75.1955
204.4	-75.1955
204.48	-75.3205
204.56	-75.383
204.64	-75.383
204.72	-75.2267
204.8	-75.258
204.88	-75.2267
204.96	-75.4142
205.04	-75.3205
205.12	-75.258
205.2	-75.3205
205.28	-75.258
205.36	-75.3205
205.44	-75.1642
205.52	-75.1955
205.6	-75.2267
205.68	-75.1642
205.76	-75.2267
205.84	-75.3205
205.92	-75.1955
206	-75.3518
206.08	-75.258
206.16	-75.3518
206.24	-75.2267
206.32	-75.4142
206.4	-75.383
206.48	-75.3205
206.56	-75.3518
206.64	-75.383
206.72	-75.3205
206.8	-75.4142
206.88	-75.3205
206.96	-75.3518
207.04	-75.3205
207.12	-75.258
207.2	-75.3518
207.28	-75.383
207.36	-75.258
207.44	-75.3518
207.52	-75.258
207.6	-75.2267
207.68	-75.1642
207.76	-75.2267
207.84	-75.2267
207.92	-75.3518
208	-75.2267
208.08	-75.383
208.16	-75.3518
208.24	-75.2267
208.32	-75.1955
208.4	-75.258
208.48	-75.2267
208.56	-75.1955
208.64	-75.3205
208.72	-75.258
208.8	-75.2267
208.88	-75.1642
208.96	-75.2267
209.04	-75.1955
209.12	-75.258
209.2	-75.258
209.28	-75.3205
209.36	-75.3518
209.44	-75.2267
209.52	-75.1642
209.6	-75.1955
209.68	-75.1642
209.76	-75.258
209.84	-75.2267
209.92	-75.1955
210	-75.2267
210.08	-75.3518
210.16	-75.3205
210.24	-75.3518
210.32	-75.1642
210.4	-75.3518
210.48	-75.258
210.56	-75.2267
210.64	-75.3518
210.72	-75.2267
210.8	-75.3205
210.88	-75.1955
210.96	-75.3518
211.04	-75.3205
211.12	-75.3518
211.2	-75.258
211.28	-75.3205
211.36	-75.258
211.44	-75.258
211.52	-75.383
211.6	-75.3205
211.68	-75.3518
211.76	-75.3205
211.84	-75.3518
211.92	-75.1955
212	-75.1642
212.08	-75.2267
212.16	-75.2267
212.24	-75.133
212.32	-75.1017
212.4	-75.133
212.48	-75.1642
212.56	-75.1642
212.64	-75.258
212.72	-75.1955
212.8	-75.1955
212.88	-75.133
212.96	-75.1642
213.04	-75.1955
213.12	-75.1955
213.2	-75.133
213.28	-75.3205
213.36	-75.2267
213.44	-75.1642
213.52	-75.133
213.6	-75.1955
213.68	-75.258
213.76	-75.383
213.84	-75.1642
213.92	-75.1017
214	-75.258
214.08	-75.1955
214.16	-75.1955
214.24	-75.3205
214.32	-75.3518
214.4	-75.3205
214.48	-75.1955
214.56	-75.3205
214.64	-75.1955
214.72	-75.1955
214.8	-75.133
214.88	-75.133
214.96	-75.2565
215.04	-75.2565
215.12	-75.2565
215.2	-75.2565
215.28	-75.2565
215.36	-75.1875
215.44	-75.1562
215.52	-75
215.6	-75
215.68	-74.875
215.76	-75
215.84	-74.875
215.92	-74.7812
216	-74.75
216.08	-74.7812
216.16	-74.6562
216.24	-74.5938
216.32	-74.5625
216.4	-74.5312
216.48	-74.5
216.56	-74.5312
216.64	-74.4375
216.72	-74.4375
216.8	-74.4687
216.88	-74.3437
216.96	-74.3125
217.04	-74.3125
217.12	-74.2813
217.2	-74.2188
217.28	-74.125
217.36	-74.3125
217.44	-74.25
217.52	-74.125
217.6	-74.0938
217.68	-74.125
217.76	-74.0312
217.84	-74.0625
217.92	-74
218	-74.0938
218.08	-74
218.16	-73.9063
218.24	-73.9063
218.32	-73.8437
218.4	-73.9063
218.48	-73.9063
218.56	-73.7813
218.64	-73.8125
218.72	-73.7813
218.8	-73.7187
218.88	-73.7187
218.96	-73.6563
219.04	-73.75
219.12	-73.7187
219.2	-73.6563
219.28	-73.5625
219.36	-73.4062
219.44	-73.4688
219.52	-73.4688
219.6	-73.5938
219.68	-73.5
219.76	-73.4375
219.84	-73.375
219.92	-73.4062
220	-73.4062
220.08	-73.4062
220.16	-73.3437
220.24	-73.2813
220.32	-73.3437
220.4	-73.2813
220.48	-73.3125
220.56	-73.3125
220.64	-73.1875
220.72	-73.2187
220.8	-73.2813
220.88	-73.2187
220.96	-73.2187
221.04	-73.125
221.12	-73.1875
221.2	-73.1563
221.28	-73.1563
221.36	-73.0937
221.44	-73.0625
221.52	-73.0625
221.6	-73.0937
221.68	-72.9375
221.76	-73.0312
221.84	-72.9062
221.92	-72.9688
222	-73.0625
222.08	-72.875
222.16	-72.8125
222.24	-72.9688
222.32	-72.8438
222.4	-72.9062
222.48	-72.8125
222.56	-72.8125
222.64	-72.7812
222.72	-72.875
222.8	-72.6875
222.88	-72.7187
222.96	-72.6875
223.04	-72.6875
223.12	-72.7187
223.2	-72.6563
223.28	-72.625
223.36	-72.5937
223.44	-72.5937
223.52	-72.625
223.6	-72.5313
223.68	-72.5313
223.76	-72.5625
223.84	-72.5313
223.92	-72.5
224	-72.5313
224.08	-72.5313
224.16	-72.4688
224.24	-72.5313
224.32	-72.4688
224.4	-72.4688
224.48	-72.375
224.56	-72.4688
224.64	-72.25
224.72	-72.4062
224.8	-72.2812
224.88	-72.2188
224.96	-72.25
225.04	-72.25
225.12	-72.25
225.2	-72.0937
225.28	-72.2188
225.36	-72.2812
225.44	-72.125
225.52	-72.125
225.6	-72.0937
225.68	-72.0937
225.76	-72.0625
225.84	-72.0625
225.92	-72.0313
226	-72.0313
226.08	-71.9687
226.16	-72
226.24	-72
226.32	-72
226.4	-72
226.48	-71.9375
226.56	-71.9375
226.64	-71.9687
226.72	-71.9375
226.8	-71.9063
226.88	-71.8438
226.96	-71.8438
227.04	-71.9063
227.12	-71.8125
227.2	-71.8438
227.28	-71.75
227.36	-71.7812
227.44	-71.875
227.52	-71.8125
227.6	-71.75
227.68	-71.7812
227.76	-71.75
227.84	-71.75
227.92	-71.6875
228	-71.7188
228.08	-71.6875
228.16	-71.6875
228.24	-71.7188
228.32	-71.7812
228.4	-71.5937
228.48	-71.5937
228.56	-71.5937
228.64	-71.5313
228.72	-71.5
228.8	-71.5313
228.88	-71.4375
228.96	-71.5
229.04	-71.4687
229.12	-71.5313
229.2	-71.5313
229.28	-71.4375
229.36	-71.4063
229.44	-71.4375
229.52	-71.4375
229.6	-71.4375
229.68	-71.2812
229.76	-71.4063
229.84	-71.4375
229.92	-71.4375
230	-71.375
230.08	-71.4063
230.16	-71.3125
230.24	-71.3125
230.32	-71.2812
230.4	-71.3125
230.48	-71.3125
230.56	-71.2188
230.64	-71.25
230.72	-71.25
230.8	-71.375
230.88	-71.1562
230.96	-71.1562
231.04	-71.2188
231.12	-71.0938
231.2	-71.0625
231.28	-71.2188
231.36	-71.1875
231.44	-71.0625
231.52	-71.0938
231.6	-71.2188
231.68	-71.1875
231.76	-71.1562
231.84	-71.0313
231.92	-71
232	-71.0625
232.08	-71.0625
232.16	-71.0625
232.24	-71.0313
232.32	-71.0313
232.4	-71.0313
232.48	-71
232.56	-71
232.64	-71.0313
232.72	-70.9063
232.8	-70.875
232.88	-70.9687
232.96	-70.9687
233.04	-71
233.12	-71.0313
233.2	-70.875
233.28	-70.9687
233.36	-70.875
233.44	-70.9063
233.52	-70.7813
233.6	-70.7188
233.68	-70.8437
233.76	-70.8437
233.84	-70.8125
233.92	-70.875
234	-70.8437
234.08	-70.7188
234.16	-70.7188
234.24	-70.8437
234.32	-70.7813
234.4	-70.75
234.48	-70.625
234.56	-70.6875
234.64	-70.75
234.72	-70.75
234.8	-70.625
234.88	-70.6875
234.96	-70.75
235.04	-70.6875
235.12	-70.6875
235.2	-70.6562
235.28	-70.5938
235.36	-70.6875
235.44	-70.6562
235.52	-70.625
235.6	-70.5625
235.68	-70.625
235.76	-70.5938
235.84	-70.5625
235.92	-70.5938
236	-70.5312
236.08	-70.5312
236.16	-70.5
236.24	-70.5
236.32	-70.5
236.4	-70.5312
236.48	-70.5
236.56	-70.4688
236.64	-70.5625
236.72	-70.5
236.8	-70.5
236.88	-70.4688
236.96	-70.5
237.04	-70.4688
237.12	-70.5312
237.2	-70.4688
237.28	-70.4063
237.36	-70.4688
237.44	-70.4063
237.52	-70.4375
237.6	-70.4063
237.68	-70.4375
237.76	-70.5
237.84	-70.4375
237.92	-70.375
238	-70.4063
238.08	-70.4375
238.16	-70.4375
238.24	-70.375
238.32	-70.3437
238.4	-70.4063
238.48	-70.3125
238.56	-70.3125
238.64	-70.3125
238.72	-70.3437
238.8	-70.3125
238.88	-70.3437
238.96	-70.2187
239.04	-70.3437
239.12	-70.2187
239.2	-70.2187
239.28	-70.3125
239.36	-70.1875
239.44	-70.125
239.52	-70.1562
239.6	-70.0625
239.68	-70.0938
239.76	-70.0938
239.84	-70.2813
239.92	-70.125
240	-70.2187
240.08	-70.1875
240.16	-70.125
240.24	-70.0938
240.32	-70.2813
240.4	-70.1875
240.48	-70.125
240.56	-70.1875
240.64	-70.0312
240.72	-70.0625
240.8	-70.0938
240.88	-70.0312
240.96	-70.0938
241.04	-70.0625
241.12	-70.0625
241.2	-70.0938
241.28	-70.0312
241.36	-70.0625
241.44	-70.0938
241.52	-70.0625
241.6	-69.9688
241.68	-69.9062
241.76	-69.9688
241.84	-69.9688
241.92	-70
242	-70
242.08	-69.9688
242.16	-69.9375
242.24	-69.9062
242.32	-69.9375
242.4	-69.9688
242.48	-69.9375
242.56	-69.9375
242.64	-69.875
242.72	-69.9688
242.8	-69.9375
242.88	-69.9375
242.96	-69.9062
243.04	-69.9375
243.12	-69.8437
243.2	-69.8125
243.28	-69.875
243.36	-69.875
243.44	-69.9375
243.52	-69.875
243.6	-69.8125
243.68	-69.7813
243.76	-69.8437
243.84	-69.9375
243.92	-69.8437
244	-69.9062
244.08	-69.875
244.16	-69.875
244.24	-69.9062
244.32	-69.875
244.4	-69.8437
244.48	-69.7813
244.56	-69.7813
244.64	-69.8125
244.72	-69.875
244.8	-69.8125
244.88	-69.7187
244.96	-69.6875
245.04	-69.6875
245.12	-69.7187
245.2	-69.75
245.28	-69.7187
245.36	-69.75
245.44	-69.7187
245.52	-69.7187
245.6	-69.7187
245.68	-69.7187
245.76	-69.625
245.84	-69.625
245.92	-69.625
246	-69.5312
246.08	-69.5937
246.16	-69.5312
246.24	-69.5937
246.32	-69.5312
246.4	-69.625
246.48	-69.625
246.56	-69.5937
246.64	-69.5937
246.72	-69.5312
246.8	-69.625
246.88	-69.5937
246.96	-69.5
247.04	-69.625
247.12	-69.625
247.2	-69.5
247.28	-69.4688
247.36	-69.5
247.44	-69.625
247.52	-69.5312
247.6	-69.5
247.68	-69.625
247.76	-69.5937
247.84	-69.5
247.92	-69.5937
248	-69.5312
248.08	-69.4688
248.16	-69.4062
248.24	-69.4062
248.32	-69.4062
248.4	-69.4062
248.48	-69.375
248.56	-69.375
248.64	-69.4062
248.72	-69.3125
248.8	-69.3125
248.88	-69.4062
248.96	-69.3125
249.04	-69.2813
249.12	-69.3438
249.2	-69.3438
249.28	-69.3125
249.36	-69.3438
249.44	-69.1563
249.52	-69.2813
249.6	-69.3125
249.68	-69.25
249.76	-69.2187
249.84	-69.1875
249.92	-69.2187
250	-69.1875
250.08	-69.2187
250.16	-69.25
250.24	-69.2187
250.32	-69.25
250.4	-69.2813
250.48	-69.1563
250.56	-69.1563
250.64	-69.1875
250.72	-69.2813
250.8	-69.1875
250.88	-69.1875
250.96	-69.0937
251.04	-69.1563
251.12	-69.1563
251.2	-69.1563
251.28	-69.1563
251.36	-69.0313
251.44	-69.125
251.52	-69.0625
251.6	-69.0937
251.68	-69.0937
251.76	-69.1563
251.84	-69.1563
251.92	-69.125
252	-69.1563
252.08	-69.125
252.16	-69.0937
252.24	-69.0937
252.32	-69.0937
252.4	-69.0625
252.48	-69.125
252.56	-69.0937
252.64	-69.0313
252.72	-69.0625
252.8	-69.0937
252.88	-69.0625
252.96	-69.0313
253.04	-69.0937
253.12	-69.0313
253.2	-69.0313
253.28	-69.0313
253.36	-68.9688
253.44	-68.9688
253.52	-69.0625
253.6	-69
253.68	-68.9688
253.76	-69
253.84	-68.9688
253.92	-69
254	-68.9688
254.08	-68.9688
254.16	-69.0937
254.24	-69
254.32	-69.0313
254.4	-69.0313
254.48	-69.0313
254.56	-69.0313
254.64	-69.0625
254.72	-68.9688
254.8	-68.9688
254.88	-68.9375
254.96	-69
255.04	-68.9062
255.12	-69
255.2	-68.9688
255.28	-69
255.36	-69.0313
255.44	-69
255.52	-69
255.6	-68.9375
255.68	-68.8438
255.76	-68.9062
255.84	-68.8438
255.92	-68.8125
256	-68.8125
256.08	-68.9062
256.16	-68.9688
256.24	-68.9062
256.32	-68.7812
256.4	-68.9062
256.48	-68.9062
256.56	-68.9062
256.64	-68.9062
256.72	-68.9375
256.8	-68.8125
256.88	-68.9375
256.96	-68.8125
257.04	-68.7812
257.12	-68.75
257.2	-68.8125
257.28	-68.9375
257.36	-68.75
257.44	-68.8125
257.52	-68.7812
257.6	-68.75
257.68	-68.7187
257.76	-68.75
257.84	-68.7812
257.92	-68.7812
258	-68.7187
258.08	-68.7812
258.16	-68.7187
258.24	-68.75
258.32	-68.7812
258.4	-68.75
258.48	-68.7187
258.56	-68.8438
258.64	-68.7812
258.72	-68.7187
258.8	-68.7187
258.88	-68.6875
258.96	-68.75
259.04	-68.6563
259.12	-68.6563
259.2	-68.6563
259.28	-68.6563
259.36	-68.6563
259.44	-68.6563
259.52	-68.6563
259.6	-68.7812
259.68	-68.75
259.76	-68.7812
259.84	-68.6875
259.92	-68.7187
260	-68.6563
260.08	-68.625
260.16	-68.75
260.24	-68.6563
260.32	-68.6875
260.4	-68.6563
260.48	-68.7187
260.56	-68.6875
260.64	-68.75
260.72	-68.75
260.8	-68.75
260.88	-68.6563
260.96	-68.75
261.04	-68.75
261.12	-68.6875
261.2	-68.6563
261.28	-68.7187
261.36	-68.6875
261.44	-68.5937
261.52	-68.625
261.6	-68.6563
261.68	-68.625
261.76	-68.6875
261.84	-68.625
261.92	-68.5625
262	-68.5937
262.08	-68.625
262.16	-68.625
262.24	-68.625
262.32	-68.625
262.4	-68.5313
262.48	-68.5625
262.56	-68.5313
262.64	-68.5937
262.72	-68.5313
262.8	-68.5937
262.88	-68.6563
262.96	-68.5313
263.04	-68.5937
263.12	-68.5937
263.2	-68.5937
263.28	-68.5313
263.36	-68.625
263.44	-68.625
263.52	-68.5625
263.6	-68.5625
263.68	-68.5313
263.76	-68.625
263.84	-68.5313
263.92	-68.5313
264	-68.5625
264.08	-68.5625
264.16	-68.5313
264.24	-68.5313
264.32	-68.5313
264.4	-68.5625
264.48	-68.5313
264.56	-68.4687
264.64	-68.5937
264.72	-68.4687
264.8	-68.5
264.88	-68.5937
264.96	-68.5625
265.04	-68.5
265.12	-68.5313
265.2	-68.5313
265.28	-68.5
265.36	-68.5
265.44	-68.4375
265.52	-68.5313
265.6	-68.5625
265.68	-68.5625
265.76	-68.5625
265.84	-68.5
265.92	-68.5313
266	-68.4687
266.08	-68.5313
266.16	-68.4375
266.24	-68.4687
266.32	-68.5
266.4	-68.4687
266.48	-68.5
266.56	-68.4687
266.64	-68.4375
266.72	-68.4375
266.8	-68.5625
266.88	-68.4375
266.96	-68.4687
267.04	-68.4687
267.12	-68.5313
267.2	-68.4687
267.28	-68.4062
267.36	-68.4687
267.44	-68.5313
267.52	-68.5
267.6	-68.4687
267.68	-68.5
267.76	-68.5
267.84	-68.4062
267.92	-68.4375
268	-68.5
268.08	-68.4375
268.16	-68.4375
268.24	-68.3125
268.32	-68.4375
268.4	-68.4375
268.48	-68.4687
268.56	-68.4375
268.64	-68.5
268.72	-68.4062
268.8	-68.4687
268.88	-68.4687
268.96	-68.375
269.04	-68.1875
269.12	-68.2812
269.2	-68.3125
269.28	-68.375
269.36	-68.2812
269.44	-68.3125
269.52	-68.375
269.6	-68.4062
269.68	-68.375
269.76	-68.375
269.84	-68.3438
269.92	-68.3125
270	-68.3125
270.08	-68.3438
270.16	-68.3438
270.24	-68.4375
270.32	-68.4687
270.4	-68.375
270.48	-68.3438
270.56	-68.375
270.64	-68.4062
270.72	-68.3125
270.8	-68.4687
270.88	-68.375
270.96	-68.3125
271.04	-68.2812
271.12	-68.3438
271.2	-68.375
271.28	-68.3438
271.36	-68.375
271.44	-68.2812
271.52	-68.3125
271.6	-68.3438
271.68	-68.4062
271.76	-68.4375
271.84	-68.25
271.92	-68.1875
272	-68.375
272.08	-68.3125
272.16	-68.25
272.24	-68.2812
272.32	-68.375
272.4	-68.3125
272.48	-68.2812
272.56	-68.1562
272.64	-68.3125
272.72	-68.3438
272.8	-68.375
272.88	-68.3125
272.96	-68.2812
273.04	-68.3438
273.12	-68.375
273.2	-68.3438
273.28	-68.4062
273.36	-68.3125
273.44	-68.2812
273.52	-68.2812
273.6	-68.3125
273.68	-68.25
273.76	-68.3438
273.84	-68.3125
273.92	-68.3125
274	-68.25
274.08	-68.3125
274.16	-68.3125
274.24	-68.25
274.32	-68.375
274.4	-68.2812
274.48	-68.25
274.56	-68.3125
274.64	-68.3125
274.72	-68.3125
274.8	-68.3125
274.88	-68.3125
274.96	-68.25
275.04	-68.1875
275.12	-68.25
275.2	-68.1875
275.28	-68.1562
275.36	-68.25
275.44	-68.25
275.52	-68.1875
275.6	-68.2812
275.68	-68.2812
275.76	-68.1875
275.84	-68.25
275.92	-68.0937
276	-68.1875
276.08	-68.25
276.16	-68.0937
276.24	-68.0937
276.32	-68.0625
276.4	-68.0937
276.48	-68.125
276.56	-68.0937
276.64	-68.0625
276.72	-68.125
276.8	-68.1875
276.88	-68.0937
276.96	-68.125
277.04	-68.1875
277.12	-68.1875
277.2	-68.2812
277.28	-68.2812
277.36	-68.2812
277.44	-68.25
277.52	-68.25
277.6	-68.1562
277.68	-68.125
277.76	-68.0937
277.84	-68.1875
277.92	-68.125
278	-68.1875
278.08	-68.125
278.16	-68.1562
278.24	-68.0937
278.32	-68.125
278.4	-68.125
278.48	-68
278.56	-68.0937
278.64	-68.0937
278.72	-68.125
278.8	-68.125
278.88	-68
278.96	-68.1562
279.04	-68.0313
279.12	-68.0937
279.2	-67.9063
279.28	-68.0625
279.36	-68.0313
279.44	-68.0313
279.52	-68
279.6	-67.9687
279.68	-68
279.76	-68
279.84	-68
279.92	-67.9375
280	-67.9687
280.08	-68
280.16	-67.9687
280.24	-68.0625
280.32	-68
280.4	-68
280.48	-67.9375
280.56	-67.9375
280.64	-67.9687
280.72	-68
280.8	-68.0313
280.88	-68
280.96	-67.9687
281.04	-68.0625
281.12	-68.0313
281.2	-68.0313
281.28	-67.9375
281.36	-67.9063
281.44	-67.9687
281.52	-67.9687
281.6	-67.9687
281.68	-67.9687
281.76	-68
281.84	-68
281.92	-68.0625
282	-67.9375
282.08	-68
282.16	-67.9687
282.24	-68.0313
282.32	-68
282.4	-68
282.48	-68.0937
282.56	-68
282.64	-68
282.72	-67.9375
282.8	-67.9687
282.88	-68.0937
282.96	-67.9063
283.04	-67.9375
283.12	-67.9375
283.2	-67.9375
283.28	-67.9063
283.36	-67.8438
283.44	-67.8438
283.52	-67.9375
283.6	-67.9375
283.68	-68
283.76	-67.9687
283.84	-68
283.92	-67.875
284	-67.8438
284.08	-67.9375
284.16	-67.9375
284.24	-67.9375
284.32	-67.875
284.4	-67.9063
284.48	-67.9375
284.56	-67.875
284.64	-67.875
284.72	-67.9063
284.8	-67.8438
284.88	-67.9375
284.96	-67.9063
285.04	-67.9063
285.12	-67.9687
285.2	-67.8438
285.28	-67.9375
285.36	-67.9375
285.44	-67.9375
285.52	-67.9063
285.6	-67.9375
285.68	-67.8125
285.76	-67.875
285.84	-67.875
285.92	-67.9063
286	-67.875
286.08	-67.9063
286.16	-67.875
286.24	-67.9375
286.32	-67.9063
286.4	-67.875
286.48	-67.8438
286.56	-67.9063
286.64	-67.9063
286.72	-67.8125
286.8	-67.8438
286.88	-67.8125
286.96	-67.875
287.04	-67.875
287.12	-67.875
287.2	-67.8438
287.28	-67.8125
287.36	-67.8125
287.44	-67.8438
287.52	-67.8125
287.6	-67.8438
287.68	-67.8438
287.76	-67.8438
287.84	-67.8438
287.92	-67.9375
288	-67.9063
288.08	-67.8438
288.16	-67.875
288.24	-67.875
288.32	-67.9063
288.4	-67.9063
288.48	-67.8438
288.56	-67.9375
288.64	-67.9063
288.72	-67.8438
288.8	-67.875
288.88	-67.875
288.96	-67.875
289.04	-67.8438
289.12	-67.75
289.2	-67.9375
289.28	-67.875
289.36	-67.8125
289.44	-67.7812
289.52	-67.8125
289.6	-67.8125
289.68	-67.8438
289.76	-67.8125
289.84	-67.8125
289.92	-67.8125
290	-67.75
290.08	-67.8125
290.16	-67.8125
290.24	-67.7812
290.32	-67.8438
290.4	-67.7812
290.48	-67.6875
290.56	-67.8438
290.64	-67.8125
290.72	-67.7188
290.8	-67.75
290.88	-67.7812
290.96	-67.8125
291.04	-67.8125
291.12	-67.8438
291.2	-67.7812
291.28	-67.8125
291.36	-67.8125
291.44	-67.7188
291.52	-67.75
291.6	-67.75
291.68	-67.7812
291.76	-67.8125
291.84	-67.75
291.92	-67.7812
292	-67.8125
292.08	-67.7812
292.16	-67.7812
292.24	-67.75
292.32	-67.8125
292.4	-67.7188
292.48	-67.8125
292.56	-67.8438
292.64	-67.75
292.72	-67.8438
292.8	-67.8125
292.88	-67.75
292.96	-67.8125
293.04	-67.8125
293.12	-67.75
293.2	-67.7812
293.28	-67.7812
293.36	-67.75
293.44	-67.7188
293.52	-67.7188
293.6	-67.7188
293.68	-67.75
293.76	-67.8125
293.84	-67.8125
293.92	-67.7812
294	-67.8438
294.08	-67.875
294.16	-67.875
294.24	-67.7812
294.32	-67.8125
294.4	-67.8438
294.48	-67.875
294.56	-67.8438
294.64	-67.8125
294.72	-67.8125
294.8	-67.8438
294.88	-67.8438
294.96	-67.6875
295.04	-67.7188
295.12	-67.75
295.2	-67.7188
295.28	-67.75
295.36	-67.75
295.44	-67.6875
295.52	-67.7188
295.6	-67.7188
295.68	-67.6875
295.76	-67.7188
295.84	-67.7188
295.92	-67.6562
296	-67.6562
296.08	-67.7188
296.16	-67.6562
296.24	-67.6875
296.32	-67.6875
296.4	-67.6875
296.48	-67.7188
296.56	-67.7188
296.64	-67.75
296.72	-67.7188
296.8	-67.7812
296.88	-67.625
296.96	-67.6875
297.04	-67.5938
297.12	-67.75
297.2	-67.6562
297.28	-67.6875
297.36	-67.6562
297.44	-67.7188
297.52	-67.7188
297.6	-67.6875
297.68	-67.6875
297.76	-67.6875
297.84	-67.5625
297.92	-67.6562
298	-67.6875
298.08	-67.7188
298.16	-67.6875
298.24	-67.5938
298.32	-67.6875
298.4	-67.6875
298.48	-67.6562
298.56	-67.7188
298.64	-67.6562
298.72	-67.625
298.8	-67.7188
298.88	-67.5938
298.96	-67.5938
299.04	-67.625
299.12	-67.625
299.2	-67.75
299.28	-67.6875
299.36	-67.5938
299.44	-67.5625
299.52	-67.6875
299.6	-67.5625
299.68	-67.625
299.76	-67.625
299.84	-67.625
299.92	-67.6562
300	-67.6875
300.08	-67.6875
300.16	-67.625
300.24	-67.625
300.32	-67.6562
300.4	-67.6875
300.48	-67.5625
300.56	-67.5938
300.64	-67.6875
300.72	-67.6875
300.8	-67.625
300.88	-67.625
300.96	-67.5938
301.04	-67.5625
301.12	-67.6562
301.2	-67.625
301.28	-67.5938
301.36	-67.5938
301.44	-67.5625
301.52	-67.625
301.6	-67.6562
301.68	-67.5938
301.76	-67.5938
301.84	-67.7188
301.92	-67.5938
302	-67.5938
302.08	-67.5625
302.16	-67.5938
302.24	-67.6875
302.32	-67.5938
302.4	-67.5938
302.48	-67.625
302.56	-67.5
302.64	-67.5
302.72	-67.5625
302.8	-67.5938
302.88	-67.5625
302.96	-67.5938
303.04	-67.625
303.12	-67.5938
303.2	-67.5625
303.28	-67.5625
303.36	-67.5625
303.44	-67.4687
303.52	-67.5938
303.6	-67.5938
303.68	-67.625
303.76	-67.5
303.84	-67.5938
303.92	-67.5938
304	-67.5938
304.08	-67.625
304.16	-67.6875
304.24	-67.625
304.32	-67.5625
304.4	-67.5938
304.48	-67.4687
304.56	-67.625
304.64	-67.625
304.72	-67.5625
304.8	-67.6875
304.88	-67.6875
304.96	-67.7188
305.04	-67.5
305.12	-67.5625
305.2	-67.6562
305.28	-67.5938
305.36	-67.6875
305.44	-67.6562
305.52	-67.625
305.6	-67.6562
305.68	-67.6562
305.76	-67.5
305.84	-67.5
305.92	-67.5938
306	-67.5938
306.08	-67.625
306.16	-67.4687
306.24	-67.4687
306.32	-67.5625
306.4	-67.5625
306.48	-67.5938
306.56	-67.5938
306.64	-67.5938
306.72	-67.5625
306.8	-67.4687
306.88	-67.5
306.96	-67.5
307.04	-67.5
307.12	-67.5625
307.2	-67.5938
307.28	-67.625
307.36	-67.5
307.44	-67.5938
307.52	-67.5625
307.6	-67.5625
307.68	-67.6562
307.76	-67.4687
307.84	-67.625
307.92	-67.5625
308	-67.4375
308.08	-67.5625
308.16	-67.5938
308.24	-67.5625
308.32	-67.4687
308.4	-67.5
308.48	-67.5
308.56	-67.5
308.64	-67.5
308.72	-67.5625
308.8	-67.5625
308.88	-67.4687
308.96	-67.5625
309.04	-67.5625
309.12	-67.4687
309.2	-67.5
309.28	-67.5
309.36	-67.5625
309.44	-67.4375
309.52	-67.5
309.6	-67.4687
309.68	-67.5625
309.76	-67.625
309.84	-67.5625
309.92	-67.5938
310	-67.5
310.08	-67.5938
310.16	-67.5
310.24	-67.5
310.32	-67.5625
310.4	-67.5625
310.48	-67.5
310.56	-67.5
310.64	-67.625
310.72	-67.7188
310.8	-67.5625
310.88	-67.5
310.96	-67.5938
311.04	-67.5625
311.12	-67.5938
311.2	-67.625
311.28	-67.5938
311.36	-67.5625
311.44	-67.6875
311.52	-67.5625
311.6	-67.4687
311.68	-67.5938
311.76	-67.4375
311.84	-67.4687
311.92	-67.5938
312	-67.5625
312.08	-67.5
312.16	-67.5938
312.24	-67.5938
312.32	-67.4063
312.4	-67.4687
312.48	-67.4375
312.56	-67.5625
312.64	-67.4687
312.72	-67.4063
312.8	-67.4375
312.88	-67.5
312.96	-67.5938
313.04	-67.4375
313.12	-67.4687
313.2	-67.5625
313.28	-67.5
313.36	-67.5625
313.44	-67.4375
313.52	-67.4375
313.6	-67.4375
313.68	-67.4687
313.76	-67.4375
313.84	-67.5
313.92	-67.4687
314	-67.4687
314.08	-67.4687
314.16	-67.5
314.24	-67.5625
314.32	-67.4375
314.4	-67.5625
314.48	-67.5625
314.56	-67.4375
314.64	-67.4375
314.72	-67.5
314.8	-67.4687
314.88	-67.4687
