3937 2
0	-68.4062
0.08	-68.375
0.16	-68.3438
0.24	-68.4687
0.32	-68.4062
0.4	-68.3438
0.48	-68.3438
0.56	-68.4062
0.64	-68.3438
0.72	-68.3438
0.8	-68.4062
0.88	-68.3125
0.96	-68.4062
1.04	-68.375
1.12	-68.3438
1.2	-68.3438
1.28	-68.3438
1.36	-68.3438
1.44	-68.4375
1.52	-68.3125
1.6	-68.375
1.68	-68.4062
1.76	-68.375
1.84	-68.375
1.92	-68.3438
2	-68.4375
2.08	-68.4062
2.16	-68.3438
2.24	-68.4062
2.32	-68.4062
2.4	-68.4687
2.48	-68.375
2.56	-68.3438
2.64	-68.3438
2.72	-68.3438
2.8	-68.3438
2.88	-68.375
2.96	-68.4062
3.04	-68.4375
3.12	-68.4062
3.2	-68.4062
3.28	-68.375
3.36	-68.3438
3.44	-68.375
3.52	-68.375
3.6	-68.4062
3.68	-68.4062
3.76	-68.3125
3.84	-68.4062
3.92	-68.4062
4	-68.5
4.08	-68.4062
4.16	-68.4375
4.24	-68.4375
4.32	-68.4687
4.4	-68.4062
4.48	-68.375
4.56	-68.4062
4.64	-68.4687
4.72	-68.4687
4.8	-68.4062
4.88	-68.4375
4.96	-68.4375
5.04	-68.375
5.12	-68.4062
5.2	-68.5313
5.28	-68.375
5.36	-68.5
5.44	-68.5
5.52	-68.4375
5.6	-68.4687
5.68	-68.5
5.76	-68.4687
5.84	-68.4687
5.92	-68.4375
6	-68.4062
6.08	-68.4687
6.16	-68.4375
6.24	-68.4375
6.32	-68.375
6.4	-68.4375
6.48	-68.4062
6.56	-68.4062
6.64	-68.375
6.72	-68.4062
6.8	-68.4375
6.88	-68.5
6.96	-68.4375
7.04	-68.4687
7.12	-68.4062
7.2	-68.3125
7.28	-68.3125
7.36	-68.4687
7.44	-68.375
7.52	-68.375
7.6	-68.3125
7.68	-68.4062
7.76	-68.4687
7.84	-68.3438
7.92	-68.25
8	-68.375
8.08	-68.375
8.16	-68.3438
8.24	-68.2812
8.32	-68.3438
8.4	-68.4062
8.48	-68.375
8.56	-68.3438
8.64	-68.3438
8.72	-68.3125
8.8	-68.3125
8.88	-68.375
8.96	-68.375
9.04	-68.2812
9.12	-68.375
9.2	-68.4375
9.28	-68.3438
9.36	-68.4375
9.44	-68.3438
9.52	-68.4062
9.6	-68.375
9.68	-68.4375
9.76	-68.375
9.84	-68.3438
9.92	-68.4062
10	-68.4062
10.08	-68.375
10.16	-68.4687
10.24	-68.4375
10.32	-68.4062
10.4	-68.4062
10.48	-68.375
10.56	-68.3438
10.64	-68.375
10.72	-68.4062
10.8	-68.4375
10.88	-68.3438
10.96	-68.375
11.04	-68.4375
11.12	-68.4062
11.2	-68.4375
11.28	-68.4375
11.36	-68.4062
11.44	-68.4375
11.52	-68.4062
11.6	-68.4687
11.68	-68.4062
11.76	-68.4687
11.84	-68.3438
11.92	-68.4375
12	-68.4062
12.08	-68.375
12.16	-68.3438
12.24	-68.4375
12.32	-68.4062
12.4	-68.375
12.48	-68.375
12.56	-68.4062
12.64	-68.375
12.72	-68.4687
12.8	-68.4687
12.88	-68.375
12.96	-68.4062
13.04	-68.4062
13.12	-68.4062
13.2	-68.4062
13.28	-68.375
13.36	-68.4375
13.44	-68.375
13.52	-68.4375
13.6	-68.4375
13.68	-68.5
13.76	-68.375
13.84	-68.4375
13.92	-68.3438
14	-68.3125
14.08	-68.375
14.16	-68.3125
14.24	-68.3438
14.32	-68.4062
14.4	-68.375
14.48	-68.4062
14.56	-68.4375
14.64	-68.4375
14.72	-68.4062
14.8	-68.4062
14.88	-68.4375
14.96	-68.401
15.04	-68.401
15.12	-68.401
15.2	-68.401
15.28	-68.401
15.36	-68.8072
15.44	-69.0885
15.52	-69.276
15.6	-69.4322
15.68	-69.5885
15.76	-69.651
15.84	-69.8385
15.92	-69.9635
16	-70.026
16.08	-70.1822
16.16	-70.3697
16.24	-70.401
16.32	-70.4635
16.4	-70.526
16.48	-70.6198
16.56	-70.7135
16.64	-70.8385
16.72	-70.8072
16.8	-70.9635
16.88	-70.9947
16.96	-71.0885
17.04	-71.1822
17.12	-71.2135
17.2	-71.2448
17.28	-71.4635
17.36	-71.4947
17.44	-71.5573
17.52	-71.6823
17.6	-71.7135
17.68	-71.8698
17.76	-71.776
17.84	-71.9635
17.92	-71.9322
18	-72.151
18.08	-72.1197
18.16	-72.1823
18.24	-72.276
18.32	-72.3385
18.4	-72.401
18.48	-72.4322
18.56	-72.4948
18.64	-72.5572
18.72	-72.526
18.8	-72.6197
18.88	-72.8697
18.96	-72.8697
19.04	-72.901
19.12	-72.9635
19.2	-73.0572
19.28	-73.151
19.36	-73.151
19.44	-73.1198
19.52	-73.2135
19.6	-73.276
19.68	-73.3697
19.76	-73.3697
19.84	-73.5572
19.92	-73.5572
20	-73.6822
20.08	-73.7135
20.16	-73.776
20.24	-73.7135
20.32	-73.8385
20.4	-73.9635
20.48	-73.9947
20.56	-74.0572
20.64	-74.0572
20.72	-74.1822
20.8	-74.2448
20.88	-74.2448
20.96	-74.3385
21.04	-74.4323
21.12	-74.4635
21.2	-74.4947
21.28	-74.651
21.36	-74.6822
21.44	-74.7135
21.52	-74.8698
21.6	-74.9635
21.68	-74.9323
21.76	-75.026
21.84	-74.9635
21.92	-75.0573
22	-75.151
22.08	-75.1822
22.16	-75.3385
22.24	-75.3385
22.32	-75.4322
22.4	-75.526
22.48	-75.526
22.56	-75.526
22.64	-75.6823
22.72	-75.6823
22.8	-75.7447
22.88	-75.7447
22.96	-75.776
23.04	-75.8072
23.12	-75.8698
23.2	-75.8698
23.28	-75.901
23.36	-75.9948
23.44	-75.9948
23.52	-75.9322
23.6	-76.0572
23.68	-75.9948
23.76	-76.2135
23.84	-76.1823
23.92	-76.1823
24	-76.2447
24.08	-76.3698
24.16	-76.401
24.24	-76.401
24.32	-76.526
24.4	-76.4948
24.48	-76.5572
24.56	-76.526
24.64	-76.526
24.72	-76.5885
24.8	-76.6823
24.88	-76.776
24.96	-76.776
25.04	-76.8697
25.12	-76.901
25.2	-76.9322
25.28	-77.0572
25.36	-77.0885
25.44	-77.1822
25.52	-77.1822
25.6	-77.151
25.68	-77.2135
25.76	-77.2135
25.84	-77.3385
25.92	-77.3385
26	-77.4323
26.08	-77.5572
26.16	-77.4323
26.24	-77.4635
26.32	-77.5885
26.4	-77.4947
26.48	-77.6198
26.56	-77.7135
26.64	-77.776
26.72	-77.776
26.8	-77.8073
26.88	-77.8385
26.96	-77.901
27.04	-77.9635
27.12	-77.901
27.2	-77.9635
27.28	-78.026
27.36	-78.1198
27.44	-78.1198
27.52	-78.1822
27.6	-78.1822
27.68	-78.276
27.76	-78.2448
27.84	-78.276
27.92	-78.3385
28	-78.3697
28.08	-78.4323
28.16	-78.4323
28.24	-78.4323
28.32	-78.4947
28.4	-78.5885
28.48	-78.6197
28.56	-78.7135
28.64	-78.651
28.72	-78.7448
28.8	-78.7448
28.88	-78.8072
28.96	-78.776
29.04	-78.8385
29.12	-78.901
29.2	-78.9947
29.28	-78.9635
29.36	-79.026
29.44	-78.9635
29.52	-78.9322
29.6	-79.026
29.68	-79.1197
29.76	-79.0885
29.84	-79.1197
29.92	-79.2135
30	-79.2135
30.08	-79.151
30.16	-79.2135
30.24	-79.3072
30.32	-79.3072
30.4	-79.4322
30.48	-79.401
30.56	-79.3698
30.64	-79.3385
30.72	-79.4948
30.8	-79.4635
30.88	-79.526
30.96	-79.4635
31.04	-79.6197
31.12	-79.5885
31.2	-79.7135
31.28	-79.5885
31.36	-79.6823
31.44	-79.7135
31.52	-79.8072
31.6	-79.776
31.68	-79.8072
31.76	-79.8698
31.84	-79.8698
31.92	-79.9635
32	-79.8698
32.08	-79.9322
32.16	-80.026
32.24	-80.0572
32.32	-80.1823
32.4	-80.151
32.48	-80.276
32.56	-80.2135
32.64	-80.276
32.72	-80.276
32.8	-80.3385
32.88	-80.3697
32.96	-80.3385
33.04	-80.3385
33.12	-80.4635
33.2	-80.401
33.28	-80.4322
33.36	-80.4948
33.44	-80.401
33.52	-80.4948
33.6	-80.5572
33.68	-80.651
33.76	-80.526
33.84	-80.526
33.92	-80.5885
34	-80.651
34.08	-80.651
34.16	-80.6198
34.24	-80.7135
34.32	-80.776
34.4	-80.8073
34.48	-80.7135
34.56	-80.776
34.64	-80.8385
34.72	-80.901
34.8	-80.8697
34.88	-80.901
34.96	-80.9635
35.04	-80.8697
35.12	-80.9948
35.2	-81.0885
35.28	-81.1198
35.36	-81.026
35.44	-81.151
35.52	-81.1822
35.6	-81.151
35.68	-81.0885
35.76	-81.1198
35.84	-81.0885
35.92	-81.2447
36	-81.1822
36.08	-81.151
36.16	-81.1822
36.24	-81.2135
36.32	-81.276
36.4	-81.276
36.48	-81.276
36.56	-81.276
36.64	-81.276
36.72	-81.401
36.8	-81.3073
36.88	-81.401
36.96	-81.3697
37.04	-81.401
37.12	-81.3385
37.2	-81.4323
37.28	-81.3697
37.36	-81.4323
37.44	-81.4635
37.52	-81.4635
37.6	-81.4947
37.68	-81.5885
37.76	-81.5572
37.84	-81.526
37.92	-81.5572
38	-81.526
38.08	-81.526
38.16	-81.651
38.24	-81.7135
38.32	-81.7135
38.4	-81.8072
38.48	-81.901
38.56	-81.8072
38.64	-81.776
38.72	-81.8385
38.8	-81.8385
38.88	-81.9323
38.96	-81.901
39.04	-81.901
39.12	-81.901
39.2	-81.8697
39.28	-81.9635
39.36	-81.9323
39.44	-81.9635
39.52	-81.9947
39.6	-81.9323
39.68	-81.9635
39.76	-81.9635
39.84	-82.0885
39.92	-82.0885
40	-82.151
40.08	-82.0885
40.16	-82.0885
40.24	-82.1197
40.32	-82.0573
40.4	-82.1822
40.48	-82.0885
40.56	-82.1822
40.64	-82.2135
40.72	-82.0885
40.8	-82.1822
40.88	-82.2135
40.96	-82.2135
41.04	-82.2448
41.12	-82.2135
41.2	-82.2135
41.28	-82.2448
41.36	-82.3385
41.44	-82.401
41.52	-82.3385
41.6	-82.4323
41.68	-82.3698
41.76	-82.3698
41.84	-82.3385
41.92	-82.3385
42	-82.401
42.08	-82.4635
42.16	-82.4323
42.24	-82.4323
42.32	-82.4323
42.4	-82.4947
42.48	-82.526
42.56	-82.526
42.64	-82.5885
42.72	-82.526
42.8	-82.526
42.88	-82.5573
42.96	-82.5573
43.04	-82.4635
43.12	-82.526
43.2	-82.4323
43.28	-82.5885
43.36	-82.6197
43.44	-82.4635
43.52	-82.5885
43.6	-82.5885
43.68	-82.5885
43.76	-82.6197
43.84	-82.5573
43.92	-82.5885
44	-82.6823
44.08	-82.7448
44.16	-82.651
44.24	-82.7448
44.32	-82.7448
44.4	-82.7135
44.48	-82.7448
44.56	-82.8072
44.64	-82.776
44.72	-82.7135
44.8	-82.651
44.88	-82.7448
44.96	-82.776
45.04	-82.776
45.12	-82.901
45.2	-82.9635
45.28	-82.8698
45.36	-82.901
45.44	-82.8072
45.52	-82.901
45.6	-82.901
45.68	-82.901
45.76	-82.776
45.84	-82.8698
45.92	-82.9635
46	-82.9322
46.08	-82.901
46.16	-82.901
46.24	-82.9635
46.32	-83.0573
46.4	-82.901
46.48	-82.9322
46.56	-82.9322
46.64	-82.9322
46.72	-82.9635
46.8	-82.9322
46.88	-82.9635
46.96	-82.9322
47.04	-83.0573
47.12	-82.9322
47.2	-82.9322
47.28	-83.0573
47.36	-82.9635
47.44	-82.9635
47.52	-83.026
47.6	-83.026
47.68	-83.0573
47.76	-83.0885
47.84	-83.0573
47.92	-83.0885
48	-83.1197
48.08	-83.0573
48.16	-83.0885
48.24	-83.151
48.32	-83.151
48.4	-83.0885
48.48	-83.0885
48.56	-83.1197
48.64	-83.1823
48.72	-83.1197
48.8	-83.1823
48.88	-83.2447
48.96	-83.151
49.04	-83.2447
49.12	-83.1823
49.2	-83.2135
49.28	-83.2447
49.36	-83.2447
49.44	-83.2135
49.52	-83.276
49.6	-83.276
49.68	-83.276
49.76	-83.2135
49.84	-83.3072
49.92	-83.276
50	-83.2447
50.08	-83.2447
50.16	-83.3072
50.24	-83.2135
50.32	-83.2447
50.4	-83.276
50.48	-83.276
50.56	-83.3385
50.64	-83.276
50.72	-83.276
50.8	-83.3698
50.88	-83.3072
50.96	-83.3072
51.04	-83.3072
51.12	-83.3698
51.2	-83.3072
51.28	-83.401
51.36	-83.3698
51.44	-83.401
51.52	-83.3385
51.6	-83.3698
51.68	-83.3385
51.76	-83.276
51.84	-83.3072
51.92	-83.3072
52	-83.3072
52.08	-83.3698
52.16	-83.401
52.24	-83.3385
52.32	-83.3385
52.4	-83.3072
52.48	-83.3385
52.56	-83.3072
52.64	-83.3698
52.72	-83.3072
52.8	-83.3698
52.88	-83.4635
52.96	-83.3698
53.04	-83.401
53.12	-83.4635
53.2	-83.401
53.28	-83.4635
53.36	-83.3385
53.44	-83.3698
53.52	-83.3385
53.6	-83.3072
53.68	-83.3698
53.76	-83.3072
53.84	-83.3698
53.92	-83.401
54	-83.4322
54.08	-83.401
54.16	-83.3385
54.24	-83.4635
54.32	-83.401
54.4	-83.3072
54.48	-83.4322
54.56	-83.4322
54.64	-83.401
54.72	-83.4635
54.8	-83.3698
54.88	-83.4635
54.96	-83.4635
55.04	-83.4635
55.12	-83.4322
55.2	-83.4948
55.28	-83.526
55.36	-83.526
55.44	-83.4948
55.52	-83.4948
55.6	-83.4948
55.68	-83.4322
55.76	-83.4322
55.84	-83.4322
55.92	-83.4635
56	-83.4948
56.08	-83.4948
56.16	-83.526
56.24	-83.4948
56.32	-83.4322
56.4	-83.526
56.48	-83.651
56.56	-83.526
56.64	-83.5572
56.72	-83.526
56.8	-83.526
56.88	-83.4948
56.96	-83.4948
57.04	-83.5572
57.12	-83.5572
57.2	-83.4635
57.28	-83.401
57.36	-83.401
57.44	-83.4322
57.52	-83.4635
57.6	-83.4322
57.68	-83.4322
57.76	-83.4635
57.84	-83.4635
57.92	-83.4948
58	-83.4322
58.08	-83.3385
58.16	-83.3072
58.24	-83.401
58.32	-83.3385
58.4	-83.401
58.48	-83.401
58.56	-83.401
58.64	-83.3698
58.72	-83.4322
58.8	-83.4322
58.88	-83.3072
58.96	-83.3698
59.04	-83.4322
59.12	-83.401
59.2	-83.3698
59.28	-83.4322
59.36	-83.3385
59.44	-83.4322
59.52	-83.3385
59.6	-83.401
59.68	-83.401
59.76	-83.401
59.84	-83.3385
59.92	-83.3385
60	-83.3698
60.08	-83.4948
60.16	-83.3698
60.24	-83.4322
60.32	-83.4635
60.4	-83.401
60.48	-83.3385
60.56	-83.4322
60.64	-83.5572
60.72	-83.3698
60.8	-83.401
60.88	-83.4635
60.96	-83.5572
61.04	-83.4948
61.12	-83.5885
61.2	-83.526
61.28	-83.526
61.36	-83.526
61.44	-83.5572
61.52	-83.6197
61.6	-83.4948
61.68	-83.401
61.76	-83.5572
61.84	-83.526
61.92	-83.5572
62	-83.4948
62.08	-83.526
62.16	-83.4635
62.24	-83.4322
62.32	-83.4322
62.4	-83.526
62.48	-83.4948
62.56	-83.5572
62.64	-83.4948
62.72	-83.5572
62.8	-83.5885
62.88	-83.6197
62.96	-83.4948
63.04	-83.526
63.12	-83.6197
63.2	-83.6197
63.28	-83.5572
63.36	-83.651
63.44	-83.5572
63.52	-83.5885
63.6	-83.5572
63.68	-83.526
63.76	-83.4635
63.84	-83.4322
63.92	-83.401
64	-83.401
64.08	-83.4322
64.16	-83.5572
64.24	-83.3698
64.32	-83.3698
64.4	-83.401
64.48	-83.3698
64.56	-83.4948
64.64	-83.401
64.72	-83.401
64.8	-83.4322
64.88	-83.4322
64.96	-83.4322
65.04	-83.526
65.12	-83.5572
65.2	-83.526
65.28	-83.401
65.36	-83.4322
65.44	-83.5572
65.52	-83.4635
65.6	-83.4948
65.68	-83.4635
65.76	-83.526
65.84	-83.4322
65.92	-83.4948
66	-83.4635
66.08	-83.4948
66.16	-83.4322
66.24	-83.4948
66.32	-83.401
66.4	-83.3385
66.48	-83.4322
66.56	-83.4322
66.64	-83.4948
66.72	-83.4948
66.8	-83.3698
66.88	-83.401
66.96	-83.526
67.04	-83.4322
67.12	-83.4635
67.2	-83.401
67.28	-83.3698
67.36	-83.2447
67.44	-83.401
67.52	-83.4322
67.6	-83.4322
67.68	-83.401
67.76	-83.401
67.84	-83.4635
67.92	-83.4635
68	-83.4322
68.08	-83.4635
68.16	-83.4635
68.24	-83.4322
68.32	-83.401
68.4	-83.401
68.48	-83.3698
68.56	-83.401
68.64	-83.401
68.72	-83.3385
68.8	-83.3385
68.88	-83.276
68.96	-83.276
69.04	-83.3072
69.12	-83.3385
69.2	-83.3698
69.28	-83.3385
69.36	-83.4322
69.44	-83.4322
69.52	-83.401
69.6	-83.401
69.68	-83.3698
69.76	-83.3698
69.84	-83.276
69.92	-83.2447
70	-83.3698
70.08	-83.401
70.16	-83.3385
70.24	-83.3698
70.32	-83.3072
70.4	-83.3698
70.48	-83.3698
70.56	-83.4948
70.64	-83.4322
70.72	-83.4635
70.8	-83.4635
70.88	-83.4635
70.96	-83.4635
71.04	-83.401
71.12	-83.3698
71.2	-83.3698
71.28	-83.4322
71.36	-83.401
71.44	-83.3698
71.52	-83.401
71.6	-83.3698
71.68	-83.4635
71.76	-83.401
71.84	-83.3385
71.92	-83.401
72	-83.3698
72.08	-83.4322
72.16	-83.3698
72.24	-83.401
72.32	-83.3698
72.4	-83.4322
72.48	-83.4322
72.56	-83.4635
72.64	-83.3698
72.72	-83.4635
72.8	-83.4635
72.88	-83.4322
72.96	-83.4948
73.04	-83.4635
73.12	-83.4635
73.2	-83.4635
73.28	-83.401
73.36	-83.401
73.44	-83.401
73.52	-83.4635
73.6	-83.4322
73.68	-83.3698
73.76	-83.401
73.84	-83.4322
73.92	-83.4322
74	-83.4322
74.08	-83.4322
74.16	-83.3385
74.24	-83.401
74.32	-83.3698
74.4	-83.3698
74.48	-83.3385
74.56	-83.3385
74.64	-83.3072
74.72	-83.3385
74.8	-83.3385
74.88	-83.3698
74.96	-83.2447
75.04	-83.3385
75.12	-83.4635
75.2	-83.3385
75.28	-83.3698
75.36	-83.3698
75.44	-83.3698
75.52	-83.3698
75.6	-83.3385
75.68	-83.3385
75.76	-83.401
75.84	-83.3698
75.92	-83.4322
76	-83.3385
76.08	-83.3698
76.16	-83.3385
76.24	-83.3698
76.32	-83.4322
76.4	-83.3698
76.48	-83.4635
76.56	-83.4322
76.64	-83.401
76.72	-83.3698
76.8	-83.4322
76.88	-83.4322
76.96	-83.4948
77.04	-83.3698
77.12	-83.401
77.2	-83.3072
77.28	-83.401
77.36	-83.3698
77.44	-83.401
77.52	-83.401
77.6	-83.3385
77.68	-83.4322
77.76	-83.3385
77.84	-83.276
77.92	-83.3072
78	-83.3072
78.08	-83.3385
78.16	-83.3385
78.24	-83.3072
78.32	-83.2135
78.4	-83.401
78.48	-83.3385
78.56	-83.3385
78.64	-83.401
78.72	-83.3385
78.8	-83.4635
78.88	-83.4322
78.96	-83.4322
79.04	-83.3698
79.12	-83.3072
79.2	-83.3698
79.28	-83.3385
79.36	-83.401
79.44	-83.3385
79.52	-83.3385
79.6	-83.3385
79.68	-83.4322
79.76	-83.3385
79.84	-83.3072
79.92	-83.3385
80	-83.276
80.08	-83.276
80.16	-83.3072
80.24	-83.2447
80.32	-83.276
80.4	-83.2447
80.48	-83.3072
80.56	-83.3385
80.64	-83.2447
80.72	-83.276
80.8	-83.3072
80.88	-83.3385
80.96	-83.3385
81.04	-83.2135
81.12	-83.3072
81.2	-83.276
81.28	-83.3385
81.36	-83.276
81.44	-83.3385
81.52	-83.3698
81.6	-83.276
81.68	-83.3072
81.76	-83.2447
81.84	-83.3072
81.92	-83.2447
82	-83.1823
82.08	-83.3385
82.16	-83.2447
82.24	-83.2135
82.32	-83.1823
82.4	-83.151
82.48	-83.151
82.56	-83.3072
82.64	-83.2135
82.72	-83.3072
82.8	-83.276
82.88	-83.3072
82.96	-83.3385
83.04	-83.2447
83.12	-83.2447
83.2	-83.2447
83.28	-83.3072
83.36	-83.276
83.44	-83.2447
83.52	-83.276
83.6	-83.2447
83.68	-83.2447
83.76	-83.276
83.84	-83.3072
83.92	-83.276
84	-83.2447
84.08	-83.2135
84.16	-83.2135
84.24	-83.276
84.32	-83.151
84.4	-83.151
84.48	-83.276
84.56	-83.151
84.64	-83.2447
84.72	-83.2447
84.8	-83.1197
84.88	-83.2135
84.96	-83.2135
85.04	-83.151
85.12	-83.151
85.2	-83.2135
85.28	-83.151
85.36	-83.1823
85.44	-83.1197
85.52	-83.2447
85.6	-83.2135
85.68	-83.276
85.76	-83.2447
85.84	-83.2135
85.92	-83.151
86	-83.2135
86.08	-83.1823
86.16	-83.1823
86.24	-83.276
86.32	-83.2447
86.4	-83.151
86.48	-83.1197
86.56	-83.151
86.64	-83.1197
86.72	-83.1823
86.8	-83.1823
86.88	-83.2135
86.96	-83.2135
87.04	-83.2447
87.12	-83.2447
87.2	-83.1823
87.28	-83.2447
87.36	-83.276
87.44	-83.3072
87.52	-83.151
87.6	-83.2447
87.68	-83.2135
87.76	-83.151
87.84	-83.2135
87.92	-83.1197
88	-83.0885
88.08	-83.1197
88.16	-83.1197
88.24	-83.0573
88.32	-83.0573
88.4	-83.0885
88.48	-83.0885
88.56	-83.151
88.64	-83.1197
88.72	-83.2135
88.8	-83.1823
88.88	-83.151
88.96	-83.1823
89.04	-83.151
89.12	-83.1197
89.2	-83.151
89.28	-83.1823
89.36	-83.2135
89.44	-83.276
89.52	-83.2447
89.6	-83.1823
89.68	-83.2447
89.76	-83.1823
89.84	-83.151
89.92	-83.2135
90	-83.2135
90.08	-83.1823
90.16	-83.1197
90.24	-83.151
90.32	-83.151
90.4	-83.151
90.48	-83.1823
90.56	-83.0885
90.64	-83.151
90.72	-83.0573
90.8	-83.2135
90.88	-83.0885
90.96	-83.0885
91.04	-83.026
91.12	-83.0885
91.2	-83.1197
91.28	-83.1197
91.36	-83.0885
91.44	-83.026
91.52	-83.0573
91.6	-83.0573
91.68	-82.9322
91.76	-83.026
91.84	-83.151
91.92	-83.1823
92	-83.0885
92.08	-83.1197
92.16	-83.0885
92.24	-83.1197
92.32	-83.1197
92.4	-83.151
92.48	-83.151
92.56	-83.0885
92.64	-83.2447
92.72	-83.0885
92.8	-83.151
92.88	-83.1197
92.96	-83.151
93.04	-83.151
93.12	-83.151
93.2	-83.1197
93.28	-83.0885
93.36	-83.151
93.44	-83.1197
93.52	-83.1197
93.6	-83.1197
93.68	-83.0573
93.76	-83.151
93.84	-83.151
93.92	-83.026
94	-83.0573
94.08	-83.151
94.16	-83.0573
94.24	-83.0885
94.32	-83.1197
94.4	-83.0885
94.48	-83.026
94.56	-83.0885
94.64	-83.0885
94.72	-83.0573
94.8	-83.1197
94.88	-82.9322
94.96	-82.9635
95.04	-83.026
95.12	-83.1197
95.2	-83.1197
95.28	-83.0885
95.36	-83.0573
95.44	-83.026
95.52	-83.0573
95.6	-83.026
95.68	-83.0573
95.76	-83.0573
95.84	-83.0573
95.92	-83.026
96	-83.026
96.08	-82.9635
96.16	-82.9322
96.24	-82.901
96.32	-82.9635
96.4	-82.8698
96.48	-82.8698
96.56	-83.026
96.64	-82.8698
96.72	-82.9322
96.8	-82.9635
96.88	-82.9322
96.96	-82.9322
97.04	-82.8385
97.12	-82.9322
97.2	-82.9322
97.28	-82.8385
97.36	-82.8385
97.44	-82.901
97.52	-82.8385
97.6	-82.8385
97.68	-82.8698
97.76	-82.8698
97.84	-82.8698
97.92	-82.776
98	-82.776
98.08	-82.9322
98.16	-82.9322
98.24	-82.901
98.32	-82.776
98.4	-82.8385
98.48	-82.9322
98.56	-82.901
98.64	-82.901
98.72	-82.8698
98.8	-82.901
98.88	-82.8698
98.96	-82.8698
99.04	-82.9322
99.12	-82.9322
99.2	-82.8385
99.28	-82.8385
99.36	-82.9322
99.44	-82.9322
99.52	-83.026
99.6	-82.901
99.68	-82.9322
99.76	-82.901
99.84	-82.9635
99.92	-82.901
100	-82.901
100.08	-82.8698
100.16	-82.8385
100.24	-82.7448
100.32	-82.8698
100.4	-82.8385
100.48	-82.9322
100.56	-82.901
100.64	-82.8698
100.72	-83.026
100.8	-82.9322
100.88	-82.9635
100.96	-82.8698
101.04	-82.8072
101.12	-82.8385
101.2	-82.901
101.28	-82.8698
101.36	-82.8385
101.44	-82.8072
101.52	-82.8072
101.6	-82.8385
101.68	-82.8072
101.76	-82.8698
101.84	-82.901
101.92	-82.8072
102	-82.901
102.08	-82.8385
102.16	-82.8698
102.24	-82.776
102.32	-82.7448
102.4	-82.776
102.48	-82.7135
102.56	-82.8385
102.64	-82.776
102.72	-82.776
102.8	-82.7135
102.88	-82.8072
102.96	-82.8072
103.04	-82.776
103.12	-82.8385
103.2	-82.776
103.28	-82.7135
103.36	-82.776
103.44	-82.8385
103.52	-82.8385
103.6	-82.7448
103.68	-82.8698
103.76	-82.7448
103.84	-82.7448
103.92	-82.7135
104	-82.8072
104.08	-82.6823
104.16	-82.8698
104.24	-82.776
104.32	-82.651
104.4	-82.6197
104.48	-82.7135
104.56	-82.776
104.64	-82.8385
104.72	-82.8385
104.8	-82.7448
104.88	-82.7135
104.96	-82.8072
105.04	-82.7135
105.12	-82.7448
105.2	-82.6823
105.28	-82.7448
105.36	-82.6823
105.44	-82.776
105.52	-82.7135
105.6	-82.7448
105.68	-82.6823
105.76	-82.7135
105.84	-82.7135
105.92	-82.8072
106	-82.776
106.08	-82.8072
106.16	-82.7135
106.24	-82.7448
106.32	-82.7448
106.4	-82.776
106.48	-82.7448
106.56	-82.7448
106.64	-82.7448
106.72	-82.6823
106.8	-82.6823
106.88	-82.8072
106.96	-82.6823
107.04	-82.6823
107.12	-82.6823
107.2	-82.6823
107.28	-82.6197
107.36	-82.6823
107.44	-82.7135
107.52	-82.7135
107.6	-82.5573
107.68	-82.7448
107.76	-82.7135
107.84	-82.6823
107.92	-82.7448
108	-82.6823
108.08	-82.7135
108.16	-82.6197
108.24	-82.5573
108.32	-82.5885
108.4	-82.6823
108.48	-82.6823
108.56	-82.6823
108.64	-82.6823
108.72	-82.651
108.8	-82.526
108.88	-82.5885
108.96	-82.6197
109.04	-82.5885
109.12	-82.651
109.2	-82.6197
109.28	-82.5573
109.36	-82.651
109.44	-82.5885
109.52	-82.5573
109.6	-82.4947
109.68	-82.6197
109.76	-82.5885
109.84	-82.526
109.92	-82.6197
110	-82.4947
110.08	-82.5573
110.16	-82.526
110.24	-82.5885
110.32	-82.5885
110.4	-82.5885
110.48	-82.526
110.56	-82.4947
110.64	-82.4635
110.72	-82.4323
110.8	-82.4947
110.88	-82.4947
110.96	-82.5885
111.04	-82.4947
111.12	-82.526
111.2	-82.5885
111.28	-82.4947
111.36	-82.5573
111.44	-82.5573
111.52	-82.526
111.6	-82.4947
111.68	-82.526
111.76	-82.5573
111.84	-82.5573
111.92	-82.5573
112	-82.6197
112.08	-82.5885
112.16	-82.4947
112.24	-82.4947
112.32	-82.4635
112.4	-82.4323
112.48	-82.5573
112.56	-82.526
112.64	-82.4947
112.72	-82.4947
112.8	-82.526
112.88	-82.5573
112.96	-82.4947
113.04	-82.5573
113.12	-82.4947
113.2	-82.4323
113.28	-82.4635
113.36	-82.4635
113.44	-82.4947
113.52	-82.5573
113.6	-82.526
113.68	-82.4635
113.76	-82.4635
113.84	-82.526
113.92	-82.4635
114	-82.4635
114.08	-82.4323
114.16	-82.4947
114.24	-82.4947
114.32	-82.5573
114.4	-82.5573
114.48	-82.5573
114.56	-82.4947
114.64	-82.4635
114.72	-82.526
114.8	-82.526
114.88	-82.4947
114.96	-82.4635
115.04	-82.4947
115.12	-82.526
115.2	-82.5885
115.28	-82.5573
115.36	-82.5885
115.44	-82.4947
115.52	-82.5573
115.6	-82.5573
115.68	-82.5573
115.76	-82.5885
115.84	-82.6823
115.92	-82.5573
116	-82.6197
116.08	-82.5573
116.16	-82.5885
116.24	-82.526
116.32	-82.526
116.4	-82.4947
116.48	-82.4947
116.56	-82.526
116.64	-82.4947
116.72	-82.4635
116.8	-82.526
116.88	-82.526
116.96	-82.4947
117.04	-82.4947
117.12	-82.526
117.2	-82.5573
117.28	-82.5885
117.36	-82.4323
117.44	-82.4635
117.52	-82.4947
117.6	-82.401
117.68	-82.4323
117.76	-82.4323
117.84	-82.5573
117.92	-82.526
118	-82.526
118.08	-82.526
118.16	-82.4323
118.24	-82.401
118.32	-82.4947
118.4	-82.4635
118.48	-82.4635
118.56	-82.3698
118.64	-82.276
118.72	-82.4323
118.8	-82.401
118.88	-82.526
118.96	-82.4947
119.04	-82.4323
119.12	-82.4947
119.2	-82.4323
119.28	-82.4635
119.36	-82.401
119.44	-82.526
119.52	-82.4323
119.6	-82.4635
119.68	-82.401
119.76	-82.401
119.84	-82.4947
119.92	-82.4947
120	-82.4323
120.08	-82.5573
120.16	-82.526
120.24	-82.4323
120.32	-82.4947
120.4	-82.4323
120.48	-82.3698
120.56	-82.4635
120.64	-82.4947
120.72	-82.526
120.8	-82.4947
120.88	-82.4635
120.96	-82.4947
121.04	-82.5885
121.12	-82.4947
121.2	-82.4947
121.28	-82.401
121.36	-82.4947
121.44	-82.4635
121.52	-82.5573
121.6	-82.4635
121.68	-82.4947
121.76	-82.526
121.84	-82.4323
121.92	-82.4635
122	-82.526
122.08	-82.526
122.16	-82.4635
122.24	-82.4947
122.32	-82.4635
122.4	-82.4635
122.48	-82.4635
122.56	-82.4947
122.64	-82.4635
122.72	-82.4947
122.8	-82.526
122.88	-82.5885
122.96	-82.4323
123.04	-82.4323
123.12	-82.3698
123.2	-82.3698
123.28	-82.4635
123.36	-82.3698
123.44	-82.4947
123.52	-82.4323
123.6	-82.3698
123.68	-82.3698
123.76	-82.401
123.84	-82.3698
123.92	-82.4323
124	-82.401
124.08	-82.4323
124.16	-82.401
124.24	-82.3698
124.32	-82.3698
124.4	-82.4323
124.48	-82.3698
124.56	-82.4323
124.64	-82.401
124.72	-82.401
124.8	-82.4635
124.88	-82.3698
124.96	-82.401
125.04	-82.3698
125.12	-82.3698
125.2	-82.401
125.28	-82.401
125.36	-82.401
125.44	-82.4323
125.52	-82.3698
125.6	-82.4635
125.68	-82.401
125.76	-82.526
125.84	-82.4947
125.92	-82.4947
126	-82.401
126.08	-82.4323
126.16	-82.4635
126.24	-82.401
126.32	-82.4947
126.4	-82.4947
126.48	-82.4323
126.56	-82.4635
126.64	-82.4635
126.72	-82.3698
126.8	-82.3698
126.88	-82.4635
126.96	-82.3698
127.04	-82.4635
127.12	-82.4323
127.2	-82.3385
127.28	-82.3385
127.36	-82.3698
127.44	-82.3698
127.52	-82.401
127.6	-82.3385
127.68	-82.401
127.76	-82.401
127.84	-82.4323
127.92	-82.4947
128	-82.401
128.08	-82.4323
128.16	-82.4635
128.24	-82.3698
128.32	-82.4323
128.4	-82.4323
128.48	-82.3698
128.56	-82.4323
128.64	-82.3698
128.72	-82.401
128.8	-82.3698
128.88	-82.3698
128.96	-82.3698
129.04	-82.4323
129.12	-82.4635
129.2	-82.401
129.28	-82.4947
129.36	-82.4323
129.44	-82.4635
129.52	-82.4635
129.6	-82.401
129.68	-82.401
129.76	-82.4947
129.84	-82.3698
129.92	-82.4323
130	-82.4323
130.08	-82.4323
130.16	-82.401
130.24	-82.401
130.32	-82.3385
130.4	-82.401
130.48	-82.276
130.56	-82.2448
130.64	-82.276
130.72	-82.3698
130.8	-82.2448
130.88	-82.2448
130.96	-82.276
131.04	-82.276
131.12	-82.3385
131.2	-82.401
131.28	-82.3698
131.36	-82.2448
131.44	-82.3385
131.52	-82.3698
131.6	-82.3698
131.68	-82.3698
131.76	-82.4323
131.84	-82.401
131.92	-82.3698
132	-82.3698
132.08	-82.4635
132.16	-82.401
132.24	-82.401
132.32	-82.4635
132.4	-82.4323
132.48	-82.4323
132.56	-82.4947
132.64	-82.526
132.72	-82.4947
132.8	-82.4323
132.88	-82.401
132.96	-82.3698
133.04	-82.4947
133.12	-82.401
133.2	-82.3385
133.28	-82.401
133.36	-82.4323
133.44	-82.3698
133.52	-82.4323
133.6	-82.401
133.68	-82.3385
133.76	-82.401
133.84	-82.276
133.92	-82.3698
134	-82.3698
134.08	-82.2448
134.16	-82.4635
134.24	-82.3385
134.32	-82.276
134.4	-82.3698
134.48	-82.401
134.56	-82.3698
134.64	-82.3698
134.72	-82.3385
134.8	-82.2135
134.88	-82.276
134.96	-82.4635
135.04	-82.3698
135.12	-82.3385
135.2	-82.401
135.28	-82.276
135.36	-82.3698
135.44	-82.276
135.52	-82.3698
135.6	-82.3385
135.68	-82.276
135.76	-82.3385
135.84	-82.276
135.92	-82.2448
136	-82.3698
136.08	-82.3385
136.16	-82.276
136.24	-82.3698
136.32	-82.3385
136.4	-82.276
136.48	-82.2135
136.56	-82.2135
136.64	-82.2448
136.72	-82.2135
136.8	-82.2135
136.88	-82.2448
136.96	-82.3385
137.04	-82.2448
137.12	-82.276
137.2	-82.2448
137.28	-82.2448
137.36	-82.1822
137.44	-82.276
137.52	-82.3385
137.6	-82.2135
137.68	-82.3385
137.76	-82.2135
137.84	-82.2135
137.92	-82.2135
138	-82.2448
138.08	-82.276
138.16	-82.276
138.24	-82.1822
138.32	-82.1822
138.4	-82.2448
138.48	-82.401
138.56	-82.2448
138.64	-82.276
138.72	-82.276
138.8	-82.276
138.88	-82.3698
138.96	-82.276
139.04	-82.3385
139.12	-82.1822
139.2	-82.1822
139.28	-82.3385
139.36	-82.2448
139.44	-82.276
139.52	-82.2448
139.6	-82.2448
139.68	-82.276
139.76	-82.2448
139.84	-82.401
139.92	-82.3385
140	-82.3385
140.08	-82.3385
140.16	-82.2135
140.24	-82.2448
140.32	-82.1822
140.4	-82.1822
140.48	-82.1822
140.56	-82.1197
140.64	-82.2448
140.72	-82.2135
140.8	-82.2448
140.88	-82.151
140.96	-82.151
141.04	-82.0885
141.12	-82.2135
141.2	-82.0885
141.28	-82.1822
141.36	-82.1822
141.44	-82.026
141.52	-82.0573
141.6	-82.2448
141.68	-82.151
141.76	-82.151
141.84	-82.0885
141.92	-82.0885
142	-82.0885
142.08	-82.151
142.16	-82.151
142.24	-82.151
142.32	-82.2448
142.4	-82.2448
142.48	-82.2135
142.56	-82.2135
142.64	-82.1822
142.72	-82.151
142.8	-82.276
142.88	-82.2135
142.96	-82.1822
143.04	-82.0573
143.12	-82.1822
143.2	-82.151
143.28	-82.151
143.36	-82.1822
143.44	-82.151
143.52	-82.0573
143.6	-82.151
143.68	-82.151
143.76	-82.151
143.84	-82.2135
143.92	-82.2135
144	-82.1822
144.08	-82.276
144.16	-82.2135
144.24	-82.1822
144.32	-82.1822
144.4	-82.1822
144.48	-82.1822
144.56	-82.1822
144.64	-82.151
144.72	-82.2135
144.8	-82.1822
144.88	-82.151
144.96	-82.1822
145.04	-82.0885
145.12	-82.0885
145.2	-82.151
145.28	-82.1197
145.36	-82.1197
145.44	-82.0885
145.52	-82.0573
145.6	-81.9635
145.68	-82.0885
145.76	-82.0573
145.84	-82.0573
145.92	-82.1197
146	-82.026
146.08	-82.0573
146.16	-82.1197
146.24	-82.1197
146.32	-82.1822
146.4	-82.151
146.48	-82.1822
146.56	-82.2135
146.64	-82.0885
146.72	-82.1197
146.8	-82.1197
146.88	-82.1822
146.96	-82.151
147.04	-82.1197
147.12	-82.0573
147.2	-82.2135
147.28	-82.026
147.36	-82.026
147.44	-82.026
147.52	-81.9323
147.6	-82.026
147.68	-82.026
147.76	-82.0885
147.84	-82.0573
147.92	-82.026
148	-82.0573
148.08	-82.0573
148.16	-82.0885
148.24	-82.151
148.32	-82.151
148.4	-82.0885
148.48	-82.0885
148.56	-82.1197
148.64	-82.0885
148.72	-82.151
148.8	-82.151
148.88	-82.026
148.96	-82.151
149.04	-82.1197
149.12	-82.2135
149.2	-82.151
149.28	-82.0885
149.36	-82.0885
149.44	-82.0885
149.52	-82.026
149.6	-82.1822
149.68	-82.2135
149.76	-82.1197
149.84	-82.151
149.92	-82.1822
150	-82.0573
150.08	-82.1822
150.16	-82.2448
150.24	-82.2135
150.32	-82.151
150.4	-82.0573
150.48	-82.1822
150.56	-82.1822
150.64	-82.1822
150.72	-82.151
150.8	-82.1822
150.88	-82.151
150.96	-82.2448
151.04	-82.1822
151.12	-82.2135
151.2	-82.1822
151.28	-82.0885
151.36	-82.151
151.44	-82.1822
151.52	-82.1197
151.6	-82.0885
151.68	-81.9947
151.76	-82.151
151.84	-82.0885
151.92	-82.0573
152	-82.1197
152.08	-82.0885
152.16	-82.151
152.24	-82.0573
152.32	-82.0885
152.4	-82.1197
152.48	-82.1197
152.56	-82.1822
152.64	-82.1197
152.72	-82.151
152.8	-82.0885
152.88	-82.0573
152.96	-82.151
153.04	-82.151
153.12	-82.151
153.2	-82.1822
153.28	-82.0885
153.36	-82.1197
153.44	-82.0573
153.52	-82.0885
153.6	-82.151
153.68	-82.151
153.76	-82.0885
153.84	-82.151
153.92	-82.0885
154	-82.026
154.08	-82.0885
154.16	-82.1197
154.24	-82.026
154.32	-82.026
154.4	-82.026
154.48	-82.1822
154.56	-82.1197
154.64	-82.1197
154.72	-82.1822
154.8	-82.1822
154.88	-82.0573
154.96	-82.0885
155.04	-82.151
155.12	-82.151
155.2	-82.1197
155.28	-82.026
155.36	-81.9947
155.44	-82.0885
155.52	-82.1197
155.6	-82.151
155.68	-82.0885
155.76	-82.1822
155.84	-82.151
155.92	-82.1197
156	-82.151
156.08	-82.0573
156.16	-82.1197
156.24	-82.0885
156.32	-82.151
156.4	-82.1822
156.48	-82.0885
156.56	-82.151
156.64	-82.0885
156.72	-82.0885
156.8	-82.0885
156.88	-82.0885
156.96	-82.026
157.04	-82.0885
157.12	-82.151
157.2	-82.1197
157.28	-82.0573
157.36	-82.0885
157.44	-82.1197
157.52	-82.026
157.6	-81.9635
157.68	-82.0573
157.76	-82.026
157.84	-81.9323
157.92	-81.901
158	-82.0573
158.08	-82.0573
158.16	-82.0573
158.24	-82.026
158.32	-82.151
158.4	-82.026
158.48	-82.0573
158.56	-82.0885
158.64	-82.151
158.72	-82.026
158.8	-82.0573
158.88	-82.1197
158.96	-82.151
159.04	-82.0573
159.12	-82.026
159.2	-81.9947
159.28	-81.9323
159.36	-81.9635
159.44	-82.026
159.52	-82.1197
159.6	-82.0885
159.68	-82.0885
159.76	-81.9947
159.84	-82.0573
159.92	-81.9947
160	-82.026
160.08	-82.1197
160.16	-82.0573
160.24	-82.026
160.32	-82.0573
160.4	-82.026
160.48	-81.9947
160.56	-82.0573
160.64	-82.026
160.72	-82.0573
160.8	-82.0885
160.88	-82.026
160.96	-82.026
161.04	-82.026
161.12	-81.9635
161.2	-82.0885
161.28	-82.0885
161.36	-82.1197
161.44	-82.026
161.52	-82.0885
161.6	-82.0885
161.68	-82.026
161.76	-82.026
161.84	-81.9947
161.92	-81.9947
162	-82.0573
162.08	-82.0885
162.16	-81.901
162.24	-81.9947
162.32	-82.0573
162.4	-81.9635
162.48	-82.0885
162.56	-82.0573
162.64	-82.1197
162.72	-82.026
162.8	-81.9947
162.88	-81.9947
162.96	-81.9947
163.04	-81.9323
163.12	-81.9635
163.2	-81.9635
163.28	-82.0885
163.36	-82.0885
163.44	-82.0573
163.52	-81.9635
163.6	-82.0885
163.68	-82.026
163.76	-82.0573
163.84	-82.026
163.92	-81.9947
164	-82.026
164.08	-81.9947
164.16	-81.9635
164.24	-82.026
164.32	-81.8697
164.4	-81.9947
164.48	-81.9947
164.56	-81.9635
164.64	-81.9323
164.72	-81.9635
164.8	-81.901
164.88	-81.9635
164.96	-81.9323
165.04	-82.026
165.12	-81.9635
165.2	-81.9635
165.28	-81.9947
165.36	-82.026
165.44	-81.9947
165.52	-82.026
165.6	-82.0573
165.68	-81.9947
165.76	-82.0885
165.84	-81.901
165.92	-82.026
166	-82.0573
166.08	-82.0885
166.16	-82.1197
166.24	-82.0885
166.32	-82.0885
166.4	-82.0885
166.48	-82.0573
166.56	-82.0573
166.64	-82.0885
166.72	-82.026
166.8	-82.0573
166.88	-82.026
166.96	-82.026
167.04	-82.0885
167.12	-82.026
167.2	-82.0573
167.28	-81.9947
167.36	-82.0573
167.44	-82.0573
167.52	-81.9635
167.6	-82.0573
167.68	-81.9635
167.76	-82.0573
167.84	-82.0573
167.92	-81.9635
168	-81.9635
168.08	-81.9635
168.16	-82.026
168.24	-82.0885
168.32	-82.0573
168.4	-81.9635
168.48	-82.0573
168.56	-82.026
168.64	-82.026
168.72	-81.9323
168.8	-81.9323
168.88	-81.9323
168.96	-82.0573
169.04	-82.026
169.12	-81.901
169.2	-81.9947
169.28	-82.0573
169.36	-81.9947
169.44	-82.026
169.52	-81.901
169.6	-81.9635
169.68	-81.9635
169.76	-81.9947
169.84	-81.9635
169.92	-81.901
170	-81.9635
170.08	-82.0885
170.16	-82.026
170.24	-81.9947
170.32	-81.9635
170.4	-82.0885
170.48	-82.026
170.56	-81.9947
170.64	-81.9635
170.72	-81.9635
170.8	-82.026
170.88	-81.9323
170.96	-81.901
171.04	-82.0573
171.12	-81.9323
171.2	-81.9635
171.28	-81.8697
171.36	-81.901
171.44	-81.8385
171.52	-81.9635
171.6	-81.8697
171.68	-81.9947
171.76	-81.8385
171.84	-81.9323
171.92	-81.8697
172	-81.8385
172.08	-81.901
172.16	-81.901
172.24	-81.901
172.32	-81.9323
172.4	-81.9635
172.48	-82.026
172.56	-82.026
172.64	-81.9947
172.72	-81.9635
172.8	-81.9323
172.88	-81.9323
172.96	-81.9323
173.04	-81.9323
173.12	-81.9947
173.2	-81.9635
173.28	-81.9635
173.36	-81.8385
173.44	-81.9323
173.52	-81.901
173.6	-81.8385
173.68	-81.8697
173.76	-81.8072
173.84	-81.8697
173.92	-81.8072
174	-81.8697
174.08	-81.9323
174.16	-81.8697
174.24	-81.8697
174.32	-81.8385
174.4	-81.901
174.48	-81.8697
174.56	-81.901
174.64	-81.776
174.72	-81.8697
174.8	-81.9323
174.88	-81.8697
174.96	-81.8385
175.04	-81.8697
175.12	-81.901
175.2	-81.901
175.28	-81.901
175.36	-81.9323
175.44	-81.9635
175.52	-81.9635
175.6	-81.901
175.68	-81.901
175.76	-81.8385
175.84	-81.8072
175.92	-81.8385
176	-81.8697
176.08	-81.9323
176.16	-81.8697
176.24	-81.901
176.32	-81.8385
176.4	-81.901
176.48	-81.8385
176.56	-81.776
176.64	-81.901
176.72	-81.8697
176.8	-81.8385
176.88	-81.8697
176.96	-81.901
177.04	-81.901
177.12	-81.8697
177.2	-81.901
177.28	-81.8072
177.36	-81.8697
177.44	-81.8697
177.52	-81.901
177.6	-81.901
177.68	-81.9635
177.76	-81.8385
177.84	-81.8385
177.92	-81.8072
178	-81.8385
178.08	-81.8697
178.16	-81.9323
178.24	-81.8697
178.32	-81.8697
178.4	-81.901
178.48	-81.9323
178.56	-81.8385
178.64	-81.8072
178.72	-81.8697
178.8	-81.901
178.88	-81.9323
178.96	-81.8697
179.04	-81.901
179.12	-81.9323
179.2	-81.8697
179.28	-81.8697
179.36	-81.8697
179.44	-81.8385
179.52	-81.776
179.6	-81.8385
179.68	-81.9323
179.76	-81.901
179.84	-81.8385
179.92	-81.8072
180	-81.776
180.08	-81.8072
180.16	-81.7448
180.24	-81.8697
180.32	-81.776
180.4	-81.776
180.48	-81.776
180.56	-81.7135
180.64	-81.776
180.72	-81.5885
180.8	-81.7448
180.88	-81.7448
180.96	-81.7135
181.04	-81.7448
181.12	-81.8072
181.2	-81.776
181.28	-81.7448
181.36	-81.7448
181.44	-81.776
181.52	-81.776
181.6	-81.776
181.68	-81.7135
181.76	-81.7135
181.84	-81.776
181.92	-81.7448
182	-81.776
182.08	-81.901
182.16	-81.8697
182.24	-81.901
182.32	-81.8072
182.4	-81.901
182.48	-81.8697
182.56	-81.8072
182.64	-81.8072
182.72	-81.776
182.8	-81.8385
182.88	-81.8697
182.96	-81.776
183.04	-81.8072
183.12	-81.7448
183.2	-81.776
183.28	-81.8072
183.36	-81.7448
183.44	-81.776
183.52	-81.8072
183.6	-81.776
183.68	-81.776
183.76	-81.8072
183.84	-81.7448
183.92	-81.776
184	-81.776
184.08	-81.7448
184.16	-81.7135
184.24	-81.776
184.32	-81.8072
184.4	-81.776
184.48	-81.7448
184.56	-81.8697
184.64	-81.776
184.72	-81.8072
184.8	-81.7448
184.88	-81.776
184.96	-81.8072
185.04	-81.7135
185.12	-81.8072
185.2	-81.7448
185.28	-81.7448
185.36	-81.776
185.44	-81.7448
185.52	-81.6822
185.6	-81.7135
185.68	-81.7135
185.76	-81.776
185.84	-81.776
185.92	-81.8072
186	-81.776
186.08	-81.776
186.16	-81.8072
186.24	-81.7135
186.32	-81.6822
186.4	-81.776
186.48	-81.776
186.56	-81.8072
186.64	-81.8072
186.72	-81.8072
186.8	-81.776
186.88	-81.7448
186.96	-81.6822
187.04	-81.651
187.12	-81.7135
187.2	-81.6822
187.28	-81.7448
187.36	-81.7448
187.44	-81.7135
187.52	-81.7135
187.6	-81.6822
187.68	-81.8072
187.76	-81.7448
187.84	-81.7135
187.92	-81.7448
188	-81.7135
188.08	-81.7448
188.16	-81.776
188.24	-81.8072
188.32	-81.7135
188.4	-81.8072
188.48	-81.776
188.56	-81.8385
188.64	-81.8697
188.72	-81.8072
188.8	-81.776
188.88	-81.776
188.96	-81.776
189.04	-81.776
189.12	-81.776
189.2	-81.776
189.28	-81.776
189.36	-81.6822
189.44	-81.7448
189.52	-81.8072
189.6	-81.776
189.68	-81.6822
189.76	-81.7135
189.84	-81.776
189.92	-81.7448
190	-81.5885
190.08	-81.7135
190.16	-81.7135
190.24	-81.6822
190.32	-81.5885
190.4	-81.7448
190.48	-81.7135
190.56	-81.776
190.64	-81.651
190.72	-81.651
190.8	-81.651
190.88	-81.7135
190.96	-81.526
191.04	-81.651
191.12	-81.5885
191.2	-81.7135
191.28	-81.7448
191.36	-81.4947
191.44	-81.651
191.52	-81.651
191.6	-81.7448
191.68	-81.7135
191.76	-81.651
191.84	-81.776
191.92	-81.7448
192	-81.6822
192.08	-81.7448
192.16	-81.7448
192.24	-81.7448
192.32	-81.7135
192.4	-81.7448
192.48	-81.8072
192.56	-81.6822
192.64	-81.7135
192.72	-81.7448
192.8	-81.776
192.88	-81.7135
192.96	-81.6822
193.04	-81.5572
193.12	-81.6822
193.2	-81.6822
193.28	-81.7448
193.36	-81.776
193.44	-81.776
193.52	-81.8385
193.6	-81.776
193.68	-81.7135
193.76	-81.6822
193.84	-81.6822
193.92	-81.7448
194	-81.7135
194.08	-81.7135
194.16	-81.7135
194.24	-81.651
194.32	-81.7135
194.4	-81.651
194.48	-81.7135
194.56	-81.7135
194.64	-81.651
194.72	-81.6822
194.8	-81.5572
194.88	-81.6822
194.96	-81.6822
195.04	-81.651
195.12	-81.5885
195.2	-81.776
195.28	-81.651
195.36	-81.651
195.44	-81.776
195.52	-81.651
195.6	-81.776
195.68	-81.7448
195.76	-81.6822
195.84	-81.7135
195.92	-81.651
196	-81.776
196.08	-81.7448
196.16	-81.6822
196.24	-81.7135
196.32	-81.7135
196.4	-81.5572
196.48	-81.5572
196.56	-81.6822
196.64	-81.7448
196.72	-81.6822
196.8	-81.776
196.88	-81.6822
196.96	-81.6822
197.04	-81.6822
197.12	-81.5885
197.2	-81.7135
197.28	-81.651
197.36	-81.6822
197.44	-81.526
197.52	-81.6822
197.6	-81.7135
197.68	-81.6822
197.76	-81.7135
197.84	-81.7135
197.92	-81.6822
198	-81.7448
198.08	-81.5885
198.16	-81.526
198.24	-81.5885
198.32	-81.6822
198.4	-81.651
198.48	-81.651
198.56	-81.6822
198.64	-81.5572
198.72	-81.6822
198.8	-81.7135
198.88	-81.651
198.96	-81.7448
199.04	-81.7135
199.12	-81.6822
199.2	-81.8072
199.28	-81.7448
199.36	-81.7448
199.44	-81.7448
199.52	-81.651
199.6	-81.7135
199.68	-81.7135
199.76	-81.651
199.84	-81.7135
199.92	-81.776
200	-81.7448
200.08	-81.651
200.16	-81.7448
200.24	-81.7135
200.32	-81.8385
200.4	-81.6822
200.48	-81.651
200.56	-81.6822
200.64	-81.651
200.72	-81.776
200.8	-81.8072
200.88	-81.7448
200.96	-81.7448
201.04	-81.651
201.12	-81.651
201.2	-81.776
201.28	-81.7135
201.36	-81.6822
201.44	-81.7135
201.52	-81.6822
201.6	-81.8385
201.68	-81.7448
201.76	-81.776
201.84	-81.651
201.92	-81.7448
202	-81.7448
202.08	-81.7135
202.16	-81.7448
202.24	-81.7448
202.32	-81.5885
202.4	-81.7135
202.48	-81.776
202.56	-81.7135
202.64	-81.651
202.72	-81.7135
202.8	-81.776
202.88	-81.7448
202.96	-81.7448
203.04	-81.7448
203.12	-81.7448
203.2	-81.776
203.28	-81.7448
203.36	-81.7135
203.44	-81.7135
203.52	-81.7448
203.6	-81.6822
203.68	-81.5885
203.76	-81.651
203.84	-81.6822
203.92	-81.7135
204	-81.7135
204.08	-81.776
204.16	-81.651
204.24	-81.7448
204.32	-81.7448
204.4	-81.7135
204.48	-81.776
204.56	-81.651
204.64	-81.651
204.72	-81.651
204.8	-81.7135
204.88	-81.6822
204.96	-81.5885
205.04	-81.7448
205.12	-81.651
205.2	-81.7135
205.28	-81.7448
205.36	-81.7448
205.44	-81.5885
205.52	-81.7135
205.6	-81.776
205.68	-81.7448
205.76	-81.7448
205.84	-81.7448
205.92	-81.7448
206	-81.7135
206.08	-81.7135
206.16	-81.7135
206.24	-81.7135
206.32	-81.651
206.4	-81.7135
206.48	-81.7135
206.56	-81.7448
206.64	-81.5885
206.72	-81.5572
206.8	-81.6822
206.88	-81.6822
206.96	-81.651
207.04	-81.651
207.12	-81.776
207.2	-81.651
207.28	-81.7135
207.36	-81.7448
207.44	-81.6822
207.52	-81.7448
207.6	-81.651
207.68	-81.7135
207.76	-81.6822
207.84	-81.8385
207.92	-81.8072
208	-81.7135
208.08	-81.776
208.16	-81.8072
208.24	-81.7135
208.32	-81.8385
208.4	-81.776
208.48	-81.776
208.56	-81.6822
208.64	-81.651
208.72	-81.6822
208.8	-81.7135
208.88	-81.7135
208.96	-81.7135
209.04	-81.7448
209.12	-81.7135
209.2	-81.8072
209.28	-81.7448
209.36	-81.7135
209.44	-81.776
209.52	-81.8385
209.6	-81.776
209.68	-81.7448
209.76	-81.7135
209.84	-81.651
209.92	-81.651
210	-81.7448
210.08	-81.7135
210.16	-81.7448
210.24	-81.651
210.32	-81.7135
210.4	-81.651
210.48	-81.7448
210.56	-81.5885
210.64	-81.7135
210.72	-81.6822
210.8	-81.7135
210.88	-81.7448
210.96	-81.6822
211.04	-81.7448
211.12	-81.7448
211.2	-81.7135
211.28	-81.7135
211.36	-81.5572
211.44	-81.7448
211.52	-81.776
211.6	-81.651
211.68	-81.5885
211.76	-81.7135
211.84	-81.7448
211.92	-81.7135
212	-81.6822
212.08	-81.651
212.16	-81.7135
212.24	-81.7135
212.32	-81.7448
212.4	-81.6822
212.48	-81.6822
212.56	-81.5885
212.64	-81.6822
212.72	-81.6822
212.8	-81.7448
212.88	-81.776
212.96	-81.6822
213.04	-81.7135
213.12	-81.6822
213.2	-81.651
213.28	-81.7135
213.36	-81.651
213.44	-81.7448
213.52	-81.651
213.6	-81.6822
213.68	-81.6822
213.76	-81.651
213.84	-81.776
213.92	-81.6822
214	-81.6822
214.08	-81.651
214.16	-81.651
214.24	-81.7448
214.32	-81.6822
214.4	-81.5885
214.48	-81.7135
214.56	-81.6822
214.64	-81.6822
214.72	-81.6822
214.8	-81.651
214.88	-81.651
214.96	-81.7052
215.04	-81.7052
215.12	-81.7052
215.2	-81.7052
215.28	-81.7052
215.36	-81.25
215.44	-81
215.52	-80.9375
215.6	-80.6875
215.68	-80.6563
215.76	-80.2813
215.84	-80.3125
215.92	-80.1563
216	-80.0313
216.08	-79.9375
216.16	-79.9688
216.24	-79.875
216.32	-79.6563
216.4	-79.625
216.48	-79.4375
216.56	-79.375
216.64	-79.2812
216.72	-79.25
216.8	-79.25
216.88	-79.125
216.96	-78.9687
217.04	-78.9063
217.12	-78.8438
217.2	-78.75
217.28	-78.8125
217.36	-78.5625
217.44	-78.5625
217.52	-78.5
217.6	-78.4375
217.68	-78.4063
217.76	-78.25
217.84	-78.1875
217.92	-78.1875
218	-78.0938
218.08	-78.0938
218.16	-77.9375
218.24	-77.8437
218.32	-77.8125
218.4	-77.8437
218.48	-77.7187
218.56	-77.6562
218.64	-77.6562
218.72	-77.5312
218.8	-77.4688
218.88	-77.4375
218.96	-77.375
219.04	-77.3125
219.12	-77.1563
219.2	-77.25
219.28	-77.125
219.36	-77.0625
219.44	-77.0312
219.52	-77.0625
219.6	-76.875
219.68	-76.9062
219.76	-76.9062
219.84	-76.8438
219.92	-76.6875
220	-76.6563
220.08	-76.6563
220.16	-76.5
220.24	-76.5937
220.32	-76.5
220.4	-76.4688
220.48	-76.3125
220.56	-76.3125
220.64	-76.2187
220.72	-76.25
220.8	-76.1563
220.88	-76.1563
220.96	-76.0625
221.04	-76.0625
221.12	-75.9687
221.2	-75.9687
221.28	-76
221.36	-75.9062
221.44	-75.9375
221.52	-75.875
221.6	-75.7188
221.68	-75.7812
221.76	-75.5937
221.84	-75.6563
221.92	-75.6563
222	-75.5313
222.08	-75.5625
222.16	-75.4687
222.24	-75.4063
222.32	-75.4687
222.4	-75.4063
222.48	-75.3438
222.56	-75.2812
222.64	-75.3125
222.72	-75.25
222.8	-75.125
222.88	-75.1875
222.96	-75.1875
223.04	-75.125
223.12	-75
223.2	-74.9063
223.28	-75
223.36	-74.9375
223.44	-74.9063
223.52	-74.7188
223.6	-74.7812
223.68	-74.75
223.76	-74.6875
223.84	-74.7188
223.92	-74.625
224	-74.5625
224.08	-74.5938
224.16	-74.5625
224.24	-74.5312
224.32	-74.4687
224.4	-74.3437
224.48	-74.3125
224.56	-74.3125
224.64	-74.2813
224.72	-74.25
224.8	-74.2188
224.88	-74.1875
224.96	-74.0938
225.04	-74.1562
225.12	-74.1562
225.2	-74.1875
225.28	-74.0938
225.36	-74
225.44	-74.0625
225.52	-73.9063
225.6	-73.9063
225.68	-73.875
225.76	-73.8125
225.84	-73.8437
225.92	-73.8125
226	-73.75
226.08	-73.7813
226.16	-73.7813
226.24	-73.6563
226.32	-73.7187
226.4	-73.75
226.48	-73.625
226.56	-73.5312
226.64	-73.4375
226.72	-73.5
226.8	-73.5625
226.88	-73.4688
226.96	-73.4688
227.04	-73.4688
227.12	-73.3437
227.2	-73.3437
227.28	-73.2187
227.36	-73.375
227.44	-73.3437
227.52	-73.3125
227.6	-73.2813
227.68	-73.2187
227.76	-73.1563
227.84	-73.1563
227.92	-73.1563
228	-73.0937
228.08	-73.0312
228.16	-73.0312
228.24	-72.9688
228.32	-72.9062
228.4	-72.9375
228.48	-72.9062
228.56	-72.9688
228.64	-72.8438
228.72	-72.8438
228.8	-72.75
228.88	-72.8438
228.96	-72.6875
229.04	-72.7812
229.12	-72.7187
229.2	-72.625
229.28	-72.6563
229.36	-72.5937
229.44	-72.625
229.52	-72.5937
229.6	-72.625
229.68	-72.5313
229.76	-72.5313
229.84	-72.5313
229.92	-72.5
230	-72.5
230.08	-72.5
230.16	-72.5313
230.24	-72.5
230.32	-72.2812
230.4	-72.3438
230.48	-72.3438
230.56	-72.1875
230.64	-72.1875
230.72	-72.1563
230.8	-72.125
230.88	-72.125
230.96	-72.0625
231.04	-72.0937
231.12	-72.0625
231.2	-72.0937
231.28	-72.0937
231.36	-71.9687
231.44	-72.0313
231.52	-71.9687
231.6	-71.9687
231.68	-71.9687
231.76	-71.9375
231.84	-71.9063
231.92	-71.875
232	-71.8438
232.08	-71.7812
232.16	-71.875
232.24	-71.9063
232.32	-71.8438
232.4	-71.8438
232.48	-71.8125
232.56	-71.7812
232.64	-71.7188
232.72	-71.7188
232.8	-71.7812
232.88	-71.7812
232.96	-71.6875
233.04	-71.7812
233.12	-71.6562
233.2	-71.6875
233.28	-71.5625
233.36	-71.6875
233.44	-71.5937
233.52	-71.5937
233.6	-71.5
233.68	-71.5
233.76	-71.4687
233.84	-71.4687
233.92	-71.4375
234	-71.4375
234.08	-71.5313
234.16	-71.4375
234.24	-71.375
234.32	-71.375
234.4	-71.4063
234.48	-71.2812
234.56	-71.2188
234.64	-71.2188
234.72	-71.2188
234.8	-71.25
234.88	-71.2812
234.96	-71.2188
235.04	-71.25
235.12	-71.1875
235.2	-71.2188
235.28	-71.0625
235.36	-71.1562
235.44	-71.0938
235.52	-71.0938
235.6	-71.1562
235.68	-71.1562
235.76	-71.0938
235.84	-71.0625
235.92	-71.0313
236	-71.0625
236.08	-70.9687
236.16	-71
236.24	-70.9063
236.32	-70.875
236.4	-70.9063
236.48	-70.875
236.56	-70.9687
236.64	-70.7813
236.72	-70.75
236.8	-70.8125
236.88	-70.75
236.96	-70.75
237.04	-70.8437
237.12	-70.7813
237.2	-70.75
237.28	-70.6875
237.36	-70.6875
237.44	-70.7188
237.52	-70.625
237.6	-70.625
237.68	-70.6875
237.76	-70.5625
237.84	-70.5938
237.92	-70.625
238	-70.625
238.08	-70.5938
238.16	-70.625
238.24	-70.5
238.32	-70.5625
238.4	-70.5312
238.48	-70.5312
238.56	-70.4375
238.64	-70.4688
238.72	-70.4063
238.8	-70.4688
238.88	-70.375
238.96	-70.4063
239.04	-70.4375
239.12	-70.5
239.2	-70.4063
239.28	-70.4063
239.36	-70.4375
239.44	-70.4063
239.52	-70.4375
239.6	-70.375
239.68	-70.375
239.76	-70.3437
239.84	-70.2187
239.92	-70.3437
240	-70.2813
240.08	-70.1875
240.16	-70.2187
240.24	-70.1875
240.32	-70.125
240.4	-70.125
240.48	-70.125
240.56	-70.1562
240.64	-70.0312
240.72	-70.0625
240.8	-70.0625
240.88	-69.9375
240.96	-69.9688
241.04	-69.9688
241.12	-69.9375
241.2	-69.9375
241.28	-70
241.36	-69.9688
241.44	-70.0312
241.52	-69.875
241.6	-70
241.68	-69.9062
241.76	-69.9375
241.84	-69.9375
241.92	-69.875
242	-69.9688
242.08	-69.875
242.16	-69.8437
242.24	-69.875
242.32	-69.8437
242.4	-69.8437
242.48	-69.9062
242.56	-69.6875
242.64	-69.8125
242.72	-69.8437
242.8	-69.875
242.88	-69.8125
242.96	-69.8437
243.04	-69.7813
243.12	-69.7813
243.2	-69.8437
243.28	-69.75
243.36	-69.6563
243.44	-69.5937
243.52	-69.75
243.6	-69.6563
243.68	-69.625
243.76	-69.5937
243.84	-69.625
243.92	-69.5312
244	-69.625
244.08	-69.5
244.16	-69.5312
244.24	-69.5937
244.32	-69.5937
244.4	-69.5312
244.48	-69.5
244.56	-69.5
244.64	-69.4688
244.72	-69.5312
244.8	-69.5
244.88	-69.4375
244.96	-69.5312
245.04	-69.4375
245.12	-69.3438
245.2	-69.4062
245.28	-69.3125
245.36	-69.4062
245.44	-69.4375
245.52	-69.375
245.6	-69.3438
245.68	-69.4062
245.76	-69.4062
245.84	-69.375
245.92	-69.3438
246	-69.375
246.08	-69.2813
246.16	-69.25
246.24	-69.25
246.32	-69.3438
246.4	-69.2187
246.48	-69.25
246.56	-69.1875
246.64	-69.1875
246.72	-69.1875
246.8	-69.2813
246.88	-69.2187
246.96	-69.0937
247.04	-69.1563
247.12	-69.1563
247.2	-69.125
247.28	-69.1563
247.36	-69.0937
247.44	-69.0313
247.52	-69.0625
247.6	-69.0625
247.68	-69.0625
247.76	-69.0937
247.84	-68.9688
247.92	-68.9375
248	-68.9688
248.08	-69.0937
248.16	-69.0313
248.24	-68.9375
248.32	-68.9688
248.4	-69
248.48	-68.9375
248.56	-68.9062
248.64	-68.9688
248.72	-68.9375
248.8	-68.9375
248.88	-69
248.96	-69
249.04	-69
249.12	-68.9062
249.2	-69.0313
249.28	-69
249.36	-68.9375
249.44	-68.9375
249.52	-68.9375
249.6	-68.8438
249.68	-68.75
249.76	-68.8438
249.84	-68.9062
249.92	-68.9062
250	-68.7812
250.08	-68.8438
250.16	-68.7812
250.24	-68.9062
250.32	-68.8125
250.4	-68.8125
250.48	-68.7812
250.56	-68.75
250.64	-68.75
250.72	-68.7812
250.8	-68.6875
250.88	-68.6875
250.96	-68.6875
251.04	-68.5937
251.12	-68.5937
251.2	-68.6563
251.28	-68.5937
251.36	-68.6875
251.44	-68.625
251.52	-68.5937
251.6	-68.5625
251.68	-68.5937
251.76	-68.5937
251.84	-68.5625
251.92	-68.5313
252	-68.5625
252.08	-68.4687
252.16	-68.5
252.24	-68.5937
252.32	-68.5625
252.4	-68.5
252.48	-68.5313
252.56	-68.5313
252.64	-68.5
252.72	-68.5
252.8	-68.4687
252.88	-68.4687
252.96	-68.5
253.04	-68.4062
253.12	-68.4375
253.2	-68.4062
253.28	-68.4375
253.36	-68.3438
253.44	-68.3438
253.52	-68.3438
253.6	-68.3438
253.68	-68.375
253.76	-68.3438
253.84	-68.3438
253.92	-68.3438
254	-68.3125
254.08	-68.3125
254.16	-68.3125
254.24	-68.375
254.32	-68.1875
254.4	-68.3438
254.48	-68.3438
254.56	-68.375
254.64	-68.3438
254.72	-68.3125
254.8	-68.3438
254.88	-68.1875
254.96	-68.25
255.04	-68.1562
255.12	-68.25
255.2	-68.125
255.28	-68.2812
255.36	-68.2812
255.44	-68.25
255.52	-68.25
255.6	-68.25
255.68	-68.25
255.76	-68.3438
255.84	-68.25
255.92	-68.2812
256	-68.125
256.08	-68.1562
256.16	-68.1562
256.24	-68.2812
256.32	-68.1875
256.4	-68.25
256.48	-68.1562
256.56	-68.125
256.64	-68.1562
256.72	-68.0937
256.8	-68.125
256.88	-68.0937
256.96	-68.0937
257.04	-68
257.12	-68.0313
257.2	-68.125
257.28	-68.0937
257.36	-68.0625
257.44	-68.0937
257.52	-68.0313
257.6	-67.9687
257.68	-67.9687
257.76	-68
257.84	-67.9063
257.92	-67.875
258	-67.875
258.08	-67.875
258.16	-67.9063
258.24	-67.875
258.32	-67.9063
258.4	-67.9375
258.48	-67.9063
258.56	-67.9375
258.64	-67.875
258.72	-67.9375
258.8	-67.875
258.88	-67.875
258.96	-67.875
259.04	-67.8438
259.12	-67.8125
259.2	-67.8438
259.28	-67.8125
259.36	-67.7812
259.44	-67.8125
259.52	-67.875
259.6	-67.875
259.68	-67.9063
259.76	-67.8125
259.84	-67.8438
259.92	-67.875
260	-67.8125
260.08	-67.75
260.16	-67.7812
260.24	-67.7188
260.32	-67.7188
260.4	-67.6875
260.48	-67.7188
260.56	-67.75
260.64	-67.7188
260.72	-67.8125
260.8	-67.7188
260.88	-67.7812
260.96	-67.6875
261.04	-67.7812
261.12	-67.625
261.2	-67.7188
261.28	-67.5938
261.36	-67.6562
261.44	-67.625
261.52	-67.7188
261.6	-67.6562
261.68	-67.625
261.76	-67.6562
261.84	-67.6562
261.92	-67.625
262	-67.6875
262.08	-67.6562
262.16	-67.5
262.24	-67.6562
262.32	-67.5625
262.4	-67.5938
262.48	-67.5
262.56	-67.4687
262.64	-67.5625
262.72	-67.5625
262.8	-67.4687
262.88	-67.5938
262.96	-67.5625
263.04	-67.5
263.12	-67.5625
263.2	-67.4687
263.28	-67.4375
263.36	-67.4375
263.44	-67.5625
263.52	-67.5
263.6	-67.5
263.68	-67.4375
263.76	-67.4375
263.84	-67.4063
263.92	-67.375
264	-67.4063
264.08	-67.4375
264.16	-67.4063
264.24	-67.3437
264.32	-67.4063
264.4	-67.4063
264.48	-67.3437
264.56	-67.4063
264.64	-67.4063
264.72	-67.4063
264.8	-67.3437
264.88	-67.2188
264.96	-67.3437
265.04	-67.375
265.12	-67.4063
265.2	-67.375
265.28	-67.375
265.36	-67.3125
265.44	-67.3125
265.52	-67.375
265.6	-67.3125
265.68	-67.3125
265.76	-67.3125
265.84	-67.4063
265.92	-67.3437
266	-67.3125
266.08	-67.2188
266.16	-67.2813
266.24	-67.3437
266.32	-67.3125
266.4	-67.3125
266.48	-67.2813
266.56	-67.25
266.64	-67.1875
266.72	-67.2813
266.8	-67.25
266.88	-67.1875
266.96	-67.25
267.04	-67.25
267.12	-67.25
267.2	-67.2188
267.28	-67.1875
267.36	-67.1875
267.44	-67.1562
267.52	-67.125
267.6	-67.1562
267.68	-67.2188
267.76	-67.1875
267.84	-67.1875
267.92	-67.125
268	-67.125
268.08	-67.1875
268.16	-67.1562
268.24	-67.2188
268.32	-67.1562
268.4	-67.25
268.48	-67.1562
268.56	-67.0625
268.64	-67.125
268.72	-67.125
268.8	-67.0938
268.88	-67.2188
268.96	-67.0938
269.04	-67.0938
269.12	-67.0625
269.2	-67.0938
269.28	-67.0625
269.36	-67.0312
269.44	-66.9687
269.52	-67
269.6	-67.0625
269.68	-67.0625
269.76	-67.0312
269.84	-67
269.92	-67
270	-66.9375
270.08	-66.9687
270.16	-67.0312
270.24	-67.0312
270.32	-67
270.4	-66.9375
270.48	-66.9063
270.56	-66.9687
270.64	-66.9687
270.72	-67
270.8	-66.9375
270.88	-66.9687
270.96	-66.9375
271.04	-67
271.12	-66.9063
271.2	-66.9063
271.28	-66.9063
271.36	-66.9687
271.44	-66.9063
271.52	-66.8125
271.6	-66.9687
271.68	-66.9063
271.76	-66.9063
271.84	-66.9375
271.92	-66.9375
272	-66.9063
272.08	-66.9063
272.16	-66.9375
272.24	-66.9375
272.32	-66.9063
272.4	-66.9375
272.48	-66.875
272.56	-66.9063
272.64	-66.8125
272.72	-66.7813
272.8	-66.875
272.88	-66.7813
272.96	-66.8125
273.04	-66.875
273.12	-66.875
273.2	-66.7813
273.28	-66.875
273.36	-66.875
273.44	-66.875
273.52	-66.8125
273.6	-66.7813
273.68	-66.875
273.76	-66.7813
273.84	-66.7813
273.92	-66.75
274	-66.8125
274.08	-66.875
274.16	-66.7187
274.24	-66.7187
274.32	-66.7813
274.4	-66.8125
274.48	-66.75
274.56	-66.8125
274.64	-66.6875
274.72	-66.75
274.8	-66.7813
274.88	-66.75
274.96	-66.6875
275.04	-66.6562
275.12	-66.6562
275.2	-66.6562
275.28	-66.7187
275.36	-66.6875
275.44	-66.7187
275.52	-66.6875
275.6	-66.7187
275.68	-66.7187
275.76	-66.75
275.84	-66.625
275.92	-66.7187
276	-66.625
276.08	-66.625
276.16	-66.625
276.24	-66.6875
276.32	-66.6562
276.4	-66.6875
276.48	-66.6562
276.56	-66.5
276.64	-66.5938
276.72	-66.6562
276.8	-66.5625
276.88	-66.5938
276.96	-66.5938
277.04	-66.5625
277.12	-66.5938
277.2	-66.5312
277.28	-66.5312
277.36	-66.5938
277.44	-66.625
277.52	-66.5312
277.6	-66.625
277.68	-66.5625
277.76	-66.5938
277.84	-66.625
277.92	-66.5625
278	-66.5625
278.08	-66.5625
278.16	-66.4688
278.24	-66.5312
278.32	-66.5625
278.4	-66.5312
278.48	-66.5312
278.56	-66.5625
278.64	-66.4688
278.72	-66.5312
278.8	-66.5938
278.88	-66.5312
278.96	-66.5625
279.04	-66.5
279.12	-66.4688
279.2	-66.4375
279.28	-66.5
279.36	-66.4688
279.44	-66.5
279.52	-66.5
279.6	-66.5938
279.68	-66.5312
279.76	-66.5312
279.84	-66.5312
279.92	-66.4375
280	-66.4063
280.08	-66.4375
280.16	-66.5
280.24	-66.4688
280.32	-66.4375
280.4	-66.3437
280.48	-66.4375
280.56	-66.4063
280.64	-66.375
280.72	-66.375
280.8	-66.375
280.88	-66.375
280.96	-66.375
281.04	-66.3437
281.12	-66.3437
281.2	-66.3437
281.28	-66.3125
281.36	-66.375
281.44	-66.375
281.52	-66.25
281.6	-66.3437
281.68	-66.3437
281.76	-66.375
281.84	-66.3437
281.92	-66.3125
282	-66.3125
282.08	-66.2813
282.16	-66.375
282.24	-66.3125
282.32	-66.3125
282.4	-66.3437
282.48	-66.3125
282.56	-66.2813
282.64	-66.2813
282.72	-66.2813
282.8	-66.25
282.88	-66.375
282.96	-66.2813
283.04	-66.3125
283.12	-66.2187
283.2	-66.3437
283.28	-66.3437
283.36	-66.3437
283.44	-66.2813
283.52	-66.2187
283.6	-66.2187
283.68	-66.25
283.76	-66.3437
283.84	-66.25
283.92	-66.2187
284	-66.3437
284.08	-66.25
284.16	-66.2187
284.24	-66.125
284.32	-66.1875
284.4	-66.25
284.48	-66.0938
284.56	-66.125
284.64	-66.0938
284.72	-66.1875
284.8	-66.125
284.88	-66.0938
284.96	-66.2187
285.04	-66.125
285.12	-66.0938
285.2	-66.2187
285.28	-66.1875
285.36	-66.0938
285.44	-66.1875
285.52	-66.125
285.6	-66.1875
285.68	-66.125
285.76	-66.125
285.84	-66.125
285.92	-66.0938
286	-66.0625
286.08	-66.125
286.16	-66.0312
286.24	-66.0312
286.32	-66.0312
286.4	-66.0938
286.48	-66.125
286.56	-66.125
286.64	-66.125
286.72	-66.1875
286.8	-66.0625
286.88	-66
286.96	-66.0625
287.04	-66.0312
287.12	-66
287.2	-66
287.28	-65.9062
287.36	-65.9375
287.44	-65.875
287.52	-65.9062
287.6	-65.9062
287.68	-65.9688
287.76	-65.875
287.84	-65.875
287.92	-65.9375
288	-65.8438
288.08	-65.875
288.16	-65.9062
288.24	-65.8438
288.32	-65.8438
288.4	-65.8438
288.48	-65.875
288.56	-65.9375
288.64	-65.7813
288.72	-65.8438
288.8	-65.875
288.88	-65.8438
288.96	-65.8438
289.04	-65.9688
289.12	-65.9062
289.2	-65.8125
289.28	-65.8125
289.36	-65.8438
289.44	-65.9062
289.52	-65.8438
289.6	-65.875
289.68	-65.9375
289.76	-65.9688
289.84	-65.875
289.92	-65.8438
290	-65.9375
290.08	-65.9062
290.16	-65.875
290.24	-65.875
290.32	-65.8125
290.4	-65.9062
290.48	-65.8438
290.56	-65.8125
290.64	-65.7813
290.72	-65.8125
290.8	-65.7187
290.88	-65.8438
290.96	-65.8125
291.04	-65.875
291.12	-65.8125
291.2	-65.8125
291.28	-65.8438
291.36	-65.9062
291.44	-65.8438
291.52	-65.875
291.6	-65.875
291.68	-65.875
291.76	-65.8438
291.84	-65.8438
291.92	-65.8438
292	-65.7187
292.08	-65.8125
292.16	-65.7813
292.24	-65.8125
292.32	-65.7187
292.4	-65.8125
292.48	-65.7813
292.56	-65.8125
292.64	-65.8438
292.72	-65.75
292.8	-65.7813
292.88	-65.7813
292.96	-65.8125
293.04	-65.875
293.12	-65.875
293.2	-65.8125
293.28	-65.7187
293.36	-65.875
293.44	-65.75
293.52	-65.75
293.6	-65.75
293.68	-65.6875
293.76	-65.7813
293.84	-65.8125
293.92	-65.7813
294	-65.7813
294.08	-65.7813
294.16	-65.7813
294.24	-65.75
294.32	-65.6563
294.4	-65.7187
294.48	-65.6875
294.56	-65.7187
294.64	-65.7813
294.72	-65.75
294.8	-65.8125
294.88	-65.7813
294.96	-65.75
295.04	-65.7813
295.12	-65.75
295.2	-65.7813
295.28	-65.7813
295.36	-65.7813
295.44	-65.8125
295.52	-65.7813
295.6	-65.75
295.68	-65.7813
295.76	-65.5937
295.84	-65.625
295.92	-65.6875
296	-65.75
296.08	-65.7187
296.16	-65.7813
296.24	-65.7813
296.32	-65.7187
296.4	-65.7187
296.48	-65.625
296.56	-65.6875
296.64	-65.7187
296.72	-65.6875
296.8	-65.625
296.88	-65.6563
296.96	-65.6875
297.04	-65.6563
297.12	-65.6875
297.2	-65.6875
297.28	-65.625
297.36	-65.6563
297.44	-65.6875
297.52	-65.6563
297.6	-65.5937
297.68	-65.625
297.76	-65.6563
297.84	-65.5312
297.92	-65.6563
298	-65.5937
298.08	-65.5937
298.16	-65.5937
298.24	-65.5937
298.32	-65.625
298.4	-65.6563
298.48	-65.6563
298.56	-65.6563
298.64	-65.6563
298.72	-65.7187
298.8	-65.7187
298.88	-65.625
298.96	-65.6875
299.04	-65.625
299.12	-65.6563
299.2	-65.6563
299.28	-65.6563
299.36	-65.6875
299.44	-65.7187
299.52	-65.625
299.6	-65.6875
299.68	-65.7187
299.76	-65.6875
299.84	-65.7187
299.92	-65.75
300	-65.6563
300.08	-65.6563
300.16	-65.7187
300.24	-65.625
300.32	-65.6563
300.4	-65.6875
300.48	-65.6563
300.56	-65.5937
300.64	-65.6875
300.72	-65.5937
300.8	-65.6875
300.88	-65.5937
300.96	-65.5937
301.04	-65.625
301.12	-65.5937
301.2	-65.4375
301.28	-65.5937
301.36	-65.6563
301.44	-65.625
301.52	-65.5937
301.6	-65.5312
301.68	-65.5625
301.76	-65.6563
301.84	-65.5625
301.92	-65.5312
302	-65.5
302.08	-65.5312
302.16	-65.5
302.24	-65.5
302.32	-65.5
302.4	-65.4062
302.48	-65.5312
302.56	-65.4062
302.64	-65.5
302.72	-65.5312
302.8	-65.5
302.88	-65.5625
302.96	-65.5625
303.04	-65.5625
303.12	-65.5937
303.2	-65.5312
303.28	-65.5625
303.36	-65.5937
303.44	-65.5312
303.52	-65.5625
303.6	-65.5
303.68	-65.4375
303.76	-65.5
303.84	-65.5625
303.92	-65.5
304	-65.5625
304.08	-65.5312
304.16	-65.5312
304.24	-65.5312
304.32	-65.5
304.4	-65.375
304.48	-65.5
304.56	-65.5625
304.64	-65.5
304.72	-65.5312
304.8	-65.4375
304.88	-65.5312
304.96	-65.4375
305.04	-65.625
305.12	-65.5
305.2	-65.5937
305.28	-65.4375
305.36	-65.5
305.44	-65.5
305.52	-65.5312
305.6	-65.4375
305.68	-65.5312
305.76	-65.4062
305.84	-65.5312
305.92	-65.5937
306	-65.5
306.08	-65.5312
306.16	-65.5937
306.24	-65.4375
306.32	-65.5
306.4	-65.4062
306.48	-65.5
306.56	-65.5
306.64	-65.4375
306.72	-65.4062
306.8	-65.5312
306.88	-65.4375
306.96	-65.4375
307.04	-65.4375
307.12	-65.4375
307.2	-65.4062
307.28	-65.5
307.36	-65.4062
307.44	-65.4062
307.52	-65.4375
307.6	-65.5
307.68	-65.4062
307.76	-65.375
307.84	-65.3438
307.92	-65.375
308	-65.4375
308.08	-65.375
308.16	-65.4375
308.24	-65.4375
308.32	-65.4375
308.4	-65.5
308.48	-65.4062
308.56	-65.375
308.64	-65.4062
308.72	-65.375
308.8	-65.3438
308.88	-65.4062
308.96	-65.375
309.04	-65.3438
309.12	-65.4062
309.2	-65.4062
309.28	-65.3438
309.36	-65.3438
309.44	-65.4062
309.52	-65.375
309.6	-65.3438
309.68	-65.3125
309.76	-65.3438
309.84	-65.375
309.92	-65.375
310	-65.4062
310.08	-65.375
310.16	-65.4375
310.24	-65.4062
310.32	-65.375
310.4	-65.5
310.48	-65.3125
310.56	-65.375
310.64	-65.4062
310.72	-65.375
310.8	-65.3438
310.88	-65.375
310.96	-65.5
311.04	-65.375
311.12	-65.4062
311.2	-65.2812
311.28	-65.3438
311.36	-65.3438
311.44	-65.375
311.52	-65.3438
311.6	-65.375
311.68	-65.4062
311.76	-65.4375
311.84	-65.375
311.92	-65.375
312	-65.375
312.08	-65.4062
312.16	-65.3125
312.24	-65.3125
312.32	-65.3438
312.4	-65.4062
312.48	-65.375
312.56	-65.4375
312.64	-65.3438
312.72	-65.3125
312.8	-65.4375
312.88	-65.3438
312.96	-65.2812
313.04	-65.4062
313.12	-65.4375
313.2	-65.375
313.28	-65.3125
313.36	-65.3438
313.44	-65.375
313.52	-65.4062
313.6	-65.3125
313.68	-65.2812
313.76	-65.375
313.84	-65.4062
313.92	-65.3438
314	-65.2812
314.08	-65.3125
314.16	-65.3125
314.24	-65.3125
314.32	-65.3438
314.4	-65.375
314.48	-65.375
314.56	-65.375
314.64	-65.3125
314.72	-65.3438
314.8	-65.3438
314.88	-65.2812
