3937 2
0	-68.6875
0.08	-68.5625
0.16	-68.5313
0.24	-68.625
0.32	-68.6563
0.4	-68.5937
0.48	-68.6563
0.56	-68.625
0.64	-68.5937
0.72	-68.5937
0.8	-68.7187
0.88	-68.625
0.96	-68.625
1.04	-68.5625
1.12	-68.6875
1.2	-68.5937
1.28	-68.625
1.36	-68.5937
1.44	-68.5937
1.52	-68.5937
1.6	-68.5625
1.68	-68.5313
1.76	-68.6563
1.84	-68.5937
1.92	-68.625
2	-68.6563
2.08	-68.6875
2.16	-68.6563
2.24	-68.5937
2.32	-68.5937
2.4	-68.625
2.48	-68.5937
2.56	-68.6875
2.64	-68.625
2.72	-68.625
2.8	-68.625
2.88	-68.5937
2.96	-68.6563
3.04	-68.5625
3.12	-68.625
3.2	-68.6563
3.28	-68.6563
3.36	-68.5313
3.44	-68.5625
3.52	-68.4687
3.6	-68.5313
3.68	-68.5625
3.76	-68.5
3.84	-68.5313
3.92	-68.5937
4	-68.5625
4.08	-68.625
4.16	-68.5937
4.24	-68.5625
4.32	-68.5625
4.4	-68.5937
4.48	-68.5313
4.56	-68.5625
4.64	-68.5313
4.72	-68.5313
4.8	-68.5625
4.88	-68.6563
4.96	-68.625
5.04	-68.625
5.12	-68.5625
5.2	-68.5313
5.28	-68.5625
5.36	-68.5937
5.44	-68.6563
5.52	-68.5625
5.6	-68.5313
5.68	-68.5625
5.76	-68.5937
5.84	-68.5313
5.92	-68.6563
6	-68.5
6.08	-68.5937
6.16	-68.5625
6.24	-68.5313
6.32	-68.5625
6.4	-68.5937
6.48	-68.5625
6.56	-68.5625
6.64	-68.5
6.72	-68.5313
6.8	-68.4687
6.88	-68.5
6.96	-68.5
7.04	-68.4375
7.12	-68.4687
7.2	-68.4375
7.28	-68.4687
7.36	-68.5
7.44	-68.5
7.52	-68.4687
7.6	-68.5313
7.68	-68.5625
7.76	-68.5
7.84	-68.5
7.92	-68.4687
8	-68.4687
8.08	-68.4375
8.16	-68.4687
8.24	-68.4687
8.32	-68.5
8.4	-68.5313
8.48	-68.4375
8.56	-68.5
8.64	-68.4687
8.72	-68.5
8.8	-68.5625
8.88	-68.5313
8.96	-68.625
9.04	-68.4687
9.12	-68.5313
9.2	-68.5625
9.28	-68.5
9.36	-68.5313
9.44	-68.4687
9.52	-68.4687
9.6	-68.5937
9.68	-68.5313
9.76	-68.5313
9.84	-68.5313
9.92	-68.5313
10	-68.5625
10.08	-68.4687
10.16	-68.5313
10.24	-68.5
10.32	-68.5
10.4	-68.5
10.48	-68.5
10.56	-68.5313
10.64	-68.4687
10.72	-68.5
10.8	-68.4375
10.88	-68.4687
10.96	-68.4687
11.04	-68.5313
11.12	-68.4687
11.2	-68.625
11.28	-68.4375
11.36	-68.4687
11.44	-68.5
11.52	-68.5313
11.6	-68.5313
11.68	-68.5
11.76	-68.5
11.84	-68.4687
11.92	-68.4062
12	-68.4687
12.08	-68.4687
12.16	-68.4687
12.24	-68.4687
12.32	-68.4062
12.4	-68.4687
12.48	-68.4375
12.56	-68.4375
12.64	-68.375
12.72	-68.4687
12.8	-68.375
12.88	-68.4062
12.96	-68.375
13.04	-68.3438
13.12	-68.4062
13.2	-68.375
13.28	-68.3438
13.36	-68.4062
13.44	-68.3438
13.52	-68.375
13.6	-68.4062
13.68	-68.3125
13.76	-68.3438
13.84	-68.3438
13.92	-68.375
14	-68.375
14.08	-68.375
14.16	-68.4375
14.24	-68.3125
14.32	-68.375
14.4	-68.375
14.48	-68.3125
14.56	-68.4062
14.64	-68.3438
14.72	-68.375
14.8	-68.2812
14.88	-68.3438
14.96	-68.479
15.04	-68.479
15.12	-68.479
15.2	-68.479
15.28	-68.479
15.36	-68.4477
15.44	-68.354
15.52	-68.354
15.6	-68.2915
15.68	-68.3227
15.76	-68.2915
15.84	-68.229
15.92	-68.2603
16	-68.229
16.08	-68.1665
16.16	-68.1665
16.24	-68.1665
16.32	-68.229
16.4	-68.104
16.48	-68.1665
16.56	-68.1665
16.64	-68.0415
16.72	-68.2603
16.8	-68.1352
16.88	-68.229
16.96	-68.104
17.04	-68.0727
17.12	-67.979
17.2	-67.9165
17.28	-68.0727
17.36	-67.979
17.44	-67.9478
17.52	-67.9478
17.6	-67.979
17.68	-67.8852
17.76	-67.9165
17.84	-67.854
17.92	-67.9165
18	-67.8852
18.08	-67.8852
18.16	-67.8852
18.24	-67.8227
18.32	-67.7915
18.4	-67.8227
18.48	-67.8852
18.56	-67.8227
18.64	-67.8227
18.72	-67.7915
18.8	-67.8227
18.88	-67.7915
18.96	-67.8227
19.04	-67.7602
19.12	-67.7915
19.2	-67.8227
19.28	-67.729
19.36	-67.729
19.44	-67.8227
19.52	-67.7915
19.6	-67.7602
19.68	-67.7602
19.76	-67.7915
19.84	-67.6352
19.92	-67.6665
20	-67.6352
20.08	-67.6977
20.16	-67.6352
20.24	-67.604
20.32	-67.604
20.4	-67.6977
20.48	-67.6352
20.56	-67.6665
20.64	-67.6352
20.72	-67.604
20.8	-67.6352
20.88	-67.5727
20.96	-67.5727
21.04	-67.5415
21.12	-67.5415
21.2	-67.5727
21.28	-67.5415
21.36	-67.5727
21.44	-67.4165
21.52	-67.5415
21.6	-67.5727
21.68	-67.479
21.76	-67.4165
21.84	-67.5415
21.92	-67.4478
22	-67.4478
22.08	-67.5727
22.16	-67.5415
22.24	-67.5727
22.32	-67.3852
22.4	-67.4165
22.48	-67.4478
22.56	-67.479
22.64	-67.4478
22.72	-67.4165
22.8	-67.4478
22.88	-67.5415
22.96	-67.3852
23.04	-67.5415
23.12	-67.4165
23.2	-67.4165
23.28	-67.4165
23.36	-67.3852
23.44	-67.4165
23.52	-67.4478
23.6	-67.354
23.68	-67.354
23.76	-67.4165
23.84	-67.354
23.92	-67.3852
24	-67.229
24.08	-67.3852
24.16	-67.3852
24.24	-67.354
24.32	-67.3852
24.4	-67.479
24.48	-67.4165
24.56	-67.3227
24.64	-67.354
24.72	-67.354
24.8	-67.3227
24.88	-67.4165
24.96	-67.2602
25.04	-67.2602
25.12	-67.354
25.2	-67.3227
25.28	-67.1977
25.36	-67.3227
25.44	-67.2602
25.52	-67.3227
25.6	-67.229
25.68	-67.3227
25.76	-67.229
25.84	-67.2915
25.92	-67.2915
26	-67.229
26.08	-67.229
26.16	-67.2602
26.24	-67.229
26.32	-67.229
26.4	-67.1977
26.48	-67.1665
26.56	-67.2915
26.64	-67.229
26.72	-67.2602
26.8	-67.1977
26.88	-67.1977
26.96	-67.229
27.04	-67.229
27.12	-67.229
27.2	-67.1977
27.28	-67.1353
27.36	-67.1977
27.44	-67.1665
27.52	-67.1665
27.6	-67.229
27.68	-67.1353
27.76	-67.229
27.84	-67.104
27.92	-67.0727
28	-67.1665
28.08	-67.0727
28.16	-67.0415
28.24	-67.1353
28.32	-67.1977
28.4	-67.229
28.48	-67.0727
28.56	-67.1977
28.64	-67.1353
28.72	-67.104
28.8	-67.1665
28.88	-67.1665
28.96	-67.1353
29.04	-67.104
29.12	-67.104
29.2	-67.104
29.28	-67.1353
29.36	-67.1353
29.44	-67.104
29.52	-67.1977
29.6	-67.1977
29.68	-67.1977
29.76	-67.0727
29.84	-67.1353
29.92	-67.0727
30	-67.0102
30.08	-66.979
30.16	-67.0727
30.24	-67.0415
30.32	-67.0102
30.4	-67.0102
30.48	-67.0415
30.56	-67.0415
30.64	-67.0415
30.72	-66.9165
30.8	-66.9477
30.88	-67.104
30.96	-66.979
31.04	-66.9477
31.12	-67.0727
31.2	-66.979
31.28	-67.0102
31.36	-66.979
31.44	-67.0415
31.52	-67.0102
31.6	-67.104
31.68	-67.0102
31.76	-67.0415
31.84	-66.9477
31.92	-66.9477
32	-66.8852
32.08	-66.9477
32.16	-66.979
32.24	-66.979
32.32	-66.9165
32.4	-66.9477
32.48	-66.8852
32.56	-66.9477
32.64	-66.9165
32.72	-66.8852
32.8	-66.854
32.88	-66.8852
32.96	-66.9165
33.04	-66.8852
33.12	-66.9165
33.2	-66.854
33.28	-66.854
33.36	-66.8852
33.44	-66.9165
33.52	-66.9165
33.6	-66.854
33.68	-66.854
33.76	-66.9477
33.84	-66.854
33.92	-66.7915
34	-66.854
34.08	-66.8852
34.16	-66.7915
34.24	-66.7915
34.32	-66.6977
34.4	-66.854
34.48	-66.9477
34.56	-66.854
34.64	-66.8852
34.72	-66.854
34.8	-66.7602
34.88	-66.9165
34.96	-66.7915
35.04	-66.854
35.12	-66.7915
35.2	-66.8852
35.28	-66.7602
35.36	-66.729
35.44	-66.854
35.52	-66.8852
35.6	-66.7915
35.68	-66.854
35.76	-66.9165
35.84	-66.854
35.92	-66.7602
36	-66.7915
36.08	-66.8852
36.16	-66.7602
36.24	-66.7602
36.32	-66.6665
36.4	-66.7602
36.48	-66.7602
36.56	-66.7602
36.64	-66.6977
36.72	-66.6977
36.8	-66.7915
36.88	-66.7602
36.96	-66.729
37.04	-66.7602
37.12	-66.729
37.2	-66.729
37.28	-66.7602
37.36	-66.7602
37.44	-66.6977
37.52	-66.729
37.6	-66.729
37.68	-66.6352
37.76	-66.6665
37.84	-66.5415
37.92	-66.604
38	-66.5415
38.08	-66.6352
38.16	-66.5727
38.24	-66.604
38.32	-66.6977
38.4	-66.604
38.48	-66.5727
38.56	-66.5727
38.64	-66.6665
38.72	-66.5727
38.8	-66.5415
38.88	-66.604
38.96	-66.5727
39.04	-66.5727
39.12	-66.604
39.2	-66.6352
39.28	-66.604
39.36	-66.5727
39.44	-66.5103
39.52	-66.479
39.6	-66.5415
39.68	-66.5103
39.76	-66.5415
39.84	-66.5415
39.92	-66.5415
40	-66.5103
40.08	-66.5103
40.16	-66.479
40.24	-66.5103
40.32	-66.5103
40.4	-66.5103
40.48	-66.479
40.56	-66.5103
40.64	-66.4477
40.72	-66.4477
40.8	-66.5415
40.88	-66.479
40.96	-66.479
41.04	-66.4477
41.12	-66.4477
41.2	-66.5103
41.28	-66.4477
41.36	-66.4165
41.44	-66.479
41.52	-66.5103
41.6	-66.479
41.68	-66.5103
41.76	-66.4477
41.84	-66.5103
41.92	-66.4477
42	-66.4477
42.08	-66.4477
42.16	-66.354
42.24	-66.3852
42.32	-66.4477
42.4	-66.3852
42.48	-66.4477
42.56	-66.4477
42.64	-66.3852
42.72	-66.3852
42.8	-66.3227
42.88	-66.354
42.96	-66.3227
43.04	-66.229
43.12	-66.1977
43.2	-66.3852
43.28	-66.3227
43.36	-66.2915
43.44	-66.3227
43.52	-66.3227
43.6	-66.3227
43.68	-66.3227
43.76	-66.354
43.84	-66.2602
43.92	-66.2602
44	-66.2602
44.08	-66.1977
44.16	-66.1665
44.24	-66.2602
44.32	-66.1977
44.4	-66.1977
44.48	-66.1977
44.56	-66.3227
44.64	-66.1977
44.72	-66.229
44.8	-66.2915
44.88	-66.229
44.96	-66.229
45.04	-66.1977
45.12	-66.2915
45.2	-66.3227
45.28	-66.3227
45.36	-66.2602
45.44	-66.2602
45.52	-66.2915
45.6	-66.2915
45.68	-66.1977
45.76	-66.1977
45.84	-66.2915
45.92	-66.2602
46	-66.2915
46.08	-66.3227
46.16	-66.2602
46.24	-66.1977
46.32	-66.1977
46.4	-66.229
46.48	-66.1665
46.56	-66.2915
46.64	-66.1977
46.72	-66.1665
46.8	-66.1977
46.88	-66.104
46.96	-66.229
47.04	-66.0727
47.12	-66.229
47.2	-66.1665
47.28	-66.229
47.36	-66.0727
47.44	-66.1977
47.52	-66.0727
47.6	-66.104
47.68	-66.1665
47.76	-66.2602
47.84	-66.1977
47.92	-66.1977
48	-66.2915
48.08	-66.1977
48.16	-66.1977
48.24	-66.104
48.32	-66.104
48.4	-66.104
48.48	-66.1665
48.56	-66.0727
48.64	-66.1665
48.72	-65.979
48.8	-66.104
48.88	-66.104
48.96	-66.0415
49.04	-66.229
49.12	-66.1977
49.2	-66.0415
49.28	-66.0727
49.36	-66.0415
49.44	-66.104
49.52	-66.0727
49.6	-66.1665
49.68	-66.0102
49.76	-66.0727
49.84	-66.0727
49.92	-66.0727
50	-65.979
50.08	-66.0102
50.16	-66.0415
50.24	-66.0102
50.32	-66.0415
50.4	-66.0415
50.48	-66.104
50.56	-66.0415
50.64	-65.979
50.72	-66.0102
50.8	-66.0727
50.88	-66.0102
50.96	-66.0102
51.04	-65.979
51.12	-66.0102
51.2	-65.9165
51.28	-65.9165
51.36	-65.9477
51.44	-65.9165
51.52	-65.979
51.6	-65.979
51.68	-66.0415
51.76	-66.0102
51.84	-66.0415
51.92	-65.979
52	-66.0102
52.08	-65.979
52.16	-66.0415
52.24	-66.104
52.32	-66.0415
52.4	-66.0102
52.48	-65.9477
52.56	-65.979
52.64	-66.0102
52.72	-65.979
52.8	-65.979
52.88	-65.8852
52.96	-66.0102
53.04	-65.9165
53.12	-65.9477
53.2	-65.9477
53.28	-66.0102
53.36	-65.9477
53.44	-65.9165
53.52	-65.9165
53.6	-65.854
53.68	-65.9477
53.76	-65.979
53.84	-65.8852
53.92	-65.854
54	-65.9165
54.08	-65.9165
54.16	-65.9165
54.24	-65.8227
54.32	-65.854
54.4	-65.9477
54.48	-65.8227
54.56	-65.9165
54.64	-65.8852
54.72	-65.9477
54.8	-65.979
54.88	-65.9165
54.96	-65.8852
55.04	-65.854
55.12	-65.8852
55.2	-65.979
55.28	-65.9165
55.36	-65.9477
55.44	-65.9477
55.52	-65.9477
55.6	-65.9477
55.68	-65.9165
55.76	-65.8852
55.84	-65.979
55.92	-65.9477
56	-65.9477
56.08	-65.9165
56.16	-65.9477
56.24	-66.0102
56.32	-65.8227
56.4	-65.9165
56.48	-65.854
56.56	-65.8852
56.64	-65.8852
56.72	-65.9165
56.8	-65.8852
56.88	-65.8227
56.96	-65.9165
57.04	-65.9165
57.12	-65.854
57.2	-65.9165
57.28	-65.8852
57.36	-65.9165
57.44	-65.8227
57.52	-65.9165
57.6	-65.9165
57.68	-65.8227
57.76	-65.854
57.84	-65.8227
57.92	-65.854
58	-65.8852
58.08	-65.9477
58.16	-65.979
58.24	-65.8852
58.32	-65.8852
58.4	-65.7915
58.48	-65.854
58.56	-65.9165
58.64	-65.854
58.72	-65.9477
58.8	-65.9165
58.88	-65.7915
58.96	-65.854
59.04	-65.8227
59.12	-65.854
59.2	-65.8227
59.28	-65.7602
59.36	-65.7915
59.44	-65.7602
59.52	-65.7602
59.6	-65.7602
59.68	-65.7915
59.76	-65.8227
59.84	-65.8852
59.92	-65.7602
60	-65.8227
60.08	-65.7915
60.16	-65.9477
60.24	-65.7915
60.32	-65.7915
60.4	-65.7915
60.48	-65.8227
60.56	-65.8227
60.64	-65.8227
60.72	-65.854
60.8	-65.8227
60.88	-65.8227
60.96	-65.8852
61.04	-65.6978
61.12	-65.6978
61.2	-65.729
61.28	-65.8227
61.36	-65.8227
61.44	-65.7602
61.52	-65.7915
61.6	-65.7915
61.68	-65.8852
61.76	-65.7602
61.84	-65.8227
61.92	-65.7915
62	-65.8852
62.08	-65.8852
62.16	-65.854
62.24	-65.854
62.32	-65.8852
62.4	-65.8227
62.48	-65.7915
62.56	-65.7602
62.64	-65.8852
62.72	-65.9165
62.8	-65.9165
62.88	-65.8852
62.96	-65.8227
63.04	-65.854
63.12	-65.8852
63.2	-65.7602
63.28	-65.8227
63.36	-65.8852
63.44	-65.7602
63.52	-65.7915
63.6	-65.7915
63.68	-65.854
63.76	-65.7915
63.84	-65.9165
63.92	-65.7602
64	-65.7915
64.08	-65.8227
64.16	-65.7602
64.24	-65.729
64.32	-65.729
64.4	-65.7602
64.48	-65.7915
64.56	-65.8227
64.64	-65.7602
64.72	-65.7602
64.8	-65.7602
64.88	-65.729
64.96	-65.6665
65.04	-65.854
65.12	-65.729
65.2	-65.6665
65.28	-65.8227
65.36	-65.7602
65.44	-65.8227
65.52	-65.8227
65.6	-65.729
65.68	-65.8227
65.76	-65.8852
65.84	-65.8852
65.92	-65.7602
66	-65.7602
66.08	-65.729
66.16	-65.7915
66.24	-65.729
66.32	-65.8227
66.4	-65.729
66.48	-65.7602
66.56	-65.729
66.64	-65.8227
66.72	-65.6978
66.8	-65.7602
66.88	-65.729
66.96	-65.7602
67.04	-65.6978
67.12	-65.7602
67.2	-65.7915
67.28	-65.8227
67.36	-65.7915
67.44	-65.7602
67.52	-65.7602
67.6	-65.6978
67.68	-65.7602
67.76	-65.729
67.84	-65.7915
67.92	-65.7915
68	-65.7602
68.08	-65.7602
68.16	-65.729
68.24	-65.7915
68.32	-65.854
68.4	-65.6665
68.48	-65.729
68.56	-65.7915
68.64	-65.7915
68.72	-65.7915
68.8	-65.854
68.88	-65.7915
68.96	-65.7915
69.04	-65.7602
69.12	-65.729
69.2	-65.7915
69.28	-65.8227
69.36	-65.8227
69.44	-65.729
69.52	-65.729
69.6	-65.729
69.68	-65.7602
69.76	-65.7915
69.84	-65.729
69.92	-65.729
70	-65.7915
70.08	-65.7915
70.16	-65.6978
70.24	-65.6352
70.32	-65.6978
70.4	-65.6665
70.48	-65.7602
70.56	-65.7602
70.64	-65.6665
70.72	-65.6665
70.8	-65.5727
70.88	-65.6665
70.96	-65.729
71.04	-65.7602
71.12	-65.6665
71.2	-65.6665
71.28	-65.6665
71.36	-65.6665
71.44	-65.6665
71.52	-65.6665
71.6	-65.6665
71.68	-65.6978
71.76	-65.6665
71.84	-65.6665
71.92	-65.7602
72	-65.6978
72.08	-65.729
72.16	-65.6978
72.24	-65.6665
72.32	-65.6665
72.4	-65.729
72.48	-65.729
72.56	-65.729
72.64	-65.6978
72.72	-65.729
72.8	-65.604
72.88	-65.729
72.96	-65.729
73.04	-65.6665
73.12	-65.604
73.2	-65.7602
73.28	-65.6352
73.36	-65.6978
73.44	-65.604
73.52	-65.6352
73.6	-65.6978
73.68	-65.5727
73.76	-65.6352
73.84	-65.6352
73.92	-65.604
74	-65.6352
74.08	-65.5727
74.16	-65.6665
74.24	-65.7915
74.32	-65.6978
74.4	-65.6978
74.48	-65.7602
74.56	-65.6352
74.64	-65.6352
74.72	-65.604
74.8	-65.6665
74.88	-65.729
74.96	-65.6352
75.04	-65.6978
75.12	-65.7602
75.2	-65.729
75.28	-65.729
75.36	-65.729
75.44	-65.6352
75.52	-65.6352
75.6	-65.6978
75.68	-65.6665
75.76	-65.7602
75.84	-65.6665
75.92	-65.6665
76	-65.6352
76.08	-65.6665
76.16	-65.6352
76.24	-65.6352
76.32	-65.6665
76.4	-65.6665
76.48	-65.6352
76.56	-65.6665
76.64	-65.7915
76.72	-65.604
76.8	-65.604
76.88	-65.604
76.96	-65.6352
77.04	-65.604
77.12	-65.604
77.2	-65.604
77.28	-65.5415
77.36	-65.5415
77.44	-65.5415
77.52	-65.604
77.6	-65.6665
77.68	-65.604
77.76	-65.6352
77.84	-65.6665
77.92	-65.6665
78	-65.604
78.08	-65.6352
78.16	-65.6352
78.24	-65.6665
78.32	-65.6665
78.4	-65.729
78.48	-65.5415
78.56	-65.6352
78.64	-65.6665
78.72	-65.729
78.8	-65.6352
78.88	-65.7915
78.96	-65.6352
79.04	-65.729
79.12	-65.7602
79.2	-65.7915
79.28	-65.7602
79.36	-65.729
79.44	-65.729
79.52	-65.729
79.6	-65.6352
79.68	-65.6665
79.76	-65.6352
79.84	-65.6665
79.92	-65.5727
80	-65.6978
80.08	-65.729
80.16	-65.604
80.24	-65.6665
80.32	-65.6665
80.4	-65.7602
80.48	-65.6665
80.56	-65.6352
80.64	-65.6665
80.72	-65.6352
80.8	-65.6352
80.88	-65.7602
80.96	-65.5415
81.04	-65.6978
81.12	-65.5727
81.2	-65.604
81.28	-65.6665
81.36	-65.604
81.44	-65.604
81.52	-65.6352
81.6	-65.6978
81.68	-65.5102
81.76	-65.6665
81.84	-65.6665
81.92	-65.5415
82	-65.5415
82.08	-65.5727
82.16	-65.5727
82.24	-65.5415
82.32	-65.604
82.4	-65.6352
82.48	-65.6352
82.56	-65.5727
82.64	-65.5727
82.72	-65.6352
82.8	-65.5727
82.88	-65.604
82.96	-65.604
83.04	-65.5415
83.12	-65.5727
83.2	-65.5102
83.28	-65.5415
83.36	-65.604
83.44	-65.5102
83.52	-65.6352
83.6	-65.5415
83.68	-65.5415
83.76	-65.604
83.84	-65.6352
83.92	-65.5727
84	-65.479
84.08	-65.5727
84.16	-65.479
84.24	-65.5415
84.32	-65.6352
84.4	-65.6352
84.48	-65.5727
84.56	-65.5727
84.64	-65.604
84.72	-65.6352
84.8	-65.6352
84.88	-65.5415
84.96	-65.5415
85.04	-65.6352
85.12	-65.604
85.2	-65.604
85.28	-65.5415
85.36	-65.6978
85.44	-65.6352
85.52	-65.5102
85.6	-65.6665
85.68	-65.604
85.76	-65.5415
85.84	-65.5415
85.92	-65.5415
86	-65.6352
86.08	-65.6352
86.16	-65.5727
86.24	-65.5415
86.32	-65.5415
86.4	-65.604
86.48	-65.5727
86.56	-65.5415
86.64	-65.5727
86.72	-65.604
86.8	-65.5727
86.88	-65.5727
86.96	-65.479
87.04	-65.5415
87.12	-65.479
87.2	-65.604
87.28	-65.5102
87.36	-65.5727
87.44	-65.479
87.52	-65.5415
87.6	-65.5102
87.68	-65.5727
87.76	-65.479
87.84	-65.5415
87.92	-65.5727
88	-65.5415
88.08	-65.5415
88.16	-65.5415
88.24	-65.479
88.32	-65.5727
88.4	-65.5102
88.48	-65.5102
88.56	-65.479
88.64	-65.4165
88.72	-65.5727
88.8	-65.5102
88.88	-65.5102
88.96	-65.5415
89.04	-65.604
89.12	-65.5727
89.2	-65.604
89.28	-65.5727
89.36	-65.5727
89.44	-65.5727
89.52	-65.5102
89.6	-65.5102
89.68	-65.5727
89.76	-65.479
89.84	-65.4165
89.92	-65.5415
90	-65.5727
90.08	-65.5415
90.16	-65.5102
90.24	-65.5727
90.32	-65.5415
90.4	-65.5102
90.48	-65.604
90.56	-65.604
90.64	-65.5727
90.72	-65.604
90.8	-65.5102
90.88	-65.5415
90.96	-65.4165
91.04	-65.479
91.12	-65.5102
91.2	-65.479
91.28	-65.5727
91.36	-65.5102
91.44	-65.479
91.52	-65.5102
91.6	-65.479
91.68	-65.479
91.76	-65.5102
91.84	-65.4165
91.92	-65.5102
92	-65.479
92.08	-65.5415
92.16	-65.5415
92.24	-65.5102
92.32	-65.479
92.4	-65.5102
92.48	-65.479
92.56	-65.5415
92.64	-65.5415
92.72	-65.4165
92.8	-65.479
92.88	-65.4165
92.96	-65.4165
93.04	-65.4165
93.12	-65.479
93.2	-65.4165
93.28	-65.479
93.36	-65.479
93.44	-65.4165
93.52	-65.4165
93.6	-65.479
93.68	-65.3227
93.76	-65.4165
93.84	-65.5102
93.92	-65.3853
94	-65.354
94.08	-65.4165
94.16	-65.4165
94.24	-65.4165
94.32	-65.3853
94.4	-65.479
94.48	-65.4165
94.56	-65.3227
94.64	-65.479
94.72	-65.3853
94.8	-65.3227
94.88	-65.479
94.96	-65.4165
95.04	-65.4165
95.12	-65.479
95.2	-65.5415
95.28	-65.5102
95.36	-65.5415
95.44	-65.4165
95.52	-65.479
95.6	-65.5102
95.68	-65.479
95.76	-65.4165
95.84	-65.5415
95.92	-65.3853
96	-65.479
96.08	-65.479
96.16	-65.5102
96.24	-65.479
96.32	-65.4165
96.4	-65.5102
96.48	-65.3853
96.56	-65.4165
96.64	-65.5415
96.72	-65.5415
96.8	-65.5102
96.88	-65.5415
96.96	-65.5102
97.04	-65.5727
97.12	-65.479
97.2	-65.479
97.28	-65.4165
97.36	-65.479
97.44	-65.5727
97.52	-65.5102
97.6	-65.4165
97.68	-65.3853
97.76	-65.4165
97.84	-65.479
97.92	-65.479
98	-65.5415
98.08	-65.5415
98.16	-65.5102
98.24	-65.4165
98.32	-65.479
98.4	-65.5102
98.48	-65.4165
98.56	-65.4165
98.64	-65.5415
98.72	-65.5102
98.8	-65.5102
98.88	-65.4165
98.96	-65.4165
99.04	-65.3853
99.12	-65.4165
99.2	-65.3853
99.28	-65.3853
99.36	-65.3853
99.44	-65.5102
99.52	-65.5102
99.6	-65.5102
99.68	-65.4165
99.76	-65.5102
99.84	-65.3853
99.92	-65.4165
100	-65.479
100.08	-65.4165
100.16	-65.5102
100.24	-65.4165
100.32	-65.479
100.4	-65.479
100.48	-65.4165
100.56	-65.5102
100.64	-65.5102
100.72	-65.4165
100.8	-65.354
100.88	-65.4165
100.96	-65.479
101.04	-65.5102
101.12	-65.479
101.2	-65.3853
101.28	-65.479
101.36	-65.4165
101.44	-65.479
101.52	-65.5102
101.6	-65.5415
101.68	-65.4165
101.76	-65.479
101.84	-65.479
101.92	-65.479
102	-65.3853
102.08	-65.5415
102.16	-65.604
102.24	-65.5727
102.32	-65.5415
102.4	-65.479
102.48	-65.5102
102.56	-65.5102
102.64	-65.5102
102.72	-65.5102
102.8	-65.4165
102.88	-65.4165
102.96	-65.479
103.04	-65.479
103.12	-65.5415
103.2	-65.5102
103.28	-65.3853
103.36	-65.5102
103.44	-65.5102
103.52	-65.3853
103.6	-65.4165
103.68	-65.4165
103.76	-65.3853
103.84	-65.3853
103.92	-65.3853
104	-65.4165
104.08	-65.3853
104.16	-65.479
104.24	-65.3853
104.32	-65.5102
104.4	-65.479
104.48	-65.4165
104.56	-65.354
104.64	-65.3227
104.72	-65.4165
104.8	-65.5102
104.88	-65.4165
104.96	-65.3853
105.04	-65.4165
105.12	-65.3853
105.2	-65.354
105.28	-65.479
105.36	-65.4165
105.44	-65.5102
105.52	-65.5102
105.6	-65.354
105.68	-65.354
105.76	-65.5102
105.84	-65.5102
105.92	-65.5415
106	-65.4165
106.08	-65.5727
106.16	-65.479
106.24	-65.4165
106.32	-65.5102
106.4	-65.4165
106.48	-65.479
106.56	-65.4165
106.64	-65.479
106.72	-65.479
106.8	-65.3853
106.88	-65.3853
106.96	-65.479
107.04	-65.5102
107.12	-65.4165
107.2	-65.4165
107.28	-65.5102
107.36	-65.4165
107.44	-65.479
107.52	-65.4165
107.6	-65.4165
107.68	-65.4165
107.76	-65.3853
107.84	-65.3853
107.92	-65.479
108	-65.479
108.08	-65.3853
108.16	-65.479
108.24	-65.354
108.32	-65.479
108.4	-65.3853
108.48	-65.4165
108.56	-65.4165
108.64	-65.479
108.72	-65.5415
108.8	-65.479
108.88	-65.479
108.96	-65.4165
109.04	-65.5102
109.12	-65.5102
109.2	-65.479
109.28	-65.4165
109.36	-65.5102
109.44	-65.479
109.52	-65.3853
109.6	-65.479
109.68	-65.5102
109.76	-65.3853
109.84	-65.5415
109.92	-65.354
110	-65.5415
110.08	-65.3853
110.16	-65.4165
110.24	-65.3853
110.32	-65.3227
110.4	-65.354
110.48	-65.3853
110.56	-65.5415
110.64	-65.4165
110.72	-65.4165
110.8	-65.4165
110.88	-65.3853
110.96	-65.4165
111.04	-65.4165
111.12	-65.4165
111.2	-65.3853
111.28	-65.479
111.36	-65.4165
111.44	-65.479
111.52	-65.3853
111.6	-65.479
111.68	-65.604
111.76	-65.479
111.84	-65.479
111.92	-65.5415
112	-65.5415
112.08	-65.5727
112.16	-65.5727
112.24	-65.479
112.32	-65.5102
112.4	-65.479
112.48	-65.5102
112.56	-65.5102
112.64	-65.5415
112.72	-65.479
112.8	-65.4165
112.88	-65.5102
112.96	-65.479
113.04	-65.5102
113.12	-65.479
113.2	-65.5415
113.28	-65.4165
113.36	-65.5415
113.44	-65.604
113.52	-65.5102
113.6	-65.5415
113.68	-65.479
113.76	-65.5102
113.84	-65.3853
113.92	-65.5415
114	-65.3853
114.08	-65.479
114.16	-65.5415
114.24	-65.479
114.32	-65.5102
114.4	-65.5415
114.48	-65.5102
114.56	-65.5415
114.64	-65.479
114.72	-65.4165
114.8	-65.5415
114.88	-65.5415
114.96	-65.4165
115.04	-65.479
115.12	-65.5727
115.2	-65.479
115.28	-65.479
115.36	-65.5415
115.44	-65.4165
115.52	-65.3853
115.6	-65.5102
115.68	-65.479
115.76	-65.4165
115.84	-65.5415
115.92	-65.5415
116	-65.5102
116.08	-65.479
116.16	-65.5415
116.24	-65.479
116.32	-65.5102
116.4	-65.4165
116.48	-65.479
116.56	-65.3853
116.64	-65.4165
116.72	-65.4165
116.8	-65.354
116.88	-65.5102
116.96	-65.4165
117.04	-65.5102
117.12	-65.3853
117.2	-65.3853
117.28	-65.5102
117.36	-65.5102
117.44	-65.4165
117.52	-65.479
117.6	-65.3853
117.68	-65.4165
117.76	-65.479
117.84	-65.3227
117.92	-65.4165
118	-65.479
118.08	-65.479
118.16	-65.479
118.24	-65.479
118.32	-65.5415
118.4	-65.479
118.48	-65.479
118.56	-65.5102
118.64	-65.5102
118.72	-65.479
118.8	-65.479
118.88	-65.5102
118.96	-65.5102
119.04	-65.5102
119.12	-65.5415
119.2	-65.3853
119.28	-65.4165
119.36	-65.4165
119.44	-65.3853
119.52	-65.4165
119.6	-65.479
119.68	-65.5102
119.76	-65.4165
119.84	-65.479
119.92	-65.5102
120	-65.479
120.08	-65.5102
120.16	-65.5102
120.24	-65.3853
120.32	-65.4165
120.4	-65.4165
120.48	-65.3853
120.56	-65.4165
120.64	-65.4165
120.72	-65.354
120.8	-65.5102
120.88	-65.479
120.96	-65.3853
121.04	-65.4165
121.12	-65.3853
121.2	-65.4165
121.28	-65.4165
121.36	-65.479
121.44	-65.3853
121.52	-65.5415
121.6	-65.5415
121.68	-65.4165
121.76	-65.4165
121.84	-65.5102
121.92	-65.479
122	-65.479
122.08	-65.5415
122.16	-65.479
122.24	-65.5415
122.32	-65.4165
122.4	-65.5102
122.48	-65.5415
122.56	-65.5102
122.64	-65.604
122.72	-65.479
122.8	-65.3853
122.88	-65.4165
122.96	-65.5102
123.04	-65.5415
123.12	-65.5415
123.2	-65.479
123.28	-65.5727
123.36	-65.4165
123.44	-65.5102
123.52	-65.479
123.6	-65.5102
123.68	-65.5102
123.76	-65.5415
123.84	-65.4165
123.92	-65.4165
124	-65.479
124.08	-65.5415
124.16	-65.5415
124.24	-65.5102
124.32	-65.5415
124.4	-65.5102
124.48	-65.6352
124.56	-65.479
124.64	-65.5102
124.72	-65.5415
124.8	-65.4165
124.88	-65.479
124.96	-65.479
125.04	-65.4165
125.12	-65.4165
125.2	-65.354
125.28	-65.3853
125.36	-65.479
125.44	-65.3853
125.52	-65.479
125.6	-65.4165
125.68	-65.3853
125.76	-65.479
125.84	-65.5102
125.92	-65.5415
126	-65.3853
126.08	-65.4165
126.16	-65.4165
126.24	-65.4165
126.32	-65.479
126.4	-65.4165
126.48	-65.3853
126.56	-65.479
126.64	-65.3853
126.72	-65.3853
126.8	-65.4165
126.88	-65.479
126.96	-65.3853
127.04	-65.3853
127.12	-65.3853
127.2	-65.5102
127.28	-65.3853
127.36	-65.3853
127.44	-65.4165
127.52	-65.3853
127.6	-65.4165
127.68	-65.479
127.76	-65.4165
127.84	-65.3853
127.92	-65.4165
128	-65.4165
128.08	-65.4165
128.16	-65.479
128.24	-65.4165
128.32	-65.4165
128.4	-65.3227
128.48	-65.4165
128.56	-65.5102
128.64	-65.4165
128.72	-65.4165
128.8	-65.3853
128.88	-65.4165
128.96	-65.479
129.04	-65.479
129.12	-65.479
129.2	-65.479
129.28	-65.5415
129.36	-65.4165
129.44	-65.479
129.52	-65.479
129.6	-65.479
129.68	-65.5102
129.76	-65.479
129.84	-65.5415
129.92	-65.5727
130	-65.5102
130.08	-65.604
130.16	-65.5415
130.24	-65.5102
130.32	-65.479
130.4	-65.479
130.48	-65.604
130.56	-65.479
130.64	-65.5415
130.72	-65.5102
130.8	-65.5102
130.88	-65.4165
130.96	-65.5102
131.04	-65.4165
131.12	-65.4165
131.2	-65.5102
131.28	-65.479
131.36	-65.479
131.44	-65.5415
131.52	-65.3853
131.6	-65.4165
131.68	-65.4165
131.76	-65.479
131.84	-65.479
131.92	-65.4165
132	-65.5102
132.08	-65.5102
132.16	-65.5415
132.24	-65.5102
132.32	-65.479
132.4	-65.4165
132.48	-65.3853
132.56	-65.4165
132.64	-65.3853
132.72	-65.354
132.8	-65.5415
132.88	-65.479
132.96	-65.5102
133.04	-65.5102
133.12	-65.479
133.2	-65.5415
133.28	-65.479
133.36	-65.5415
133.44	-65.5102
133.52	-65.4165
133.6	-65.4165
133.68	-65.604
133.76	-65.479
133.84	-65.5415
133.92	-65.479
134	-65.4165
134.08	-65.479
134.16	-65.4165
134.24	-65.5415
134.32	-65.5415
134.4	-65.4165
134.48	-65.479
134.56	-65.479
134.64	-65.604
134.72	-65.5415
134.8	-65.5415
134.88	-65.5415
134.96	-65.479
135.04	-65.3853
135.12	-65.5102
135.2	-65.5415
135.28	-65.5102
135.36	-65.5727
135.44	-65.479
135.52	-65.4165
135.6	-65.4165
135.68	-65.5102
135.76	-65.604
135.84	-65.479
135.92	-65.5415
136	-65.479
136.08	-65.5727
136.16	-65.604
136.24	-65.5102
136.32	-65.604
136.4	-65.5727
136.48	-65.5102
136.56	-65.5102
136.64	-65.5727
136.72	-65.5727
136.8	-65.5415
136.88	-65.5102
136.96	-65.5102
137.04	-65.4165
137.12	-65.4165
137.2	-65.5102
137.28	-65.5727
137.36	-65.4165
137.44	-65.4165
137.52	-65.479
137.6	-65.479
137.68	-65.3853
137.76	-65.4165
137.84	-65.479
137.92	-65.5415
138	-65.604
138.08	-65.5415
138.16	-65.4165
138.24	-65.5102
138.32	-65.5102
138.4	-65.4165
138.48	-65.5102
138.56	-65.479
138.64	-65.479
138.72	-65.4165
138.8	-65.4165
138.88	-65.4165
138.96	-65.4165
139.04	-65.4165
139.12	-65.4165
139.2	-65.479
139.28	-65.3853
139.36	-65.3853
139.44	-65.5727
139.52	-65.5102
139.6	-65.4165
139.68	-65.479
139.76	-65.3853
139.84	-65.479
139.92	-65.5102
140	-65.479
140.08	-65.479
140.16	-65.3227
140.24	-65.5102
140.32	-65.5415
140.4	-65.5415
140.48	-65.5102
140.56	-65.5102
140.64	-65.604
140.72	-65.4165
140.8	-65.5102
140.88	-65.479
140.96	-65.479
141.04	-65.5102
141.12	-65.5102
141.2	-65.479
141.28	-65.5102
141.36	-65.4165
141.44	-65.4165
141.52	-65.479
141.6	-65.5102
141.68	-65.3853
141.76	-65.479
141.84	-65.4165
141.92	-65.5415
142	-65.479
142.08	-65.479
142.16	-65.479
142.24	-65.479
142.32	-65.479
142.4	-65.5727
142.48	-65.5102
142.56	-65.604
142.64	-65.479
142.72	-65.479
142.8	-65.479
142.88	-65.5415
142.96	-65.479
143.04	-65.479
143.12	-65.5415
143.2	-65.3853
143.28	-65.5102
143.36	-65.4165
143.44	-65.4165
143.52	-65.4165
143.6	-65.479
143.68	-65.2915
143.76	-65.3227
143.84	-65.4165
143.92	-65.4165
144	-65.5415
144.08	-65.4165
144.16	-65.479
144.24	-65.479
144.32	-65.3853
144.4	-65.3853
144.48	-65.4165
144.56	-65.354
144.64	-65.354
144.72	-65.5102
144.8	-65.3853
144.88	-65.479
144.96	-65.479
145.04	-65.5102
145.12	-65.479
145.2	-65.5415
145.28	-65.479
145.36	-65.4165
145.44	-65.479
145.52	-65.5415
145.6	-65.5102
145.68	-65.5102
145.76	-65.479
145.84	-65.479
145.92	-65.5415
146	-65.5102
146.08	-65.604
146.16	-65.354
146.24	-65.479
146.32	-65.479
146.4	-65.479
146.48	-65.604
146.56	-65.5415
146.64	-65.3853
146.72	-65.5415
146.8	-65.3853
146.88	-65.5102
146.96	-65.4165
147.04	-65.3853
147.12	-65.479
147.2	-65.3853
147.28	-65.479
147.36	-65.3853
147.44	-65.3853
147.52	-65.4165
147.6	-65.3853
147.68	-65.479
147.76	-65.479
147.84	-65.5415
147.92	-65.4165
148	-65.479
148.08	-65.4165
148.16	-65.5102
148.24	-65.479
148.32	-65.5102
148.4	-65.479
148.48	-65.3853
148.56	-65.5102
148.64	-65.4165
148.72	-65.479
148.8	-65.354
148.88	-65.5102
148.96	-65.5415
149.04	-65.4165
149.12	-65.4165
149.2	-65.479
149.28	-65.479
149.36	-65.3853
149.44	-65.354
149.52	-65.354
149.6	-65.3853
149.68	-65.479
149.76	-65.479
149.84	-65.4165
149.92	-65.354
150	-65.3853
150.08	-65.5415
150.16	-65.5102
150.24	-65.4165
150.32	-65.354
150.4	-65.479
150.48	-65.3227
150.56	-65.5102
150.64	-65.5102
150.72	-65.479
150.8	-65.479
150.88	-65.354
150.96	-65.479
151.04	-65.4165
151.12	-65.3227
151.2	-65.479
151.28	-65.3853
151.36	-65.3853
151.44	-65.3853
151.52	-65.4165
151.6	-65.4165
151.68	-65.4165
151.76	-65.5415
151.84	-65.479
151.92	-65.5415
152	-65.5102
152.08	-65.479
152.16	-65.5102
152.24	-65.3853
152.32	-65.479
152.4	-65.604
152.48	-65.4165
152.56	-65.3853
152.64	-65.479
152.72	-65.5102
152.8	-65.479
152.88	-65.5415
152.96	-65.5102
153.04	-65.5415
153.12	-65.479
153.2	-65.604
153.28	-65.479
153.36	-65.479
153.44	-65.5415
153.52	-65.6352
153.6	-65.5415
153.68	-65.479
153.76	-65.4165
153.84	-65.479
153.92	-65.479
154	-65.4165
154.08	-65.354
154.16	-65.479
154.24	-65.5102
154.32	-65.4165
154.4	-65.4165
154.48	-65.4165
154.56	-65.4165
154.64	-65.3853
154.72	-65.4165
154.8	-65.354
154.88	-65.3853
154.96	-65.479
155.04	-65.4165
155.12	-65.4165
155.2	-65.3853
155.28	-65.3853
155.36	-65.3853
155.44	-65.4165
155.52	-65.5415
155.6	-65.3853
155.68	-65.479
155.76	-65.479
155.84	-65.4165
155.92	-65.5102
156	-65.5102
156.08	-65.479
156.16	-65.4165
156.24	-65.479
156.32	-65.5102
156.4	-65.479
156.48	-65.5415
156.56	-65.5415
156.64	-65.5727
156.72	-65.5415
156.8	-65.5102
156.88	-65.5102
156.96	-65.4165
157.04	-65.4165
157.12	-65.354
157.2	-65.3853
157.28	-65.479
157.36	-65.5102
157.44	-65.479
157.52	-65.4165
157.6	-65.5727
157.68	-65.604
157.76	-65.604
157.84	-65.479
157.92	-65.479
158	-65.4165
158.08	-65.4165
158.16	-65.479
158.24	-65.5727
158.32	-65.5102
158.4	-65.5102
158.48	-65.479
158.56	-65.4165
158.64	-65.3853
158.72	-65.5102
158.8	-65.604
158.88	-65.5415
158.96	-65.5102
159.04	-65.5102
159.12	-65.4165
159.2	-65.4165
159.28	-65.5102
159.36	-65.5415
159.44	-65.479
159.52	-65.3853
159.6	-65.479
159.68	-65.5415
159.76	-65.5415
159.84	-65.479
159.92	-65.5727
160	-65.5727
160.08	-65.5727
160.16	-65.5102
160.24	-65.3853
160.32	-65.5727
160.4	-65.5415
160.48	-65.479
160.56	-65.4165
160.64	-65.479
160.72	-65.3853
160.8	-65.479
160.88	-65.354
160.96	-65.4165
161.04	-65.479
161.12	-65.4165
161.2	-65.4165
161.28	-65.479
161.36	-65.3853
161.44	-65.4165
161.52	-65.354
161.6	-65.4165
161.68	-65.3853
161.76	-65.479
161.84	-65.479
161.92	-65.5415
162	-65.5415
162.08	-65.479
162.16	-65.5415
162.24	-65.604
162.32	-65.5727
162.4	-65.604
162.48	-65.604
162.56	-65.5727
162.64	-65.5102
162.72	-65.5102
162.8	-65.5102
162.88	-65.604
162.96	-65.5102
163.04	-65.4165
163.12	-65.604
163.2	-65.5415
163.28	-65.4165
163.36	-65.5727
163.44	-65.604
163.52	-65.604
163.6	-65.479
163.68	-65.5415
163.76	-65.5102
163.84	-65.4165
163.92	-65.479
164	-65.3227
164.08	-65.5415
164.16	-65.604
164.24	-65.5727
164.32	-65.5102
164.4	-65.479
164.48	-65.3853
164.56	-65.5727
164.64	-65.4165
164.72	-65.3853
164.8	-65.4165
164.88	-65.3853
164.96	-65.354
165.04	-65.3853
165.12	-65.2602
165.2	-65.354
165.28	-65.3853
165.36	-65.354
165.44	-65.354
165.52	-65.3853
165.6	-65.3853
165.68	-65.2915
165.76	-65.354
165.84	-65.2915
165.92	-65.3227
166	-65.3227
166.08	-65.2602
166.16	-65.354
166.24	-65.2602
166.32	-65.3853
166.4	-65.2915
166.48	-65.229
166.56	-65.2602
166.64	-65.2602
166.72	-65.2915
166.8	-65.2915
166.88	-65.2915
166.96	-65.2915
167.04	-65.229
167.12	-65.1977
167.2	-65.2915
167.28	-65.3227
167.36	-65.2602
167.44	-65.229
167.52	-65.2602
167.6	-65.2915
167.68	-65.2915
167.76	-65.229
167.84	-65.2915
167.92	-65.354
168	-65.2602
168.08	-65.2915
168.16	-65.354
168.24	-65.2915
168.32	-65.1665
168.4	-65.2602
168.48	-65.2602
168.56	-65.3227
168.64	-65.2915
168.72	-65.2915
168.8	-65.1665
168.88	-65.2915
168.96	-65.229
169.04	-65.2602
169.12	-65.1977
169.2	-65.229
169.28	-65.2915
169.36	-65.2915
169.44	-65.2602
169.52	-65.2915
169.6	-65.2602
169.68	-65.1665
169.76	-65.229
169.84	-65.229
169.92	-65.229
170	-65.2915
170.08	-65.2602
170.16	-65.1977
170.24	-65.229
170.32	-65.1352
170.4	-65.1665
170.48	-65.1977
170.56	-65.229
170.64	-65.1977
170.72	-65.229
170.8	-65.1352
170.88	-65.1977
170.96	-65.1977
171.04	-65.1665
171.12	-65.1352
171.2	-65.229
171.28	-65.104
171.36	-65.1665
171.44	-65.229
171.52	-65.229
171.6	-65.1977
171.68	-65.1977
171.76	-65.104
171.84	-65.1977
171.92	-65.2602
172	-65.229
172.08	-65.229
172.16	-65.229
172.24	-65.1352
172.32	-65.1665
172.4	-65.229
172.48	-65.229
172.56	-65.229
172.64	-65.1977
172.72	-65.229
172.8	-65.1352
172.88	-65.2602
172.96	-65.2602
173.04	-65.1977
173.12	-65.1977
173.2	-65.1665
173.28	-65.104
173.36	-65.1352
173.44	-65.229
173.52	-65.1977
173.6	-65.229
173.68	-65.1665
173.76	-65.1977
173.84	-65.1977
173.92	-65.2602
174	-65.229
174.08	-65.229
174.16	-65.1977
174.24	-65.2602
174.32	-65.229
174.4	-65.1977
174.48	-65.1352
174.56	-65.2602
174.64	-65.229
174.72	-65.2915
174.8	-65.1977
174.88	-65.1977
174.96	-65.1977
175.04	-65.1665
175.12	-65.1665
175.2	-65.2915
175.28	-65.3227
175.36	-65.1665
175.44	-65.229
175.52	-65.2602
175.6	-65.1977
175.68	-65.2915
175.76	-65.229
175.84	-65.1977
175.92	-65.1665
176	-65.1352
176.08	-65.1977
176.16	-65.229
176.24	-65.229
176.32	-65.1977
176.4	-65.1665
176.48	-65.229
176.56	-65.1977
176.64	-65.1977
176.72	-65.229
176.8	-65.229
176.88	-65.2915
176.96	-65.3227
177.04	-65.1977
177.12	-65.1977
177.2	-65.229
177.28	-65.2915
177.36	-65.3227
177.44	-65.1665
177.52	-65.229
177.6	-65.2602
177.68	-65.2915
177.76	-65.229
177.84	-65.1665
177.92	-65.1977
178	-65.1977
178.08	-65.1352
178.16	-65.229
178.24	-65.104
178.32	-65.104
178.4	-65.229
178.48	-65.1977
178.56	-65.229
178.64	-65.1977
178.72	-65.229
178.8	-65.2602
178.88	-65.2602
178.96	-65.2602
179.04	-65.2602
179.12	-65.3227
179.2	-65.2915
179.28	-65.3853
179.36	-65.3227
179.44	-65.3227
179.52	-65.1977
179.6	-65.2915
179.68	-65.3227
179.76	-65.1977
179.84	-65.2602
179.92	-65.2602
180	-65.2602
180.08	-65.1977
180.16	-65.229
180.24	-65.2915
180.32	-65.2602
180.4	-65.2915
180.48	-65.2602
180.56	-65.2602
180.64	-65.2915
180.72	-65.3227
180.8	-65.2915
180.88	-65.229
180.96	-65.2602
181.04	-65.3227
181.12	-65.2602
181.2	-65.2915
181.28	-65.229
181.36	-65.2915
181.44	-65.2602
181.52	-65.3227
181.6	-65.3227
181.68	-65.1977
181.76	-65.2915
181.84	-65.3227
181.92	-65.2602
182	-65.229
182.08	-65.229
182.16	-65.354
182.24	-65.2602
182.32	-65.2915
182.4	-65.229
182.48	-65.2915
182.56	-65.229
182.64	-65.2602
182.72	-65.2602
182.8	-65.2915
182.88	-65.3227
182.96	-65.354
183.04	-65.3227
183.12	-65.229
183.2	-65.2602
183.28	-65.3227
183.36	-65.2602
183.44	-65.3227
183.52	-65.2915
183.6	-65.3227
183.68	-65.229
183.76	-65.2915
183.84	-65.2915
183.92	-65.2602
184	-65.2915
184.08	-65.2602
184.16	-65.3227
184.24	-65.2915
184.32	-65.2602
184.4	-65.2602
184.48	-65.3227
184.56	-65.2915
184.64	-65.2602
184.72	-65.2602
184.8	-65.2602
184.88	-65.3227
184.96	-65.1977
185.04	-65.3227
185.12	-65.229
185.2	-65.3227
185.28	-65.2602
185.36	-65.3227
185.44	-65.2602
185.52	-65.2915
185.6	-65.2915
185.68	-65.2602
185.76	-65.229
185.84	-65.2915
185.92	-65.4165
186	-65.2915
186.08	-65.2915
186.16	-65.3853
186.24	-65.3227
186.32	-65.2915
186.4	-65.3227
186.48	-65.2602
186.56	-65.3227
186.64	-65.229
186.72	-65.3227
186.8	-65.2602
186.88	-65.229
186.96	-65.2602
187.04	-65.2915
187.12	-65.3227
187.2	-65.229
187.28	-65.229
187.36	-65.2915
187.44	-65.2915
187.52	-65.354
187.6	-65.3227
187.68	-65.2915
187.76	-65.229
187.84	-65.3227
187.92	-65.2602
188	-65.2915
188.08	-65.2602
188.16	-65.2915
188.24	-65.1665
188.32	-65.1352
188.4	-65.2602
188.48	-65.1977
188.56	-65.1352
188.64	-65.1977
188.72	-65.2915
188.8	-65.3227
188.88	-65.2915
188.96	-65.229
189.04	-65.1977
189.12	-65.1977
189.2	-65.2915
189.28	-65.2915
189.36	-65.2602
189.44	-65.2915
189.52	-65.2602
189.6	-65.354
189.68	-65.2915
189.76	-65.1665
189.84	-65.2602
189.92	-65.2602
190	-65.3227
190.08	-65.1977
190.16	-65.229
190.24	-65.2602
190.32	-65.2915
190.4	-65.3227
190.48	-65.3227
190.56	-65.2602
190.64	-65.2915
190.72	-65.3227
190.8	-65.2915
190.88	-65.229
190.96	-65.1977
191.04	-65.229
191.12	-65.3227
191.2	-65.2915
191.28	-65.3227
191.36	-65.3227
191.44	-65.3853
191.52	-65.2915
191.6	-65.3227
191.68	-65.2915
191.76	-65.3853
191.84	-65.354
191.92	-65.2915
192	-65.2915
192.08	-65.3227
192.16	-65.229
192.24	-65.2915
192.32	-65.3227
192.4	-65.354
192.48	-65.2915
192.56	-65.3227
192.64	-65.2602
192.72	-65.2915
192.8	-65.2915
192.88	-65.229
192.96	-65.2915
193.04	-65.2915
193.12	-65.2915
193.2	-65.3227
193.28	-65.1977
193.36	-65.229
193.44	-65.2602
193.52	-65.2915
193.6	-65.229
193.68	-65.1665
193.76	-65.2915
193.84	-65.2602
193.92	-65.229
194	-65.1665
194.08	-65.229
194.16	-65.1352
194.24	-65.1977
194.32	-65.1352
194.4	-65.354
194.48	-65.229
194.56	-65.229
194.64	-65.1977
194.72	-65.1977
194.8	-65.1977
194.88	-65.1352
194.96	-65.2915
195.04	-65.1977
195.12	-65.2602
195.2	-65.229
195.28	-65.3227
195.36	-65.3227
195.44	-65.2915
195.52	-65.3227
195.6	-65.2602
195.68	-65.2915
195.76	-65.1977
195.84	-65.2915
195.92	-65.229
196	-65.2915
196.08	-65.2602
196.16	-65.2915
196.24	-65.2915
196.32	-65.229
196.4	-65.2602
196.48	-65.229
196.56	-65.1977
196.64	-65.1977
196.72	-65.1977
196.8	-65.229
196.88	-65.2602
196.96	-65.2915
197.04	-65.229
197.12	-65.1977
197.2	-65.229
197.28	-65.229
197.36	-65.229
197.44	-65.2915
197.52	-65.2915
197.6	-65.229
197.68	-65.354
197.76	-65.1665
197.84	-65.2915
197.92	-65.354
198	-65.229
198.08	-65.1977
198.16	-65.229
198.24	-65.2915
198.32	-65.2602
198.4	-65.2602
198.48	-65.2602
198.56	-65.1977
198.64	-65.2915
198.72	-65.3227
198.8	-65.2915
198.88	-65.2915
198.96	-65.2602
199.04	-65.1665
199.12	-65.2602
199.2	-65.2602
199.28	-65.229
199.36	-65.3227
199.44	-65.3227
199.52	-65.1665
199.6	-65.3227
199.68	-65.2915
199.76	-65.2602
199.84	-65.229
199.92	-65.3227
200	-65.229
200.08	-65.3853
200.16	-65.2602
200.24	-65.3227
200.32	-65.2602
200.4	-65.2915
200.48	-65.3227
200.56	-65.2915
200.64	-65.1977
200.72	-65.2602
200.8	-65.229
200.88	-65.2915
200.96	-65.1977
201.04	-65.2602
201.12	-65.2915
201.2	-65.2602
201.28	-65.2602
201.36	-65.2915
201.44	-65.2602
201.52	-65.2915
201.6	-65.3227
201.68	-65.354
201.76	-65.354
201.84	-65.354
201.92	-65.2602
202	-65.354
202.08	-65.3227
202.16	-65.3853
202.24	-65.354
202.32	-65.3227
202.4	-65.4165
202.48	-65.354
202.56	-65.354
202.64	-65.3227
202.72	-65.354
202.8	-65.3227
202.88	-65.2602
202.96	-65.2915
203.04	-65.3227
203.12	-65.3227
203.2	-65.3227
203.28	-65.2915
203.36	-65.3853
203.44	-65.3227
203.52	-65.2602
203.6	-65.2915
203.68	-65.354
203.76	-65.2915
203.84	-65.2602
203.92	-65.2915
204	-65.2915
204.08	-65.479
204.16	-65.3227
204.24	-65.2915
204.32	-65.2915
204.4	-65.2602
204.48	-65.1977
204.56	-65.229
204.64	-65.229
204.72	-65.2602
204.8	-65.3227
204.88	-65.2915
204.96	-65.3853
205.04	-65.2915
205.12	-65.2602
205.2	-65.2602
205.28	-65.3227
205.36	-65.3227
205.44	-65.1977
205.52	-65.2915
205.6	-65.3853
205.68	-65.3227
205.76	-65.3227
205.84	-65.2915
205.92	-65.3227
206	-65.3853
206.08	-65.3227
206.16	-65.2602
206.24	-65.2915
206.32	-65.4165
206.4	-65.354
206.48	-65.354
206.56	-65.3853
206.64	-65.3853
206.72	-65.3227
206.8	-65.354
206.88	-65.4165
206.96	-65.354
207.04	-65.4165
207.12	-65.354
207.2	-65.3853
207.28	-65.3853
207.36	-65.479
207.44	-65.3227
207.52	-65.354
207.6	-65.3853
207.68	-65.354
207.76	-65.3227
207.84	-65.3853
207.92	-65.3227
208	-65.3853
208.08	-65.354
208.16	-65.2915
208.24	-65.2915
208.32	-65.2915
208.4	-65.354
208.48	-65.3227
208.56	-65.354
208.64	-65.3853
208.72	-65.3853
208.8	-65.4165
208.88	-65.4165
208.96	-65.3227
209.04	-65.2915
209.12	-65.354
209.2	-65.354
209.28	-65.3227
209.36	-65.4165
209.44	-65.3227
209.52	-65.3227
209.6	-65.4165
209.68	-65.354
209.76	-65.354
209.84	-65.2602
209.92	-65.354
210	-65.2915
210.08	-65.2602
210.16	-65.3227
210.24	-65.3227
210.32	-65.2602
210.4	-65.354
210.48	-65.229
210.56	-65.3853
210.64	-65.2915
210.72	-65.3227
210.8	-65.2915
210.88	-65.1977
210.96	-65.3853
211.04	-65.354
211.12	-65.2915
211.2	-65.354
211.28	-65.3227
211.36	-65.3227
211.44	-65.3853
211.52	-65.3853
211.6	-65.354
211.68	-65.354
211.76	-65.354
211.84	-65.2915
211.92	-65.354
212	-65.3853
212.08	-65.3853
212.16	-65.3853
212.24	-65.354
212.32	-65.3227
212.4	-65.3853
212.48	-65.4165
212.56	-65.3853
212.64	-65.3853
212.72	-65.4165
212.8	-65.4165
212.88	-65.4165
212.96	-65.3227
213.04	-65.3227
213.12	-65.2915
213.2	-65.4165
213.28	-65.479
213.36	-65.479
213.44	-65.3853
213.52	-65.3227
213.6	-65.354
213.68	-65.3853
213.76	-65.4165
213.84	-65.3227
213.92	-65.3853
214	-65.3853
214.08	-65.3853
214.16	-65.3227
214.24	-65.5102
214.32	-65.4165
214.4	-65.354
214.48	-65.354
214.56	-65.354
214.64	-65.354
214.72	-65.3227
214.8	-65.3227
214.88	-65.4165
214.96	-65.3502
215.04	-65.3502
215.12	-65.3502
215.2	-65.3502
215.28	-65.3502
215.36	-65.2812
215.44	-65.3438
215.52	-65.375
215.6	-65.4062
215.68	-65.375
215.76	-65.375
215.84	-65.5
215.92	-65.5
216	-65.5
216.08	-65.5312
216.16	-65.4375
216.24	-65.5937
216.32	-65.5
216.4	-65.5312
216.48	-65.5625
216.56	-65.5937
216.64	-65.6875
216.72	-65.5312
216.8	-65.5937
216.88	-65.5
216.96	-65.5937
217.04	-65.5937
217.12	-65.5937
217.2	-65.625
217.28	-65.625
217.36	-65.75
217.44	-65.7187
217.52	-65.6875
217.6	-65.7187
217.68	-65.75
217.76	-65.6563
217.84	-65.6875
217.92	-65.875
218	-65.75
218.08	-65.7187
218.16	-65.8125
218.24	-65.7813
218.32	-65.8125
218.4	-65.8125
218.48	-65.875
218.56	-65.7187
218.64	-65.7813
218.72	-65.8438
218.8	-65.9375
218.88	-65.8438
218.96	-65.9688
219.04	-65.9062
219.12	-65.875
219.2	-65.9375
219.28	-65.9062
219.36	-65.875
219.44	-65.9688
219.52	-65.9688
219.6	-65.9375
219.68	-65.9375
219.76	-66.0312
219.84	-66
219.92	-65.9688
220	-65.875
220.08	-65.9062
220.16	-65.9375
220.24	-65.9375
220.32	-65.9062
220.4	-65.9062
220.48	-65.9062
220.56	-66
220.64	-65.9688
220.72	-66.0312
220.8	-65.9062
220.88	-65.9062
220.96	-65.9688
221.04	-65.9688
221.12	-66
221.2	-66
221.28	-65.9688
221.36	-66.0625
221.44	-66.0312
221.52	-66
221.6	-66.125
221.68	-66.0938
221.76	-66.0938
221.84	-66.1875
221.92	-66.1875
222	-66.1875
222.08	-66.125
222.16	-66.125
222.24	-66.2187
222.32	-66.2187
222.4	-66.0938
222.48	-66.0938
222.56	-66.25
222.64	-66.2187
222.72	-66.1875
222.8	-66.1875
222.88	-66.25
222.96	-66.2187
223.04	-66.2813
223.12	-66.125
223.2	-66.2187
223.28	-66.3125
223.36	-66.3125
223.44	-66.2813
223.52	-66.2813
223.6	-66.3437
223.68	-66.3125
223.76	-66.3437
223.84	-66.2813
223.92	-66.375
224	-66.3437
224.08	-66.4063
224.16	-66.4063
224.24	-66.3437
224.32	-66.3125
224.4	-66.3437
224.48	-66.4688
224.56	-66.4063
224.64	-66.3437
224.72	-66.4375
224.8	-66.4375
224.88	-66.375
224.96	-66.375
225.04	-66.4375
225.12	-66.4375
225.2	-66.5
225.28	-66.3437
225.36	-66.4375
225.44	-66.4688
225.52	-66.4375
225.6	-66.4375
225.68	-66.4375
225.76	-66.4063
225.84	-66.4063
225.92	-66.5312
226	-66.5312
226.08	-66.5312
226.16	-66.5312
226.24	-66.5
226.32	-66.5312
226.4	-66.5
226.48	-66.4688
226.56	-66.5
226.64	-66.5625
226.72	-66.5312
226.8	-66.5
226.88	-66.5938
226.96	-66.5625
227.04	-66.4375
227.12	-66.4688
227.2	-66.5312
227.28	-66.5
227.36	-66.5312
227.44	-66.5938
227.52	-66.6562
227.6	-66.5312
227.68	-66.5625
227.76	-66.625
227.84	-66.7187
227.92	-66.5938
228	-66.6562
228.08	-66.6562
228.16	-66.6562
228.24	-66.6562
228.32	-66.5938
228.4	-66.625
228.48	-66.75
228.56	-66.7187
228.64	-66.6875
228.72	-66.625
228.8	-66.7187
228.88	-66.75
228.96	-66.7813
229.04	-66.75
229.12	-66.75
229.2	-66.7187
229.28	-66.75
229.36	-66.7813
229.44	-66.7187
229.52	-66.7187
229.6	-66.7187
229.68	-66.75
229.76	-66.75
229.84	-66.7187
229.92	-66.7187
230	-66.875
230.08	-66.8125
230.16	-66.7813
230.24	-66.8125
230.32	-66.8125
230.4	-66.7813
230.48	-66.7187
230.56	-66.7187
230.64	-66.8125
230.72	-66.7813
230.8	-66.8125
230.88	-66.8125
230.96	-66.9063
231.04	-67
231.12	-66.875
231.2	-66.9063
231.28	-66.9063
231.36	-66.875
231.44	-66.9063
231.52	-66.9063
231.6	-66.9063
231.68	-66.875
231.76	-66.8125
231.84	-66.9375
231.92	-66.9375
232	-66.9375
232.08	-66.9687
232.16	-66.9687
232.24	-66.9687
232.32	-66.9063
232.4	-66.9687
232.48	-66.9063
232.56	-66.9375
232.64	-66.9375
232.72	-66.9375
232.8	-66.9687
232.88	-67
232.96	-67.0312
233.04	-67
233.12	-67.0625
233.2	-67
233.28	-67.0938
233.36	-67
233.44	-67.0938
233.52	-67
233.6	-67.0312
233.68	-67
233.76	-67.0312
233.84	-67.0938
233.92	-67.0938
234	-67.0938
234.08	-67.1875
234.16	-67.0938
234.24	-67.0625
234.32	-67.1875
234.4	-67.0625
234.48	-67.0312
234.56	-67.0938
234.64	-67.125
234.72	-67.0938
234.8	-67.125
234.88	-67.0625
234.96	-67
235.04	-67.0938
235.12	-67.2188
235.2	-67.1562
235.28	-67.0625
235.36	-67.25
235.44	-67.1562
235.52	-67.1562
235.6	-67.2188
235.68	-67.2813
235.76	-67.1562
235.84	-67.25
235.92	-67.2188
236	-67.2813
236.08	-67.1562
236.16	-67.25
236.24	-67.1875
236.32	-67.2188
236.4	-67.2188
236.48	-67.2188
236.56	-67.1875
236.64	-67.3125
236.72	-67.25
236.8	-67.2188
236.88	-67.3125
236.96	-67.2188
237.04	-67.25
237.12	-67.2188
237.2	-67.25
237.28	-67.25
237.36	-67.1875
237.44	-67.2188
237.52	-67.2813
237.6	-67.1875
237.68	-67.2813
237.76	-67.2188
237.84	-67.1562
237.92	-67.25
238	-67.2813
238.08	-67.25
238.16	-67.25
238.24	-67.2813
238.32	-67.3125
238.4	-67.3437
238.48	-67.2813
238.56	-67.2813
238.64	-67.3125
238.72	-67.2813
238.8	-67.3437
238.88	-67.4687
238.96	-67.3437
239.04	-67.3125
239.12	-67.3125
239.2	-67.3437
239.28	-67.2813
239.36	-67.375
239.44	-67.375
239.52	-67.4063
239.6	-67.375
239.68	-67.375
239.76	-67.375
239.84	-67.375
239.92	-67.375
240	-67.3437
240.08	-67.375
240.16	-67.4063
240.24	-67.4063
240.32	-67.4375
240.4	-67.4375
240.48	-67.5
240.56	-67.4687
240.64	-67.4687
240.72	-67.4687
240.8	-67.4687
240.88	-67.4375
240.96	-67.4687
241.04	-67.5
241.12	-67.375
241.2	-67.4687
241.28	-67.4687
241.36	-67.4687
241.44	-67.4687
241.52	-67.4687
241.6	-67.4687
241.68	-67.4687
241.76	-67.5625
241.84	-67.4375
241.92	-67.5
242	-67.5
242.08	-67.5625
242.16	-67.5
242.24	-67.5625
242.32	-67.5625
242.4	-67.5938
242.48	-67.5625
242.56	-67.4687
242.64	-67.4687
242.72	-67.5
242.8	-67.5625
242.88	-67.5625
242.96	-67.5938
243.04	-67.625
243.12	-67.5938
243.2	-67.625
243.28	-67.5938
243.36	-67.5938
243.44	-67.5938
243.52	-67.5938
243.6	-67.6562
243.68	-67.625
243.76	-67.625
243.84	-67.5938
243.92	-67.5625
244	-67.5938
244.08	-67.5625
244.16	-67.625
244.24	-67.625
244.32	-67.6562
244.4	-67.625
244.48	-67.6875
244.56	-67.7188
244.64	-67.6562
244.72	-67.6875
244.8	-67.75
244.88	-67.75
244.96	-67.75
245.04	-67.75
245.12	-67.5938
245.2	-67.6562
245.28	-67.7188
245.36	-67.7812
245.44	-67.7812
245.52	-67.7812
245.6	-67.8125
245.68	-67.7812
245.76	-67.75
245.84	-67.75
245.92	-67.8125
246	-67.75
246.08	-67.7812
246.16	-67.7812
246.24	-67.7812
246.32	-67.8125
246.4	-67.7812
246.48	-67.6875
246.56	-67.7188
246.64	-67.7188
246.72	-67.7812
246.8	-67.8125
246.88	-67.7188
246.96	-67.8125
247.04	-67.7812
247.12	-67.8438
247.2	-67.75
247.28	-67.7188
247.36	-67.7812
247.44	-67.6875
247.52	-67.7188
247.6	-67.8125
247.68	-67.875
247.76	-67.75
247.84	-67.7812
247.92	-67.6875
248	-67.8438
248.08	-67.8438
248.16	-67.8125
248.24	-67.875
248.32	-67.8125
248.4	-67.7812
248.48	-67.8125
248.56	-67.875
248.64	-67.8125
248.72	-67.8438
248.8	-67.9375
248.88	-67.9687
248.96	-67.8438
249.04	-67.7812
249.12	-67.9375
249.2	-67.875
249.28	-67.8125
249.36	-67.8438
249.44	-67.9063
249.52	-67.875
249.6	-67.875
249.68	-67.8438
249.76	-67.875
249.84	-67.9063
249.92	-67.9063
250	-67.8125
250.08	-67.9687
250.16	-67.875
250.24	-67.875
250.32	-67.9063
250.4	-67.8438
250.48	-67.875
250.56	-67.875
250.64	-67.8438
250.72	-67.9063
250.8	-67.875
250.88	-67.875
250.96	-67.9687
251.04	-67.9063
251.12	-67.9375
251.2	-67.9687
251.28	-67.875
251.36	-67.875
251.44	-67.875
251.52	-67.9375
251.6	-67.9063
251.68	-67.9687
251.76	-67.9063
251.84	-67.875
251.92	-67.9063
252	-67.875
252.08	-67.9063
252.16	-67.875
252.24	-67.8438
252.32	-67.875
252.4	-67.9063
252.48	-67.9063
252.56	-67.8125
252.64	-67.875
252.72	-67.8438
252.8	-67.875
252.88	-67.9687
252.96	-67.875
253.04	-67.7812
253.12	-67.8438
253.2	-67.8438
253.28	-67.9063
253.36	-67.875
253.44	-67.8438
253.52	-67.875
253.6	-67.875
253.68	-67.75
253.76	-67.8125
253.84	-67.7812
253.92	-67.9063
254	-67.9063
254.08	-67.7812
254.16	-67.8438
254.24	-67.875
254.32	-67.8125
254.4	-67.9063
254.48	-67.8438
254.56	-67.9375
254.64	-67.9375
254.72	-67.8438
254.8	-67.9063
254.88	-67.875
254.96	-67.9375
255.04	-67.875
255.12	-67.9063
255.2	-67.9375
255.28	-67.9063
255.36	-67.9375
255.44	-67.9375
255.52	-67.9063
255.6	-68
255.68	-67.9687
255.76	-67.9687
255.84	-67.9687
255.92	-67.9375
256	-67.8438
256.08	-67.9687
256.16	-68
256.24	-68.0313
256.32	-67.9375
256.4	-68.0313
256.48	-68
256.56	-68.0313
256.64	-68.0625
256.72	-67.9687
256.8	-67.9687
256.88	-68.0313
256.96	-68
257.04	-68
257.12	-68.0313
257.2	-68.0313
257.28	-68.0937
257.36	-68
257.44	-67.9375
257.52	-67.9375
257.6	-68
257.68	-68.0625
257.76	-67.9687
257.84	-68.125
257.92	-68.0625
258	-67.9687
258.08	-68
258.16	-68.0937
258.24	-68.0625
258.32	-68.0313
258.4	-67.9375
258.48	-68.0313
258.56	-68.0313
258.64	-68.0313
258.72	-68.0313
258.8	-68.0625
258.88	-68.125
258.96	-68.0313
259.04	-68.125
259.12	-68.1562
259.2	-68.0937
259.28	-68.0625
259.36	-68.1562
259.44	-68.0625
259.52	-68.0937
259.6	-68.0625
259.68	-68.0937
259.76	-68.0937
259.84	-67.9687
259.92	-68.0937
260	-68.0313
260.08	-68
260.16	-67.9375
260.24	-68.0313
260.32	-68.125
260.4	-68
260.48	-68.0313
260.56	-68.0313
260.64	-68.0625
260.72	-68.0625
260.8	-68.0313
260.88	-68.0625
260.96	-68.125
261.04	-68.125
261.12	-68.1562
261.2	-68.1562
261.28	-68.0937
261.36	-68.125
261.44	-68.125
261.52	-68.0937
261.6	-68.0625
261.68	-68.0937
261.76	-68.0625
261.84	-68.0625
261.92	-68.0937
262	-68.1562
262.08	-68.125
262.16	-68.0625
262.24	-68.1875
262.32	-68.25
262.4	-68.125
262.48	-68.25
262.56	-68.125
262.64	-68.1562
262.72	-68.1875
262.8	-68.2812
262.88	-68.1875
262.96	-68.25
263.04	-68.25
263.12	-68.3125
263.2	-68.3125
263.28	-68.25
263.36	-68.3125
263.44	-68.2812
263.52	-68.25
263.6	-68.3125
263.68	-68.3125
263.76	-68.3438
263.84	-68.375
263.92	-68.2812
264	-68.3125
264.08	-68.3125
264.16	-68.25
264.24	-68.2812
264.32	-68.2812
264.4	-68.1875
264.48	-68.1875
264.56	-68.1562
264.64	-68.3438
264.72	-68.3438
264.8	-68.2812
264.88	-68.2812
264.96	-68.1875
265.04	-68.1875
265.12	-68.1875
265.2	-68.1875
265.28	-68.1875
265.36	-68.2812
265.44	-68.2812
265.52	-68.1875
265.6	-68.1562
265.68	-68.2812
265.76	-68.1562
265.84	-68.2812
265.92	-68.1875
266	-68.2812
266.08	-68.25
266.16	-68.3125
266.24	-68.1875
266.32	-68.25
266.4	-68.2812
266.48	-68.3125
266.56	-68.2812
266.64	-68.2812
266.72	-68.375
266.8	-68.3438
266.88	-68.3125
266.96	-68.3438
267.04	-68.375
267.12	-68.2812
267.2	-68.2812
267.28	-68.3438
267.36	-68.1875
267.44	-68.2812
267.52	-68.2812
267.6	-68.3125
267.68	-68.4062
267.76	-68.3438
267.84	-68.2812
267.92	-68.2812
268	-68.375
268.08	-68.3125
268.16	-68.4062
268.24	-68.3438
268.32	-68.3438
268.4	-68.3125
268.48	-68.2812
268.56	-68.3438
268.64	-68.3438
268.72	-68.375
268.8	-68.4062
268.88	-68.4062
268.96	-68.4062
269.04	-68.375
269.12	-68.375
269.2	-68.375
269.28	-68.4062
269.36	-68.375
269.44	-68.375
269.52	-68.375
269.6	-68.375
269.68	-68.375
269.76	-68.3125
269.84	-68.4375
269.92	-68.5
270	-68.2812
270.08	-68.3125
270.16	-68.3125
270.24	-68.375
270.32	-68.2812
270.4	-68.2812
270.48	-68.1875
270.56	-68.3438
270.64	-68.3125
270.72	-68.3438
270.8	-68.3438
270.88	-68.375
270.96	-68.3438
271.04	-68.3438
271.12	-68.4062
271.2	-68.3125
271.28	-68.3125
271.36	-68.3438
271.44	-68.375
271.52	-68.375
271.6	-68.25
271.68	-68.375
271.76	-68.3438
271.84	-68.375
271.92	-68.3438
272	-68.375
272.08	-68.3125
272.16	-68.375
272.24	-68.4375
272.32	-68.3438
272.4	-68.375
272.48	-68.3438
272.56	-68.375
272.64	-68.375
272.72	-68.4062
272.8	-68.375
272.88	-68.4687
272.96	-68.3438
273.04	-68.3438
273.12	-68.3125
273.2	-68.375
273.28	-68.4375
273.36	-68.375
273.44	-68.4062
273.52	-68.3438
273.6	-68.4375
273.68	-68.4375
273.76	-68.3438
273.84	-68.4062
273.92	-68.4375
274	-68.4062
274.08	-68.4062
274.16	-68.3125
274.24	-68.375
274.32	-68.375
274.4	-68.4062
274.48	-68.4375
274.56	-68.5
274.64	-68.5
274.72	-68.3125
274.8	-68.4687
274.88	-68.4375
274.96	-68.2812
275.04	-68.4062
275.12	-68.3438
275.2	-68.4062
275.28	-68.4375
275.36	-68.4062
275.44	-68.4375
275.52	-68.4687
275.6	-68.4062
275.68	-68.4375
275.76	-68.4062
275.84	-68.4375
275.92	-68.4062
276	-68.4062
276.08	-68.375
276.16	-68.375
276.24	-68.375
276.32	-68.5
276.4	-68.5
276.48	-68.3438
276.56	-68.4062
276.64	-68.4062
276.72	-68.3438
276.8	-68.4375
276.88	-68.4375
276.96	-68.4375
277.04	-68.375
277.12	-68.4062
277.2	-68.4062
277.28	-68.375
277.36	-68.4062
277.44	-68.375
277.52	-68.375
277.6	-68.4375
277.68	-68.5
277.76	-68.4375
277.84	-68.375
277.92	-68.4375
278	-68.4375
278.08	-68.4062
278.16	-68.4062
278.24	-68.375
278.32	-68.4062
278.4	-68.4062
278.48	-68.5313
278.56	-68.3438
278.64	-68.4375
278.72	-68.5
278.8	-68.4687
278.88	-68.5313
278.96	-68.4687
279.04	-68.4062
279.12	-68.5625
279.2	-68.5
279.28	-68.5937
279.36	-68.5313
279.44	-68.5313
279.52	-68.4687
279.6	-68.5625
279.68	-68.5625
279.76	-68.5
279.84	-68.5313
279.92	-68.5
280	-68.5313
280.08	-68.5625
280.16	-68.5313
280.24	-68.625
280.32	-68.5313
280.4	-68.4687
280.48	-68.5313
280.56	-68.5
280.64	-68.5313
280.72	-68.5313
280.8	-68.5625
280.88	-68.5625
280.96	-68.5
281.04	-68.5
281.12	-68.5
281.2	-68.5
281.28	-68.5
281.36	-68.5625
281.44	-68.4687
281.52	-68.4062
281.6	-68.5
281.68	-68.5313
281.76	-68.5
281.84	-68.5
281.92	-68.5937
282	-68.5313
282.08	-68.5625
282.16	-68.4687
282.24	-68.5
282.32	-68.5625
282.4	-68.5313
282.48	-68.5625
282.56	-68.625
282.64	-68.5313
282.72	-68.5
282.8	-68.5625
282.88	-68.5625
282.96	-68.5
283.04	-68.5313
283.12	-68.5313
283.2	-68.5313
283.28	-68.5937
283.36	-68.5625
283.44	-68.4687
283.52	-68.5313
283.6	-68.5625
283.68	-68.5313
283.76	-68.5625
283.84	-68.5625
283.92	-68.5937
284	-68.5937
284.08	-68.5625
284.16	-68.5313
284.24	-68.5625
284.32	-68.5
284.4	-68.6563
284.48	-68.5625
284.56	-68.5313
284.64	-68.5937
284.72	-68.5625
284.8	-68.5313
284.88	-68.625
284.96	-68.625
285.04	-68.625
285.12	-68.5937
285.2	-68.5937
285.28	-68.5625
285.36	-68.5937
285.44	-68.5625
285.52	-68.5937
285.6	-68.5937
285.68	-68.5937
285.76	-68.7187
285.84	-68.5313
285.92	-68.5937
286	-68.625
286.08	-68.5937
286.16	-68.5625
286.24	-68.5937
286.32	-68.6563
286.4	-68.5937
286.48	-68.5625
286.56	-68.5937
286.64	-68.5313
286.72	-68.5937
286.8	-68.625
286.88	-68.6563
286.96	-68.5313
287.04	-68.5
287.12	-68.5
287.2	-68.5937
287.28	-68.5313
287.36	-68.5313
287.44	-68.625
287.52	-68.6563
287.6	-68.625
287.68	-68.625
287.76	-68.5313
287.84	-68.6563
287.92	-68.625
288	-68.5625
288.08	-68.5625
288.16	-68.6563
288.24	-68.6563
288.32	-68.6563
288.4	-68.625
288.48	-68.75
288.56	-68.6563
288.64	-68.5937
288.72	-68.6563
288.8	-68.6563
288.88	-68.5937
288.96	-68.6563
289.04	-68.5937
289.12	-68.6875
289.2	-68.6563
289.28	-68.6563
289.36	-68.5937
289.44	-68.7187
289.52	-68.7187
289.6	-68.625
289.68	-68.625
289.76	-68.6875
289.84	-68.625
289.92	-68.6875
290	-68.75
290.08	-68.7187
290.16	-68.6563
290.24	-68.6875
290.32	-68.6563
290.4	-68.6563
290.48	-68.6563
290.56	-68.6563
290.64	-68.6875
290.72	-68.6563
290.8	-68.6875
290.88	-68.7187
290.96	-68.7187
291.04	-68.6875
291.12	-68.6563
291.2	-68.6875
291.28	-68.7812
291.36	-68.6563
291.44	-68.75
291.52	-68.7187
291.6	-68.75
291.68	-68.6875
291.76	-68.7812
291.84	-68.7187
291.92	-68.7187
292	-68.7187
292.08	-68.625
292.16	-68.75
292.24	-68.6563
292.32	-68.6563
292.4	-68.6563
292.48	-68.7187
292.56	-68.75
292.64	-68.75
292.72	-68.75
292.8	-68.75
292.88	-68.6875
292.96	-68.7812
293.04	-68.75
293.12	-68.75
293.2	-68.7812
293.28	-68.7187
293.36	-68.6563
293.44	-68.7812
293.52	-68.625
293.6	-68.75
293.68	-68.7812
293.76	-68.6875
293.84	-68.75
293.92	-68.6563
294	-68.625
294.08	-68.6875
294.16	-68.6563
294.24	-68.6563
294.32	-68.7812
294.4	-68.6563
294.48	-68.6875
294.56	-68.6563
294.64	-68.6563
294.72	-68.7187
294.8	-68.7187
294.88	-68.8125
294.96	-68.7187
295.04	-68.75
295.12	-68.7187
295.2	-68.8125
295.28	-68.7187
295.36	-68.7812
295.44	-68.75
295.52	-68.8125
295.6	-68.8125
295.68	-68.75
295.76	-68.7812
295.84	-68.7812
295.92	-68.8438
296	-68.8125
296.08	-68.8125
296.16	-68.7187
296.24	-68.9062
296.32	-68.8438
296.4	-68.7812
296.48	-68.8438
296.56	-68.8125
296.64	-68.9062
296.72	-68.8125
296.8	-68.8438
296.88	-68.8125
296.96	-68.8438
297.04	-68.7187
297.12	-68.7812
297.2	-68.7812
297.28	-68.7187
297.36	-68.8125
297.44	-68.8438
297.52	-68.75
297.6	-68.75
297.68	-68.7187
297.76	-68.7812
297.84	-68.7812
297.92	-68.75
298	-68.75
298.08	-68.9062
298.16	-68.8125
298.24	-68.8438
298.32	-68.8438
298.4	-68.7812
298.48	-68.7812
298.56	-68.8125
298.64	-68.75
298.72	-68.8438
298.8	-68.7812
298.88	-68.8438
298.96	-68.7812
299.04	-68.7812
299.12	-68.8125
299.2	-68.9062
299.28	-68.9062
299.36	-68.9375
299.44	-68.8125
299.52	-68.8438
299.6	-68.8438
299.68	-68.9062
299.76	-68.8125
299.84	-68.9062
299.92	-68.8438
300	-68.9375
300.08	-68.8125
300.16	-68.8438
300.24	-68.8125
300.32	-68.9062
300.4	-68.8125
300.48	-68.75
300.56	-68.7812
300.64	-68.8438
300.72	-68.9062
300.8	-68.9688
300.88	-68.8438
300.96	-68.9062
301.04	-68.8438
301.12	-68.9375
301.2	-68.9062
301.28	-68.9062
301.36	-68.9375
301.44	-68.9375
301.52	-68.9375
301.6	-68.9375
301.68	-68.8438
301.76	-68.9375
301.84	-68.8438
301.92	-68.9062
302	-68.9375
302.08	-68.8438
302.16	-68.8125
302.24	-68.9062
302.32	-68.9062
302.4	-68.9375
302.48	-68.8438
302.56	-68.9688
302.64	-69
302.72	-69
302.8	-68.8438
302.88	-68.8438
302.96	-68.9375
303.04	-68.9375
303.12	-68.9062
303.2	-68.9688
303.28	-68.7812
303.36	-68.9375
303.44	-68.9062
303.52	-68.9062
303.6	-68.8125
303.68	-68.9375
303.76	-68.8125
303.84	-68.8438
303.92	-68.9062
304	-68.8125
304.08	-68.8125
304.16	-68.9375
304.24	-68.8438
304.32	-68.8125
304.4	-68.75
304.48	-68.7812
304.56	-68.8125
304.64	-68.9062
304.72	-68.8438
304.8	-68.9062
304.88	-68.8125
304.96	-68.8438
305.04	-68.8438
305.12	-68.8438
305.2	-68.9062
305.28	-68.9375
305.36	-69
305.44	-68.9688
305.52	-68.9375
305.6	-68.9375
305.68	-68.9375
305.76	-68.9062
305.84	-68.9062
305.92	-68.8438
306	-68.8125
306.08	-68.9375
306.16	-68.9062
306.24	-68.9062
306.32	-68.9688
306.4	-68.9375
306.48	-68.9375
306.56	-69
306.64	-68.9375
306.72	-68.9688
306.8	-68.8438
306.88	-68.9375
306.96	-68.9375
307.04	-68.9375
307.12	-68.9062
307.2	-68.8125
307.28	-68.9062
307.36	-68.8438
307.44	-68.9688
307.52	-68.9375
307.6	-68.9688
307.68	-69.0625
307.76	-68.9062
307.84	-68.8438
307.92	-68.8438
308	-68.9375
308.08	-68.8438
308.16	-68.9062
308.24	-69
308.32	-68.9062
308.4	-68.9062
308.48	-68.9062
308.56	-68.9688
308.64	-68.9375
308.72	-68.9062
308.8	-68.9375
308.88	-68.9062
308.96	-68.8125
309.04	-68.8438
309.12	-68.8438
309.2	-68.9688
309.28	-68.9375
309.36	-68.7812
309.44	-68.9062
309.52	-68.9688
309.6	-68.9688
309.68	-69
309.76	-68.9062
309.84	-69
309.92	-69.0313
310	-68.9688
310.08	-68.9375
310.16	-68.9375
310.24	-68.8438
310.32	-68.8438
310.4	-69
310.48	-68.8438
310.56	-68.9688
310.64	-68.9375
310.72	-68.9062
310.8	-68.9375
310.88	-68.7812
310.96	-68.9375
311.04	-68.8438
311.12	-68.9062
311.2	-68.9688
311.28	-68.9062
311.36	-68.9688
311.44	-69.0313
311.52	-68.8438
311.6	-68.8438
311.68	-68.9688
311.76	-68.9062
311.84	-68.9688
311.92	-68.9062
312	-69.0937
312.08	-68.9688
312.16	-68.9688
312.24	-69
312.32	-69
312.4	-68.9688
312.48	-69.0313
312.56	-69
312.64	-69.0313
312.72	-68.9375
312.8	-69
312.88	-69.0313
312.96	-69.0313
313.04	-69
313.12	-69
313.2	-68.9688
313.28	-69
313.36	-69.0313
313.44	-69
313.52	-68.9688
313.6	-69
313.68	-68.9688
313.76	-69.0625
313.84	-69
313.92	-68.9688
314	-68.9688
314.08	-69.0313
314.16	-68.9688
314.24	-69
314.32	-69.0313
314.4	-69.0625
314.48	-69.0313
314.56	-68.9688
314.64	-69
314.72	-69.125
314.8	-69.0313
314.88	-69.0937
