3937 2
0	-69.0313
0.08	-68.9688
0.16	-68.8438
0.24	-68.9062
0.32	-68.9688
0.4	-69
0.48	-68.9375
0.56	-68.9375
0.64	-68.9375
0.72	-68.9688
0.8	-68.9688
0.88	-69
0.96	-68.9688
1.04	-68.9062
1.12	-68.9375
1.2	-68.9688
1.28	-68.8438
1.36	-69
1.44	-68.9688
1.52	-69
1.6	-69.0313
1.68	-69.0313
1.76	-68.9375
1.84	-69.0313
1.92	-68.8125
2	-68.9375
2.08	-68.9375
2.16	-68.9375
2.24	-68.9062
2.32	-68.9688
2.4	-69.0313
2.48	-69.0313
2.56	-69.0313
2.64	-69.0313
2.72	-68.9688
2.8	-68.9375
2.88	-69
2.96	-68.9375
3.04	-69
3.12	-68.9375
3.2	-68.9375
3.28	-68.9375
3.36	-69
3.44	-69.0313
3.52	-68.9062
3.6	-68.8438
3.68	-69.0625
3.76	-69.0313
3.84	-69.0313
3.92	-68.9688
4	-69.0313
4.08	-69.0625
4.16	-69.0313
4.24	-69.0313
4.32	-69.0625
4.4	-69
4.48	-69
4.56	-69.0625
4.64	-68.9688
4.72	-69
4.8	-69.0313
4.88	-68.9688
4.96	-69.0625
5.04	-68.9688
5.12	-69
5.2	-68.9688
5.28	-69
5.36	-68.9688
5.44	-68.9375
5.52	-69
5.6	-68.9688
5.68	-69
5.76	-68.9688
5.84	-68.9688
5.92	-68.9375
6	-68.9688
6.08	-69.0313
6.16	-68.9688
6.24	-69
6.32	-68.9375
6.4	-68.9375
6.48	-69
6.56	-68.9062
6.64	-68.9688
6.72	-68.9688
6.8	-69
6.88	-68.9375
6.96	-69
7.04	-68.9688
7.12	-69
7.2	-69
7.28	-68.9375
7.36	-69.0625
7.44	-69.0313
7.52	-69.0313
7.6	-68.9375
7.68	-68.9375
7.76	-68.9062
7.84	-68.9688
7.92	-68.9375
8	-68.9688
8.08	-68.9062
8.16	-68.9688
8.24	-69.0313
8.32	-68.9688
8.4	-69
8.48	-68.9688
8.56	-68.9688
8.64	-69.0313
8.72	-68.9375
8.8	-69
8.88	-69.0313
8.96	-68.9375
9.04	-68.9375
9.12	-69.0313
9.2	-68.9688
9.28	-68.9375
9.36	-68.9062
9.44	-68.9688
9.52	-68.9375
9.6	-68.9688
9.68	-69
9.76	-69.0313
9.84	-69.0313
9.92	-69
10	-69
10.08	-68.9062
10.16	-68.9688
10.24	-68.9375
10.32	-68.9688
10.4	-68.9375
10.48	-68.9688
10.56	-69.0313
10.64	-68.9062
10.72	-68.9062
10.8	-68.9688
10.88	-69
10.96	-68.9688
11.04	-69
11.12	-69
11.2	-69.0313
11.28	-69.0313
11.36	-68.9375
11.44	-68.9688
11.52	-68.9688
11.6	-68.9688
11.68	-68.9688
11.76	-69
11.84	-69
11.92	-69.0625
12	-69
12.08	-68.9688
12.16	-68.9688
12.24	-68.9688
12.32	-68.9688
12.4	-68.9062
12.48	-69
12.56	-68.9375
12.64	-69
12.72	-68.9375
12.8	-68.9062
12.88	-68.9375
12.96	-68.9688
13.04	-69.0313
13.12	-68.9688
13.2	-68.9375
13.28	-69
13.36	-68.9375
13.44	-68.9375
13.52	-68.9688
13.6	-68.9062
13.68	-68.9062
13.76	-68.9688
13.84	-68.8438
13.92	-68.9062
14	-68.9688
14.08	-68.9375
14.16	-68.9062
14.24	-69
14.32	-69
14.4	-68.9062
14.48	-68.9375
14.56	-68.9062
14.64	-68.7812
14.72	-68.8438
14.8	-68.9062
14.88	-68.8125
14.96	-68.965
15.04	-68.965
15.12	-68.965
15.2	-68.965
15.28	-68.965
15.36	-68.7775
15.44	-68.7463
15.52	-68.6213
15.6	-68.5275
15.68	-68.4025
15.76	-68.34
15.84	-68.3088
15.92	-68.2775
16	-68.1838
16.08	-68.1838
16.16	-68.0275
16.24	-68.09
16.32	-68.0587
16.4	-68.09
16.48	-67.9338
16.56	-67.9338
16.64	-67.9025
16.72	-67.9025
16.8	-67.8088
16.88	-67.7775
16.96	-67.8088
17.04	-67.7462
17.12	-67.7462
17.2	-67.6838
17.28	-67.6525
17.36	-67.6213
17.44	-67.6213
17.52	-67.59
17.6	-67.5588
17.68	-67.5588
17.76	-67.5588
17.84	-67.5275
17.92	-67.465
18	-67.465
18.08	-67.3713
18.16	-67.4025
18.24	-67.4025
18.32	-67.34
18.4	-67.4025
18.48	-67.3088
18.56	-67.3088
18.64	-67.1838
18.72	-67.1212
18.8	-67.09
18.88	-67.0588
18.96	-67.0588
19.04	-67.1838
19.12	-67.0588
19.2	-67.09
19.28	-67.09
19.36	-67.09
19.44	-67.0275
19.52	-67.0275
19.6	-66.9963
19.68	-66.965
19.76	-66.8713
19.84	-66.9338
19.92	-66.8713
20	-66.9338
20.08	-66.84
20.16	-66.7775
20.24	-66.8088
20.32	-66.8088
20.4	-66.715
20.48	-66.6838
20.56	-66.7463
20.64	-66.7463
20.72	-66.6212
20.8	-66.4963
20.88	-66.5588
20.96	-66.6525
21.04	-66.5275
21.12	-66.4338
21.2	-66.4963
21.28	-66.465
21.36	-66.3713
21.44	-66.4963
21.52	-66.465
21.6	-66.465
21.68	-66.3087
21.76	-66.3087
21.84	-66.34
21.92	-66.3713
22	-66.34
22.08	-66.3087
22.16	-66.2463
22.24	-66.2775
22.32	-66.2463
22.4	-66.215
22.48	-66.1213
22.56	-66.215
22.64	-66.1213
22.72	-66.1213
22.8	-66.09
22.88	-66.0588
22.96	-65.9962
23.04	-66.0275
23.12	-65.9962
23.2	-65.9962
23.28	-65.965
23.36	-65.8713
23.44	-65.965
23.52	-65.9962
23.6	-65.9962
23.68	-65.8713
23.76	-65.965
23.84	-65.84
23.92	-65.715
24	-65.9338
24.08	-65.8713
24.16	-65.9338
24.24	-65.7775
24.32	-65.8088
24.4	-65.84
24.48	-65.7775
24.56	-65.715
24.64	-65.6525
24.72	-65.6837
24.8	-65.6837
24.88	-65.6213
24.96	-65.6837
25.04	-65.8088
25.12	-65.59
25.2	-65.5588
25.28	-65.5275
25.36	-65.6213
25.44	-65.5588
25.52	-65.5588
25.6	-65.4025
25.68	-65.4963
25.76	-65.5275
25.84	-65.4963
25.92	-65.4338
26	-65.34
26.08	-65.4338
26.16	-65.34
26.24	-65.34
26.32	-65.3713
26.4	-65.34
26.48	-65.3713
26.56	-65.2463
26.64	-65.2463
26.72	-65.2463
26.8	-65.2463
26.88	-65.2775
26.96	-65.3088
27.04	-65.09
27.12	-65.0588
27.2	-65.0588
27.28	-65.0275
27.36	-65.0588
27.44	-64.9963
27.52	-65.0275
27.6	-64.965
27.68	-65.0275
27.76	-65.0275
27.84	-64.9338
27.92	-64.9025
28	-64.8712
28.08	-64.9025
28.16	-64.9025
28.24	-64.84
28.32	-64.7775
28.4	-64.9025
28.48	-64.8712
28.56	-64.84
28.64	-64.7775
28.72	-64.7775
28.8	-64.7775
28.88	-64.6838
28.96	-64.6525
29.04	-64.7775
29.12	-64.6525
29.2	-64.7463
29.28	-64.6213
29.36	-64.6838
29.44	-64.6213
29.52	-64.6213
29.6	-64.6838
29.68	-64.6525
29.76	-64.6213
29.84	-64.6213
29.92	-64.59
30	-64.6525
30.08	-64.4963
30.16	-64.6525
30.24	-64.6213
30.32	-64.4963
30.4	-64.6213
30.48	-64.59
30.56	-64.4338
30.64	-64.465
30.72	-64.4963
30.8	-64.4963
30.88	-64.4025
30.96	-64.4338
31.04	-64.4338
31.12	-64.3088
31.2	-64.3713
31.28	-64.465
31.36	-64.3713
31.44	-64.3088
31.52	-64.2775
31.6	-64.2775
31.68	-64.2775
31.76	-64.2775
31.84	-64.3088
31.92	-64.1838
32	-64.1838
32.08	-64.1213
32.16	-64.1838
32.24	-64.215
32.32	-64.1213
32.4	-64.09
32.48	-64.1213
32.56	-64.1838
32.64	-64.09
32.72	-64.09
32.8	-64.0275
32.88	-64.0275
32.96	-63.965
33.04	-63.9025
33.12	-63.965
33.2	-63.9338
33.28	-63.9963
33.36	-63.9963
33.44	-63.8713
33.52	-63.8713
33.6	-63.8713
33.68	-63.8713
33.76	-63.7775
33.84	-63.8713
33.92	-63.8713
34	-63.7775
34.08	-63.8088
34.16	-63.7775
34.24	-63.7775
34.32	-63.6525
34.4	-63.6838
34.48	-63.715
34.56	-63.715
34.64	-63.6525
34.72	-63.59
34.8	-63.59
34.88	-63.715
34.96	-63.6525
35.04	-63.6213
35.12	-63.6525
35.2	-63.6838
35.28	-63.6213
35.36	-63.715
35.44	-63.59
35.52	-63.5588
35.6	-63.465
35.68	-63.5588
35.76	-63.6213
35.84	-63.5588
35.92	-63.4338
36	-63.465
36.08	-63.59
36.16	-63.465
36.24	-63.4963
36.32	-63.5275
36.4	-63.4025
36.48	-63.4025
36.56	-63.4025
36.64	-63.5275
36.72	-63.4338
36.8	-63.4025
36.88	-63.3088
36.96	-63.3713
37.04	-63.34
37.12	-63.3088
37.2	-63.2775
37.28	-63.3088
37.36	-63.2775
37.44	-63.2775
37.52	-63.1525
37.6	-63.2463
37.68	-63.215
37.76	-63.2463
37.84	-63.1213
37.92	-63.0275
38	-63.1213
38.08	-63.215
38.16	-63.0588
38.24	-63.0588
38.32	-63.1213
38.4	-63.0588
38.48	-63.1213
38.56	-63.09
38.64	-63.0588
38.72	-63.09
38.8	-62.9963
38.88	-63.0588
38.96	-63.0588
39.04	-62.9338
39.12	-62.9338
39.2	-62.9338
39.28	-62.9025
39.36	-62.9338
39.44	-62.9025
39.52	-62.84
39.6	-62.8713
39.68	-62.8713
39.76	-62.8713
39.84	-62.8088
39.92	-62.8713
40	-62.84
40.08	-62.84
40.16	-62.7463
40.24	-62.7775
40.32	-62.8088
40.4	-62.715
40.48	-62.8088
40.56	-62.6213
40.64	-62.715
40.72	-62.7463
40.8	-62.715
40.88	-62.6838
40.96	-62.7463
41.04	-62.715
41.12	-62.6838
41.2	-62.6838
41.28	-62.7775
41.36	-62.6213
41.44	-62.6525
41.52	-62.59
41.6	-62.6838
41.68	-62.6838
41.76	-62.5588
41.84	-62.59
41.92	-62.6525
42	-62.465
42.08	-62.5588
42.16	-62.5588
42.24	-62.5275
42.32	-62.4338
42.4	-62.4338
42.48	-62.3713
42.56	-62.3713
42.64	-62.4338
42.72	-62.4025
42.8	-62.34
42.88	-62.4338
42.96	-62.4025
43.04	-62.4025
43.12	-62.34
43.2	-62.34
43.28	-62.4025
43.36	-62.34
43.44	-62.2463
43.52	-62.2463
43.6	-62.215
43.68	-62.1525
43.76	-62.2463
43.84	-62.2463
43.92	-62.215
44	-62.215
44.08	-62.1838
44.16	-62.215
44.24	-62.2775
44.32	-62.215
44.4	-62.3088
44.48	-62.2463
44.56	-62.215
44.64	-62.1838
44.72	-62.1525
44.8	-62.1838
44.88	-62.09
44.96	-62.1838
45.04	-62.09
45.12	-62.0588
45.2	-62.0588
45.28	-62.0588
45.36	-61.965
45.44	-62.1213
45.52	-62.0275
45.6	-61.965
45.68	-62.0588
45.76	-61.9963
45.84	-61.9963
45.92	-62.0275
46	-61.965
46.08	-61.965
46.16	-61.9338
46.24	-61.9338
46.32	-61.8713
46.4	-61.8713
46.48	-61.84
46.56	-61.9025
46.64	-61.9338
46.72	-61.9025
46.8	-61.9963
46.88	-61.7775
46.96	-61.84
47.04	-61.84
47.12	-61.8713
47.2	-61.965
47.28	-61.9025
47.36	-61.9338
47.44	-61.84
47.52	-61.7775
47.6	-61.7775
47.68	-61.715
47.76	-61.7775
47.84	-61.6525
47.92	-61.6838
48	-61.7463
48.08	-61.715
48.16	-61.7463
48.24	-61.7463
48.32	-61.6525
48.4	-61.59
48.48	-61.6525
48.56	-61.6838
48.64	-61.6525
48.72	-61.59
48.8	-61.5588
48.88	-61.6213
48.96	-61.6213
49.04	-61.5588
49.12	-61.5588
49.2	-61.4963
49.28	-61.5588
49.36	-61.5275
49.44	-61.5275
49.52	-61.4963
49.6	-61.465
49.68	-61.4963
49.76	-61.465
49.84	-61.4025
49.92	-61.3713
50	-61.4025
50.08	-61.3713
50.16	-61.3713
50.24	-61.3713
50.32	-61.4025
50.4	-61.4025
50.48	-61.34
50.56	-61.4025
50.64	-61.34
50.72	-61.3088
50.8	-61.3713
50.88	-61.34
50.96	-61.215
51.04	-61.3088
51.12	-61.1838
51.2	-61.215
51.28	-61.2775
51.36	-61.1838
51.44	-61.2775
51.52	-61.3088
51.6	-61.2775
51.68	-61.1838
51.76	-61.215
51.84	-61.215
51.92	-61.1838
52	-61.09
52.08	-61.1838
52.16	-61.09
52.24	-61.215
52.32	-61.1525
52.4	-61.2463
52.48	-61.0588
52.56	-61.0588
52.64	-61.09
52.72	-61.0588
52.8	-61.0275
52.88	-61.1525
52.96	-61.0275
53.04	-61.0588
53.12	-61.0588
53.2	-61.0588
53.28	-60.9963
53.36	-61.0275
53.44	-60.965
53.52	-60.9025
53.6	-60.9963
53.68	-60.9963
53.76	-60.9338
53.84	-61.0275
53.92	-60.9338
54	-61.0275
54.08	-60.965
54.16	-60.965
54.24	-60.965
54.32	-60.8713
54.4	-60.9338
54.48	-60.7775
54.56	-60.8713
54.64	-60.7775
54.72	-60.84
54.8	-60.84
54.88	-60.7775
54.96	-60.8088
55.04	-60.715
55.12	-60.715
55.2	-60.6525
55.28	-60.7775
55.36	-60.7775
55.44	-60.7463
55.52	-60.6838
55.6	-60.715
55.68	-60.5588
55.76	-60.6525
55.84	-60.715
55.92	-60.6525
56	-60.715
56.08	-60.6525
56.16	-60.6525
56.24	-60.6838
56.32	-60.6213
56.4	-60.5275
56.48	-60.59
56.56	-60.6525
56.64	-60.6525
56.72	-60.5588
56.8	-60.6838
56.88	-60.6525
56.96	-60.59
57.04	-60.6838
57.12	-60.6213
57.2	-60.6213
57.28	-60.465
57.36	-60.5275
57.44	-60.59
57.52	-60.4963
57.6	-60.5275
57.68	-60.465
57.76	-60.4963
57.84	-60.5588
57.92	-60.59
58	-60.5275
58.08	-60.465
58.16	-60.4963
58.24	-60.5275
58.32	-60.4963
58.4	-60.4963
58.48	-60.5275
58.56	-60.4963
58.64	-60.465
58.72	-60.5588
58.8	-60.4025
58.88	-60.3088
58.96	-60.3713
59.04	-60.3713
59.12	-60.2775
59.2	-60.3088
59.28	-60.3088
59.36	-60.34
59.44	-60.215
59.52	-60.215
59.6	-60.2775
59.68	-60.215
59.76	-60.2775
59.84	-60.2463
59.92	-60.1525
60	-60.215
60.08	-60.1213
60.16	-60.215
60.24	-60.1213
60.32	-60.1838
60.4	-60.1213
60.48	-60.1838
60.56	-60.1838
60.64	-60.1525
60.72	-60.09
60.8	-60.09
60.88	-60.1213
60.96	-60.09
61.04	-59.9963
61.12	-60.1213
61.2	-59.9963
61.28	-60.09
61.36	-59.9963
61.44	-60.0588
61.52	-59.965
61.6	-60.0588
61.68	-59.9963
61.76	-60.0588
61.84	-59.965
61.92	-59.9338
62	-59.965
62.08	-59.9963
62.16	-59.965
62.24	-59.9025
62.32	-59.9338
62.4	-59.9338
62.48	-59.9025
62.56	-59.965
62.64	-59.84
62.72	-59.965
62.8	-59.8713
62.88	-59.9025
62.96	-59.84
63.04	-59.84
63.12	-59.84
63.2	-59.84
63.28	-59.8088
63.36	-59.8713
63.44	-59.8088
63.52	-59.715
63.6	-59.8088
63.68	-59.8713
63.76	-59.84
63.84	-59.7775
63.92	-59.8088
64	-59.84
64.08	-59.84
64.16	-59.7775
64.24	-59.84
64.32	-59.7775
64.4	-59.8088
64.48	-59.715
64.56	-59.715
64.64	-59.6838
64.72	-59.6213
64.8	-59.6838
64.88	-59.7775
64.96	-59.6838
65.04	-59.6838
65.12	-59.6525
65.2	-59.6213
65.28	-59.6838
65.36	-59.6525
65.44	-59.6213
65.52	-59.5588
65.6	-59.5588
65.68	-59.6525
65.76	-59.5275
65.84	-59.59
65.92	-59.465
66	-59.5275
66.08	-59.465
66.16	-59.59
66.24	-59.5275
66.32	-59.4963
66.4	-59.465
66.48	-59.4963
66.56	-59.3713
66.64	-59.4338
66.72	-59.465
66.8	-59.4963
66.88	-59.465
66.96	-59.4025
67.04	-59.465
67.12	-59.4025
67.2	-59.4025
67.28	-59.3713
67.36	-59.465
67.44	-59.4338
67.52	-59.3713
67.6	-59.3713
67.68	-59.465
67.76	-59.34
67.84	-59.3713
67.92	-59.3713
68	-59.3088
68.08	-59.34
68.16	-59.2463
68.24	-59.2775
68.32	-59.34
68.4	-59.3088
68.48	-59.34
68.56	-59.215
68.64	-59.2463
68.72	-59.215
68.8	-59.2463
68.88	-59.2463
68.96	-59.2463
69.04	-59.1525
69.12	-59.1213
69.2	-59.2463
69.28	-59.1838
69.36	-59.1838
69.44	-59.1525
69.52	-59.1213
69.6	-59.2463
69.68	-59.2775
69.76	-59.1525
69.84	-59.1213
69.92	-59.09
70	-59.1525
70.08	-59.1838
70.16	-59.1213
70.24	-59.1213
70.32	-59.0275
70.4	-59.09
70.48	-59.0275
70.56	-59.1213
70.64	-59.09
70.72	-59.09
70.8	-59.09
70.88	-58.9338
70.96	-59.1213
71.04	-58.9338
71.12	-59.1213
71.2	-59.0275
71.28	-59.0275
71.36	-59.0275
71.44	-58.9338
71.52	-58.9025
71.6	-58.965
71.68	-58.9338
71.76	-59.0275
71.84	-58.9025
71.92	-58.9025
72	-58.9338
72.08	-58.8088
72.16	-58.84
72.24	-58.84
72.32	-58.8088
72.4	-58.7463
72.48	-58.8088
72.56	-58.7463
72.64	-58.7463
72.72	-58.6838
72.8	-58.715
72.88	-58.8088
72.96	-58.7775
73.04	-58.715
73.12	-58.8088
73.2	-58.7463
73.28	-58.8713
73.36	-58.7775
73.44	-58.6838
73.52	-58.715
73.6	-58.7775
73.68	-58.6525
73.76	-58.7463
73.84	-58.6838
73.92	-58.6838
74	-58.6525
74.08	-58.7463
74.16	-58.7775
74.24	-58.6838
74.32	-58.7463
74.4	-58.715
74.48	-58.715
74.56	-58.6525
74.64	-58.6525
74.72	-58.6525
74.8	-58.6838
74.88	-58.6525
74.96	-58.6838
75.04	-58.6525
75.12	-58.6838
75.2	-58.59
75.28	-58.6525
75.36	-58.6213
75.44	-58.5588
75.52	-58.5275
75.6	-58.5588
75.68	-58.4963
75.76	-58.4338
75.84	-58.5588
75.92	-58.465
76	-58.5588
76.08	-58.5588
76.16	-58.465
76.24	-58.4963
76.32	-58.5588
76.4	-58.5275
76.48	-58.465
76.56	-58.4963
76.64	-58.4963
76.72	-58.4338
76.8	-58.34
76.88	-58.465
76.96	-58.4963
77.04	-58.5588
77.12	-58.4963
77.2	-58.4963
77.28	-58.34
77.36	-58.34
77.44	-58.3088
77.52	-58.4338
77.6	-58.4338
77.68	-58.4025
77.76	-58.34
77.84	-58.4025
77.92	-58.4025
78	-58.34
78.08	-58.3088
78.16	-58.2775
78.24	-58.34
78.32	-58.3088
78.4	-58.34
78.48	-58.3088
78.56	-58.2775
78.64	-58.215
78.72	-58.2463
78.8	-58.3088
78.88	-58.3088
78.96	-58.2463
79.04	-58.2463
79.12	-58.3088
79.2	-58.2463
79.28	-58.1838
79.36	-58.215
79.44	-58.1838
79.52	-58.2775
79.6	-58.215
79.68	-58.1525
79.76	-58.2463
79.84	-58.215
79.92	-58.2775
80	-58.1838
80.08	-58.1525
80.16	-58.1213
80.24	-58.09
80.32	-58.1213
80.4	-58.1213
80.48	-58.1213
80.56	-58.1525
80.64	-58.2463
80.72	-58.1525
80.8	-58.1213
80.88	-58.1213
80.96	-58.09
81.04	-58.0275
81.12	-57.965
81.2	-58.09
81.28	-58.0588
81.36	-58.0588
81.44	-58.1525
81.52	-58.0275
81.6	-58.0588
81.68	-58.0588
81.76	-58.0588
81.84	-57.9963
81.92	-57.965
82	-57.9025
82.08	-57.9338
82.16	-57.8713
82.24	-57.8088
82.32	-57.84
82.4	-57.9338
82.48	-57.8713
82.56	-57.84
82.64	-57.84
82.72	-57.7463
82.8	-57.7463
82.88	-57.715
82.96	-57.6525
83.04	-57.6525
83.12	-57.715
83.2	-57.715
83.28	-57.6213
83.36	-57.6213
83.44	-57.6525
83.52	-57.6525
83.6	-57.6525
83.68	-57.59
83.76	-57.59
83.84	-57.59
83.92	-57.6213
84	-57.6525
84.08	-57.6213
84.16	-57.5275
84.24	-57.5588
84.32	-57.5588
84.4	-57.59
84.48	-57.6213
84.56	-57.59
84.64	-57.6213
84.72	-57.6213
84.8	-57.5275
84.88	-57.5275
84.96	-57.5588
85.04	-57.6213
85.12	-57.59
85.2	-57.59
85.28	-57.5275
85.36	-57.4963
85.44	-57.465
85.52	-57.4338
85.6	-57.5588
85.68	-57.465
85.76	-57.5275
85.84	-57.4025
85.92	-57.3713
86	-57.465
86.08	-57.465
86.16	-57.34
86.24	-57.4025
86.32	-57.4963
86.4	-57.4338
86.48	-57.3713
86.56	-57.34
86.64	-57.34
86.72	-57.2775
86.8	-57.34
86.88	-57.2775
86.96	-57.4025
87.04	-57.34
87.12	-57.3713
87.2	-57.2775
87.28	-57.34
87.36	-57.3088
87.44	-57.34
87.52	-57.3088
87.6	-57.3088
87.68	-57.3088
87.76	-57.2463
87.84	-57.2463
87.92	-57.215
88	-57.2775
88.08	-57.2775
88.16	-57.215
88.24	-57.2775
88.32	-57.2775
88.4	-57.1525
88.48	-57.215
88.56	-57.1838
88.64	-57.1838
88.72	-57.215
88.8	-57.215
88.88	-57.1213
88.96	-57.2775
89.04	-57.1525
89.12	-57.0588
89.2	-57.1213
89.28	-57.0588
89.36	-57.0588
89.44	-57.1525
89.52	-57.09
89.6	-57.1525
89.68	-56.965
89.76	-57.0275
89.84	-56.965
89.92	-57.0275
90	-57.09
90.08	-57.0588
90.16	-57.0275
90.24	-56.9025
90.32	-57.09
90.4	-56.965
90.48	-56.9338
90.56	-56.9025
90.64	-56.965
90.72	-56.8713
90.8	-57.0588
90.88	-57.0275
90.96	-56.965
91.04	-57.0275
91.12	-56.9338
91.2	-56.9025
91.28	-56.8713
91.36	-56.8713
91.44	-56.9025
91.52	-56.965
91.6	-56.84
91.68	-56.84
91.76	-56.8088
91.84	-56.8088
91.92	-56.7775
92	-56.84
92.08	-56.7463
92.16	-56.7463
92.24	-56.7775
92.32	-56.7463
92.4	-56.7775
92.48	-56.7463
92.56	-56.8088
92.64	-56.7775
92.72	-56.8088
92.8	-56.8088
92.88	-56.7463
92.96	-56.7463
93.04	-56.7463
93.12	-56.6213
93.2	-56.6213
93.28	-56.6213
93.36	-56.59
93.44	-56.59
93.52	-56.6838
93.6	-56.6525
93.68	-56.59
93.76	-56.6213
93.84	-56.6525
93.92	-56.6838
94	-56.6525
94.08	-56.5588
94.16	-56.6213
94.24	-56.5275
94.32	-56.59
94.4	-56.5275
94.48	-56.59
94.56	-56.59
94.64	-56.5275
94.72	-56.59
94.8	-56.5275
94.88	-56.5275
94.96	-56.5588
95.04	-56.465
95.12	-56.4338
95.2	-56.4963
95.28	-56.4963
95.36	-56.5275
95.44	-56.4963
95.52	-56.465
95.6	-56.3713
95.68	-56.465
95.76	-56.4025
95.84	-56.3713
95.92	-56.3713
96	-56.2775
96.08	-56.34
96.16	-56.34
96.24	-56.4025
96.32	-56.3713
96.4	-56.2775
96.48	-56.2775
96.56	-56.34
96.64	-56.2463
96.72	-56.2463
96.8	-56.34
96.88	-56.2775
96.96	-56.3713
97.04	-56.215
97.12	-56.2463
97.2	-56.34
97.28	-56.2775
97.36	-56.2463
97.44	-56.2463
97.52	-56.215
97.6	-56.215
97.68	-56.2775
97.76	-56.2463
97.84	-56.215
97.92	-56.2463
98	-56.2775
98.08	-56.2463
98.16	-56.2463
98.24	-56.215
98.32	-56.1525
98.4	-56.1525
98.48	-56.1525
98.56	-56.1213
98.64	-56.1213
98.72	-56.0275
98.8	-56.0588
98.88	-56.09
98.96	-56.09
99.04	-56.09
99.12	-56.1525
99.2	-56.0588
99.28	-56.0588
99.36	-56.1525
99.44	-56.0275
99.52	-55.9963
99.6	-55.9963
99.68	-56.0588
99.76	-55.9963
99.84	-55.9963
99.92	-55.965
100	-55.965
100.08	-55.9963
100.16	-55.9025
100.24	-55.9025
100.32	-55.8713
100.4	-55.965
100.48	-55.9025
100.56	-55.965
100.64	-55.9963
100.72	-55.8713
100.8	-55.8713
100.88	-55.9025
100.96	-55.9338
101.04	-55.9338
101.12	-55.8713
101.2	-55.8088
101.28	-55.9025
101.36	-55.8088
101.44	-55.7775
101.52	-55.7775
101.6	-55.8088
101.68	-55.84
101.76	-55.8088
101.84	-55.8088
101.92	-55.8713
102	-55.9025
102.08	-55.7775
102.16	-55.8088
102.24	-55.7463
102.32	-55.8088
102.4	-55.8088
102.48	-55.8088
102.56	-55.8088
102.64	-55.6838
102.72	-55.715
102.8	-55.6838
102.88	-55.6213
102.96	-55.7775
103.04	-55.715
103.12	-55.6838
103.2	-55.7463
103.28	-55.6838
103.36	-55.5588
103.44	-55.59
103.52	-55.5588
103.6	-55.5275
103.68	-55.5275
103.76	-55.5588
103.84	-55.5588
103.92	-55.465
104	-55.5588
104.08	-55.5588
104.16	-55.4963
104.24	-55.5275
104.32	-55.5275
104.4	-55.5588
104.48	-55.5275
104.56	-55.5588
104.64	-55.4963
104.72	-55.5275
104.8	-55.5275
104.88	-55.4338
104.96	-55.4963
105.04	-55.4963
105.12	-55.4025
105.2	-55.465
105.28	-55.3713
105.36	-55.4963
105.44	-55.4025
105.52	-55.465
105.6	-55.3713
105.68	-55.34
105.76	-55.4338
105.84	-55.34
105.92	-55.2463
106	-55.3088
106.08	-55.215
106.16	-55.2463
106.24	-55.2775
106.32	-55.34
106.4	-55.2775
106.48	-55.1838
106.56	-55.2463
106.64	-55.2463
106.72	-55.2775
106.8	-55.2463
106.88	-55.215
106.96	-55.215
107.04	-55.1838
107.12	-55.215
107.2	-55.1838
107.28	-55.215
107.36	-55.1838
107.44	-55.1838
107.52	-55.215
107.6	-55.1213
107.68	-55.1838
107.76	-55.09
107.84	-55.1213
107.92	-55.1213
108	-55.1213
108.08	-55.0275
108.16	-55.09
108.24	-55.0588
108.32	-55.0275
108.4	-55.0588
108.48	-55.0275
108.56	-55.1213
108.64	-54.9963
108.72	-55.0275
108.8	-54.9963
108.88	-55.0588
108.96	-54.9025
109.04	-55.0275
109.12	-54.9025
109.2	-54.9338
109.28	-54.9963
109.36	-54.9963
109.44	-54.8713
109.52	-54.8713
109.6	-54.8088
109.68	-54.7463
109.76	-54.7463
109.84	-54.8088
109.92	-54.7775
110	-54.7775
110.08	-54.8088
110.16	-54.7775
110.24	-54.8088
110.32	-54.7463
110.4	-54.6525
110.48	-54.6838
110.56	-54.6838
110.64	-54.6838
110.72	-54.715
110.8	-54.6525
110.88	-54.5588
110.96	-54.6213
111.04	-54.6213
111.12	-54.6213
111.2	-54.5588
111.28	-54.6525
111.36	-54.59
111.44	-54.5588
111.52	-54.59
111.6	-54.6213
111.68	-54.4963
111.76	-54.59
111.84	-54.4963
111.92	-54.5588
112	-54.5275
112.08	-54.465
112.16	-54.465
112.24	-54.3713
112.32	-54.4963
112.4	-54.5275
112.48	-54.3713
112.56	-54.4338
112.64	-54.4025
112.72	-54.4338
112.8	-54.4025
112.88	-54.465
112.96	-54.34
113.04	-54.4338
113.12	-54.5275
113.2	-54.465
113.28	-54.4025
113.36	-54.3713
113.44	-54.4338
113.52	-54.34
113.6	-54.4025
113.68	-54.3088
113.76	-54.2463
113.84	-54.2463
113.92	-54.1838
114	-54.2463
114.08	-54.34
114.16	-54.2463
114.24	-54.215
114.32	-54.1838
114.4	-54.2463
114.48	-54.3088
114.56	-54.1838
114.64	-54.2463
114.72	-54.1838
114.8	-54.09
114.88	-54.1525
114.96	-54.1213
115.04	-54.1838
115.12	-54.1525
115.2	-54.0275
115.28	-54.0275
115.36	-54.0275
115.44	-53.9338
115.52	-54.0588
115.6	-53.965
115.68	-54.0275
115.76	-53.9338
115.84	-53.9963
115.92	-53.9025
116	-54.0588
116.08	-53.9963
116.16	-53.965
116.24	-53.84
116.32	-53.9025
116.4	-53.715
116.48	-53.7775
116.56	-53.8088
116.64	-53.7775
116.72	-53.8088
116.8	-53.8088
116.88	-53.6838
116.96	-53.6838
117.04	-53.7775
117.12	-53.6838
117.2	-53.6525
117.28	-53.6838
117.36	-53.715
117.44	-53.6525
117.52	-53.5588
117.6	-53.6213
117.68	-53.6525
117.76	-53.6525
117.84	-53.6525
117.92	-53.5588
118	-53.5588
118.08	-53.5275
118.16	-53.5588
118.24	-53.4963
118.32	-53.4963
118.4	-53.4963
118.48	-53.4963
118.56	-53.4025
118.64	-53.3713
118.72	-53.4025
118.8	-53.4025
118.88	-53.4338
118.96	-53.4338
119.04	-53.4025
119.12	-53.3713
119.2	-53.3713
119.28	-53.3713
119.36	-53.2775
119.44	-53.4025
119.52	-53.215
119.6	-53.2775
119.68	-53.34
119.76	-53.4338
119.84	-53.3713
119.92	-53.4025
120	-53.3713
120.08	-53.3088
120.16	-53.1838
120.24	-53.2463
120.32	-53.215
120.4	-53.1838
120.48	-53.215
120.56	-53.2775
120.64	-53.1525
120.72	-53.2463
120.8	-53.09
120.88	-53.1838
120.96	-53.2463
121.04	-53.09
121.12	-53.1213
121.2	-53.1838
121.28	-53.1525
121.36	-53.1213
121.44	-53.09
121.52	-53.1525
121.6	-53.09
121.68	-53.1525
121.76	-53.0588
121.84	-53.1213
121.92	-53.0275
122	-53.0588
122.08	-53.0275
122.16	-52.9963
122.24	-52.84
122.32	-52.965
122.4	-52.84
122.48	-52.84
122.56	-52.9338
122.64	-52.8713
122.72	-52.8713
122.8	-52.8088
122.88	-52.84
122.96	-52.7775
123.04	-52.7775
123.12	-52.8088
123.2	-52.6525
123.28	-52.7463
123.36	-52.8088
123.44	-52.6838
123.52	-52.6213
123.6	-52.6838
123.68	-52.6525
123.76	-52.6213
123.84	-52.6525
123.92	-52.6213
124	-52.6838
124.08	-52.6213
124.16	-52.6213
124.24	-52.5275
124.32	-52.5275
124.4	-52.5275
124.48	-52.59
124.56	-52.5588
124.64	-52.5588
124.72	-52.465
124.8	-52.4963
124.88	-52.465
124.96	-52.4338
125.04	-52.4338
125.12	-52.4338
125.2	-52.34
125.28	-52.3713
125.36	-52.3713
125.44	-52.34
125.52	-52.3713
125.6	-52.3088
125.68	-52.2775
125.76	-52.1838
125.84	-52.1838
125.92	-52.2775
126	-52.2463
126.08	-52.1838
126.16	-52.1838
126.24	-52.1213
126.32	-52.1213
126.4	-52.1838
126.48	-51.965
126.56	-52.09
126.64	-52.0275
126.72	-52.0275
126.8	-51.9338
126.88	-51.965
126.96	-51.965
127.04	-51.9025
127.12	-51.9025
127.2	-51.84
127.28	-51.84
127.36	-51.84
127.44	-51.84
127.52	-51.7463
127.6	-51.84
127.68	-51.715
127.76	-51.715
127.84	-51.715
127.92	-51.7463
128	-51.715
128.08	-51.6525
128.16	-51.6838
128.24	-51.6838
128.32	-51.6213
128.4	-51.4963
128.48	-51.6525
128.56	-51.5588
128.64	-51.6213
128.72	-51.5588
128.8	-51.4025
128.88	-51.5588
128.96	-51.465
129.04	-51.4963
129.12	-51.5588
129.2	-51.4338
129.28	-51.4025
129.36	-51.465
129.44	-51.465
129.52	-51.465
129.6	-51.4338
129.68	-51.5588
129.76	-51.34
129.84	-51.4025
129.92	-51.4338
130	-51.3088
130.08	-51.2775
130.16	-51.2775
130.24	-51.1525
130.32	-51.1525
130.4	-51.1838
130.48	-51.2463
130.56	-51.1525
130.64	-51.1213
130.72	-51.1525
130.8	-51.2463
130.88	-51.1838
130.96	-51.1213
131.04	-51.0275
131.12	-50.9963
131.2	-51.0275
131.28	-50.9338
131.36	-50.9338
131.44	-50.9025
131.52	-50.9025
131.6	-50.8088
131.68	-50.8088
131.76	-50.6838
131.84	-50.7463
131.92	-50.6213
132	-50.6525
132.08	-50.59
132.16	-50.6213
132.24	-50.6525
132.32	-50.6838
132.4	-50.5588
132.48	-50.6213
132.56	-50.5588
132.64	-50.465
132.72	-50.4025
132.8	-50.4025
132.88	-50.3713
132.96	-50.34
133.04	-50.3713
133.12	-50.2775
133.2	-50.3088
133.28	-50.3713
133.36	-50.3088
133.44	-50.34
133.52	-50.3088
133.6	-50.3088
133.68	-50.1838
133.76	-50.2463
133.84	-50.1838
133.92	-50.215
134	-50.215
134.08	-50.09
134.16	-50.1213
134.24	-50.1213
134.32	-49.965
134.4	-49.9338
134.48	-49.965
134.56	-49.8713
134.64	-49.7775
134.72	-49.7775
134.8	-49.84
134.88	-49.7463
134.96	-49.6838
135.04	-49.715
135.12	-49.6525
135.2	-49.6213
135.28	-49.6213
135.36	-49.5275
135.44	-49.5275
135.52	-49.4025
135.6	-49.4025
135.68	-49.34
135.76	-49.3713
135.84	-49.3088
135.92	-49.1838
136	-49.1838
136.08	-49.2463
136.16	-49.2463
136.24	-49.1213
136.32	-49.0588
136.4	-49.0588
136.48	-48.9963
136.56	-48.965
136.64	-48.9338
136.72	-48.84
136.8	-48.7463
136.88	-48.6525
136.96	-48.59
137.04	-48.5275
137.12	-48.465
137.2	-48.2463
137.28	-48.2775
137.36	-48.1525
137.44	-47.9963
137.52	-47.84
137.6	-47.84
137.68	-47.7463
137.76	-47.4963
137.84	-47.1838
137.92	-46.215
138	-42.34
138.08	-36.215
138.16	-29.34
138.24	-20.6838
138.32	-8.87125
138.4	4.16
138.48	14.7537
138.56	21.9725
138.64	26.2537
138.72	28.2225
138.8	28.3475
138.88	27.3162
138.96	25.2225
139.04	22.535
139.12	19.3787
139.2	16.0662
139.28	12.5975
139.36	9.12875
139.44	5.535
139.52	1.81625
139.6	-1.9025
139.68	-5.6525
139.76	-9.5275
139.84	-13.465
139.92	-17.3713
140	-21.1525
140.08	-24.9338
140.16	-28.4025
140.24	-31.8088
140.32	-34.84
140.4	-37.5588
140.48	-39.9338
140.56	-42.1213
140.64	-44.0275
140.72	-45.6213
140.8	-47.0588
140.88	-48.2775
140.96	-49.3088
141.04	-50.215
141.12	-51.0275
141.2	-51.7775
141.28	-52.34
141.36	-52.7775
141.44	-53.1525
141.52	-53.6525
141.6	-53.9025
141.68	-54.34
141.76	-54.4963
141.84	-54.715
141.92	-54.84
142	-54.9963
142.08	-55.1525
142.16	-55.3088
142.24	-55.34
142.32	-55.4963
142.4	-55.5275
142.48	-55.59
142.56	-55.6838
142.64	-55.715
142.72	-55.7463
142.8	-55.6838
142.88	-55.7775
142.96	-55.7463
143.04	-55.6838
143.12	-55.7775
143.2	-55.6838
143.28	-55.715
143.36	-55.5588
143.44	-55.4963
143.52	-55.4963
143.6	-55.4025
143.68	-55.465
143.76	-55.34
143.84	-55.4963
143.92	-55.4338
144	-55.34
144.08	-55.2775
144.16	-55.215
144.24	-55.215
144.32	-55.1525
144.4	-54.9963
144.48	-54.9338
144.56	-54.8713
144.64	-54.7775
144.72	-54.9025
144.8	-54.9338
144.88	-54.84
144.96	-54.7775
145.04	-54.7463
145.12	-54.8088
145.2	-54.715
145.28	-54.6838
145.36	-54.6525
145.44	-54.6525
145.52	-54.6213
145.6	-54.5275
145.68	-54.59
145.76	-54.59
145.84	-54.6213
145.92	-54.4963
146	-54.4963
146.08	-54.4963
146.16	-54.4338
146.24	-54.4338
146.32	-54.465
146.4	-54.3088
146.48	-54.4025
146.56	-54.4963
146.64	-54.3713
146.72	-54.3088
146.8	-54.3088
146.88	-54.34
146.96	-54.2463
147.04	-54.34
147.12	-54.2463
147.2	-54.2463
147.28	-54.1838
147.36	-54.3088
147.44	-54.215
147.52	-54.215
147.6	-54.1838
147.68	-54.1838
147.76	-54.1213
147.84	-54.09
147.92	-54.0588
148	-54.09
148.08	-54.09
148.16	-54.1525
148.24	-54.0275
148.32	-54.1213
148.4	-54.0275
148.48	-53.9963
148.56	-54.0275
148.64	-54.09
148.72	-54.09
148.8	-54.0588
148.88	-53.9963
148.96	-53.9963
149.04	-54.0588
149.12	-54.0275
149.2	-54.09
149.28	-54.0275
149.36	-54.0275
149.44	-54.0275
149.52	-53.9963
149.6	-54.09
149.68	-54.09
149.76	-54.1213
149.84	-54.0275
149.92	-54.09
150	-54.0588
150.08	-54.0275
150.16	-54.0275
150.24	-53.9338
150.32	-53.965
150.4	-53.9338
150.48	-53.965
150.56	-54.0275
150.64	-54.0275
150.72	-53.965
150.8	-53.9963
150.88	-53.9338
150.96	-54.0275
151.04	-53.965
151.12	-54.0275
151.2	-53.9963
151.28	-53.9963
151.36	-53.9025
151.44	-53.9025
151.52	-53.9025
151.6	-53.9338
151.68	-53.9338
151.76	-53.965
151.84	-53.965
151.92	-53.9338
152	-53.9963
152.08	-53.9963
152.16	-53.9025
152.24	-53.9963
152.32	-53.9963
152.4	-53.9338
152.48	-54.09
152.56	-53.9963
152.64	-54.0275
152.72	-54.09
152.8	-54.0275
152.88	-54.0275
152.96	-53.965
153.04	-54.0588
153.12	-54.09
153.2	-54.09
153.28	-54.1213
153.36	-54.1213
153.44	-53.9963
153.52	-53.9963
153.6	-54.0588
153.68	-54.0275
153.76	-54.0588
153.84	-54.0588
153.92	-53.9963
154	-54.1213
154.08	-54.0588
154.16	-54.1213
154.24	-54.09
154.32	-54.1213
154.4	-54.09
154.48	-54.09
154.56	-54.0588
154.64	-54.1525
154.72	-54.1525
154.8	-54.1213
154.88	-54.1213
154.96	-54.1838
155.04	-54.1838
155.12	-54.1525
155.2	-54.1838
155.28	-54.1213
155.36	-54.215
155.44	-54.215
155.52	-54.1838
155.6	-54.1525
155.68	-54.215
155.76	-54.09
155.84	-54.1213
155.92	-54.1838
156	-54.215
156.08	-54.2463
156.16	-54.2463
156.24	-54.215
156.32	-54.1838
156.4	-54.2463
156.48	-54.215
156.56	-54.215
156.64	-54.3088
156.72	-54.34
156.8	-54.2463
156.88	-54.2463
156.96	-54.34
157.04	-54.3713
157.12	-54.3713
157.2	-54.3088
157.28	-54.34
157.36	-54.465
157.44	-54.4963
157.52	-54.4963
157.6	-54.4338
157.68	-54.3713
157.76	-54.4963
157.84	-54.5275
157.92	-54.465
158	-54.465
158.08	-54.465
158.16	-54.5275
158.24	-54.5588
158.32	-54.6525
158.4	-54.5588
158.48	-54.6213
158.56	-54.5275
158.64	-54.5275
158.72	-54.465
158.8	-54.59
158.88	-54.59
158.96	-54.6838
159.04	-54.59
159.12	-54.59
159.2	-54.6213
159.28	-54.6213
159.36	-54.59
159.44	-54.6525
159.52	-54.6525
159.6	-54.6525
159.68	-54.6525
159.76	-54.715
159.84	-54.715
159.92	-54.6838
160	-54.6213
160.08	-54.715
160.16	-54.6213
160.24	-54.7775
160.32	-54.7775
160.4	-54.7775
160.48	-54.6838
160.56	-54.6838
160.64	-54.7463
160.72	-54.7463
160.8	-54.84
160.88	-54.6838
160.96	-54.8713
161.04	-54.8088
161.12	-54.8088
161.2	-54.84
161.28	-54.84
161.36	-54.8713
161.44	-54.84
161.52	-54.8713
161.6	-54.84
161.68	-54.8713
161.76	-54.84
161.84	-54.9338
161.92	-54.9338
162	-54.9338
162.08	-54.8713
162.16	-54.8713
162.24	-54.9025
162.32	-54.8713
162.4	-54.9025
162.48	-54.9963
162.56	-54.8713
162.64	-54.9025
162.72	-54.9963
162.8	-54.9338
162.88	-54.9963
162.96	-54.9025
163.04	-54.9963
163.12	-54.9963
163.2	-55.0588
163.28	-54.9963
163.36	-55.0588
163.44	-55.0275
163.52	-55.09
163.6	-55.1213
163.68	-55.09
163.76	-55.09
163.84	-55.09
163.92	-55.09
164	-55.09
164.08	-55.09
164.16	-55.1213
164.24	-55.09
164.32	-55.1525
164.4	-55.1525
164.48	-55.1525
164.56	-55.09
164.64	-55.1525
164.72	-55.1525
164.8	-55.1838
164.88	-55.1213
164.96	-55.1525
165.04	-55.1838
165.12	-55.1525
165.2	-55.2463
165.28	-55.1838
165.36	-55.1213
165.44	-55.1525
165.52	-55.1838
165.6	-55.1525
165.68	-55.2463
165.76	-55.1525
165.84	-55.1838
165.92	-55.215
166	-55.2463
166.08	-55.2775
166.16	-55.215
166.24	-55.215
166.32	-55.215
166.4	-55.2463
166.48	-55.215
166.56	-55.2463
166.64	-55.2775
166.72	-55.1525
166.8	-55.2775
166.88	-55.2463
166.96	-55.1525
167.04	-55.215
167.12	-55.2775
167.2	-55.215
167.28	-55.215
167.36	-55.1525
167.44	-55.215
167.52	-55.2463
167.6	-55.2775
167.68	-55.215
167.76	-55.1838
167.84	-55.2775
167.92	-55.3088
168	-55.34
168.08	-55.3088
168.16	-55.3088
168.24	-55.3713
168.32	-55.3713
168.4	-55.3088
168.48	-55.34
168.56	-55.34
168.64	-55.3713
168.72	-55.4338
168.8	-55.4025
168.88	-55.4338
168.96	-55.465
169.04	-55.34
169.12	-55.4025
169.2	-55.3713
169.28	-55.3713
169.36	-55.3713
169.44	-55.3088
169.52	-55.4025
169.6	-55.34
169.68	-55.3713
169.76	-55.4338
169.84	-55.4025
169.92	-55.4025
170	-55.4025
170.08	-55.465
170.16	-55.4338
170.24	-55.4025
170.32	-55.3713
170.4	-55.465
170.48	-55.4338
170.56	-55.5275
170.64	-55.4338
170.72	-55.4338
170.8	-55.3713
170.88	-55.465
170.96	-55.465
171.04	-55.4025
171.12	-55.4963
171.2	-55.465
171.28	-55.5275
171.36	-55.4963
171.44	-55.5588
171.52	-55.4025
171.6	-55.34
171.68	-55.4338
171.76	-55.4025
171.84	-55.4025
171.92	-55.3713
172	-55.34
172.08	-55.4338
172.16	-55.3713
172.24	-55.4025
172.32	-55.34
172.4	-55.4963
172.48	-55.4963
172.56	-55.4963
172.64	-55.465
172.72	-55.4963
172.8	-55.4338
172.88	-55.4025
172.96	-55.4338
173.04	-55.4338
173.12	-55.4338
173.2	-55.465
173.28	-55.59
173.36	-55.59
173.44	-55.59
173.52	-55.465
173.6	-55.465
173.68	-55.465
173.76	-55.4963
173.84	-55.5275
173.92	-55.4963
174	-55.59
174.08	-55.5588
174.16	-55.465
174.24	-55.5588
174.32	-55.5588
174.4	-55.5588
174.48	-55.6213
174.56	-55.59
174.64	-55.6213
174.72	-55.6838
174.8	-55.5588
174.88	-55.59
174.96	-55.6213
175.04	-55.59
175.12	-55.5588
175.2	-55.59
175.28	-55.5588
175.36	-55.59
175.44	-55.5588
175.52	-55.5588
175.6	-55.5275
175.68	-55.59
175.76	-55.6213
175.84	-55.6213
175.92	-55.59
176	-55.59
176.08	-55.59
176.16	-55.7463
176.24	-55.59
176.32	-55.6213
176.4	-55.59
176.48	-55.59
176.56	-55.59
176.64	-55.6213
176.72	-55.6213
176.8	-55.6213
176.88	-55.59
176.96	-55.6213
177.04	-55.715
177.12	-55.6838
177.2	-55.715
177.28	-55.715
177.36	-55.7775
177.44	-55.7463
177.52	-55.5588
177.6	-55.59
177.68	-55.6213
177.76	-55.5588
177.84	-55.59
177.92	-55.5588
178	-55.5275
178.08	-55.6213
178.16	-55.5588
178.24	-55.6838
178.32	-55.4963
178.4	-55.5588
178.48	-55.5588
178.56	-55.59
178.64	-55.4963
178.72	-55.5275
178.8	-55.4963
178.88	-55.5588
178.96	-55.59
179.04	-55.4963
179.12	-55.4963
179.2	-55.5588
179.28	-55.465
179.36	-55.4963
179.44	-55.4338
179.52	-55.5275
179.6	-55.5275
179.68	-55.4963
179.76	-55.3713
179.84	-55.34
179.92	-55.4338
180	-55.465
180.08	-55.3088
180.16	-55.4025
180.24	-55.4963
180.32	-55.465
180.4	-55.4963
180.48	-55.4338
180.56	-55.4025
180.64	-55.465
180.72	-55.465
180.8	-55.5588
180.88	-55.5588
180.96	-55.4963
181.04	-55.5275
181.12	-55.465
181.2	-55.5275
181.28	-55.5275
181.36	-55.5275
181.44	-55.5588
181.52	-55.465
181.6	-55.6213
181.68	-55.5275
181.76	-55.4963
181.84	-55.5275
181.92	-55.4963
182	-55.5588
182.08	-55.465
182.16	-55.5588
182.24	-55.5275
182.32	-55.5588
182.4	-55.4963
182.48	-55.5275
182.56	-55.5275
182.64	-55.465
182.72	-55.4025
182.8	-55.465
182.88	-55.465
182.96	-55.5275
183.04	-55.4338
183.12	-55.465
183.2	-55.4338
183.28	-55.5588
183.36	-55.4963
183.44	-55.5275
183.52	-55.5275
183.6	-55.4338
183.68	-55.5588
183.76	-55.4963
183.84	-55.4963
183.92	-55.5588
184	-55.5588
184.08	-55.4963
184.16	-55.4963
184.24	-55.6213
184.32	-55.5275
184.4	-55.5275
184.48	-55.59
184.56	-55.6213
184.64	-55.4963
184.72	-55.5588
184.8	-55.5588
184.88	-55.5275
184.96	-55.59
185.04	-55.4963
185.12	-55.5275
185.2	-55.59
185.28	-55.5275
185.36	-55.5275
185.44	-55.5588
185.52	-55.5588
185.6	-55.5588
185.68	-55.5588
185.76	-55.5588
185.84	-55.5588
185.92	-55.5588
186	-55.59
186.08	-55.465
186.16	-55.6213
186.24	-55.465
186.32	-55.59
186.4	-55.5275
186.48	-55.59
186.56	-55.4963
186.64	-55.5275
186.72	-55.5588
186.8	-55.4963
186.88	-55.5275
186.96	-55.5275
187.04	-55.5588
187.12	-55.5275
187.2	-55.6213
187.28	-55.5588
187.36	-55.5275
187.44	-55.5275
187.52	-55.5275
187.6	-55.5275
187.68	-55.5588
187.76	-55.5275
187.84	-55.4963
187.92	-55.5588
188	-55.5588
188.08	-55.5275
188.16	-55.5588
188.24	-55.59
188.32	-55.59
188.4	-55.5588
188.48	-55.5588
188.56	-55.5275
188.64	-55.5588
188.72	-55.5275
188.8	-55.59
188.88	-55.5588
188.96	-55.5275
189.04	-55.4338
189.12	-55.5275
189.2	-55.5588
189.28	-55.5588
189.36	-55.5275
189.44	-55.5275
189.52	-55.465
189.6	-55.4963
189.68	-55.5588
189.76	-55.5275
189.84	-55.4963
189.92	-55.5275
190	-55.6213
190.08	-55.5588
190.16	-55.4963
190.24	-55.5588
190.32	-55.5588
190.4	-55.5588
190.48	-55.59
190.56	-55.6213
190.64	-55.5588
190.72	-55.59
190.8	-55.59
190.88	-55.5588
190.96	-55.6213
191.04	-55.6838
191.12	-55.5588
191.2	-55.6213
191.28	-55.6838
191.36	-55.5588
191.44	-55.59
191.52	-55.59
191.6	-55.59
191.68	-55.5588
191.76	-55.5588
191.84	-55.59
191.92	-55.59
192	-55.6213
192.08	-55.59
192.16	-55.4963
192.24	-55.5275
192.32	-55.4963
192.4	-55.4963
192.48	-55.59
192.56	-55.5275
192.64	-55.5588
192.72	-55.5275
192.8	-55.465
192.88	-55.5588
192.96	-55.4025
193.04	-55.4963
193.12	-55.4963
193.2	-55.465
193.28	-55.5588
193.36	-55.4963
193.44	-55.465
193.52	-55.465
193.6	-55.5588
193.68	-55.4338
193.76	-55.5275
193.84	-55.4963
193.92	-55.465
194	-55.5275
194.08	-55.5588
194.16	-55.4963
194.24	-55.5275
194.32	-55.5275
194.4	-55.4025
194.48	-55.4963
194.56	-55.465
194.64	-55.4338
194.72	-55.5275
194.8	-55.4963
194.88	-55.4338
194.96	-55.5275
195.04	-55.4338
195.12	-55.4963
195.2	-55.465
195.28	-55.5275
195.36	-55.5275
195.44	-55.4963
195.52	-55.4963
195.6	-55.5588
195.68	-55.4963
195.76	-55.5275
195.84	-55.5588
195.92	-55.5588
196	-55.5588
196.08	-55.6213
196.16	-55.465
196.24	-55.5588
196.32	-55.5588
196.4	-55.4963
196.48	-55.4338
196.56	-55.4025
196.64	-55.4963
196.72	-55.4338
196.8	-55.4963
196.88	-55.5588
196.96	-55.465
197.04	-55.4963
197.12	-55.4963
197.2	-55.465
197.28	-55.59
197.36	-55.5275
197.44	-55.5588
197.52	-55.4963
197.6	-55.4338
197.68	-55.4963
197.76	-55.5275
197.84	-55.5588
197.92	-55.5275
198	-55.4338
198.08	-55.5275
198.16	-55.4963
198.24	-55.5275
198.32	-55.5588
198.4	-55.4963
198.48	-55.5588
198.56	-55.5275
198.64	-55.5588
198.72	-55.5588
198.8	-55.59
198.88	-55.5275
198.96	-55.59
199.04	-55.5588
199.12	-55.59
199.2	-55.465
199.28	-55.4338
199.36	-55.465
199.44	-55.4963
199.52	-55.5275
199.6	-55.465
199.68	-55.5275
199.76	-55.4338
199.84	-55.4338
199.92	-55.4338
200	-55.4963
200.08	-55.5275
200.16	-55.4338
200.24	-55.4963
200.32	-55.4963
200.4	-55.5275
200.48	-55.5588
200.56	-55.465
200.64	-55.5275
200.72	-55.5275
200.8	-55.5588
200.88	-55.59
200.96	-55.59
201.04	-55.5588
201.12	-55.59
201.2	-55.59
201.28	-55.5275
201.36	-55.5275
201.44	-55.5588
201.52	-55.5275
201.6	-55.59
201.68	-55.5588
201.76	-55.5588
201.84	-55.59
201.92	-55.5275
202	-55.4963
202.08	-55.4963
202.16	-55.5588
202.24	-55.5275
202.32	-55.4963
202.4	-55.465
202.48	-55.5275
202.56	-55.59
202.64	-55.5275
202.72	-55.4963
202.8	-55.5275
202.88	-55.5588
202.96	-55.4963
203.04	-55.4963
203.12	-55.5275
203.2	-55.4025
203.28	-55.5588
203.36	-55.5588
203.44	-55.5588
203.52	-55.4963
203.6	-55.465
203.68	-55.465
203.76	-55.465
203.84	-55.5275
203.92	-55.5588
204	-55.5588
204.08	-55.4963
204.16	-55.4338
204.24	-55.4963
204.32	-55.465
204.4	-55.4963
204.48	-55.4963
204.56	-55.465
204.64	-55.465
204.72	-55.4338
204.8	-55.3713
204.88	-55.4338
204.96	-55.4025
205.04	-55.4338
205.12	-55.4025
205.2	-55.4025
205.28	-55.2775
205.36	-55.3088
205.44	-55.2775
205.52	-55.2463
205.6	-55.3088
205.68	-55.34
205.76	-55.34
205.84	-55.4025
205.92	-55.2775
206	-55.3713
206.08	-55.3713
206.16	-55.34
206.24	-55.2775
206.32	-55.2775
206.4	-55.1838
206.48	-55.2463
206.56	-55.2463
206.64	-55.215
206.72	-55.2463
206.8	-55.34
206.88	-55.3088
206.96	-55.3088
207.04	-55.2775
207.12	-55.3713
207.2	-55.215
207.28	-55.2775
207.36	-55.2775
207.44	-55.3088
207.52	-55.1838
207.6	-55.3713
207.68	-55.4338
207.76	-55.3713
207.84	-55.4338
207.92	-55.34
208	-55.34
208.08	-55.3713
208.16	-55.4025
208.24	-55.3713
208.32	-55.4025
208.4	-55.4338
208.48	-55.2775
208.56	-55.4338
208.64	-55.4338
208.72	-55.4025
208.8	-55.3713
208.88	-55.3713
208.96	-55.4025
209.04	-55.3713
209.12	-55.3088
209.2	-55.3713
209.28	-55.3713
209.36	-55.3713
209.44	-55.4025
209.52	-55.3713
209.6	-55.4025
209.68	-55.34
209.76	-55.3088
209.84	-55.2775
209.92	-55.2775
210	-55.465
210.08	-55.2775
210.16	-55.3088
210.24	-55.2775
210.32	-55.4025
210.4	-55.34
210.48	-55.2775
210.56	-55.2775
210.64	-55.1838
210.72	-55.2463
210.8	-55.2775
210.88	-55.2463
210.96	-55.1838
211.04	-55.4025
211.12	-55.34
211.2	-55.1838
211.28	-55.215
211.36	-55.215
211.44	-55.3088
211.52	-55.2463
211.6	-55.1838
211.68	-55.1838
211.76	-55.215
211.84	-55.1525
211.92	-55.1525
212	-55.215
212.08	-55.1213
212.16	-55.2463
212.24	-55.215
212.32	-55.09
212.4	-55.1838
212.48	-55.1525
212.56	-55.1213
212.64	-55.1838
212.72	-55.215
212.8	-55.1838
212.88	-55.1525
212.96	-55.1838
213.04	-55.215
213.12	-55.215
213.2	-55.1838
213.28	-55.2775
213.36	-55.215
213.44	-55.215
213.52	-55.215
213.6	-55.1838
213.68	-55.09
213.76	-55.1525
213.84	-55.1838
213.92	-55.1525
214	-55.1525
214.08	-55.09
214.16	-55.1838
214.24	-55.2775
214.32	-55.1525
214.4	-55.215
214.48	-55.2463
214.56	-55.2775
214.64	-55.1838
214.72	-55.215
214.8	-55.1838
214.88	-55.215
214.96	-55.2767
215.04	-55.2767
215.12	-55.2767
215.2	-55.2767
215.28	-55.2767
215.36	-55.2187
215.44	-55.4375
215.52	-55.5
215.6	-55.5
215.68	-55.5625
215.76	-55.5625
215.84	-55.5625
215.92	-55.6563
216	-55.6563
216.08	-55.7187
216.16	-55.7812
216.24	-55.8125
216.32	-55.8125
216.4	-55.9063
216.48	-55.9688
216.56	-55.9688
216.64	-55.9375
216.72	-56
216.8	-56.0625
216.88	-56.0625
216.96	-56.0937
217.04	-56.0937
217.12	-56.25
217.2	-56.2812
217.28	-56.25
217.36	-56.2812
217.44	-56.2812
217.52	-56.3125
217.6	-56.4375
217.68	-56.375
217.76	-56.4062
217.84	-56.4688
217.92	-56.4375
218	-56.5313
218.08	-56.5937
218.16	-56.625
218.24	-56.6562
218.32	-56.75
218.4	-56.6562
218.48	-56.75
218.56	-56.75
218.64	-56.8125
218.72	-56.75
218.8	-56.7813
218.88	-56.8438
218.96	-56.8438
219.04	-56.8438
219.12	-56.875
219.2	-56.9375
219.28	-57
219.36	-56.9375
219.44	-57.0313
219.52	-57
219.6	-57.0313
219.68	-57.125
219.76	-57.125
219.84	-57.125
219.92	-57.125
220	-57.2187
220.08	-57.375
220.16	-57.375
220.24	-57.2812
220.32	-57.3438
220.4	-57.4063
220.48	-57.4063
220.56	-57.4375
220.64	-57.5625
220.72	-57.5312
220.8	-57.5312
220.88	-57.5
220.96	-57.5938
221.04	-57.5625
221.12	-57.6563
221.2	-57.5938
221.28	-57.7812
221.36	-57.6563
221.44	-57.75
221.52	-57.8125
221.6	-57.75
221.68	-57.7188
221.76	-57.7812
221.84	-57.9063
221.92	-57.8125
222	-57.875
222.08	-57.8125
222.16	-57.9688
222.24	-57.875
222.32	-58.0312
222.4	-57.9063
222.48	-57.9688
222.56	-58.0625
222.64	-58.0625
222.72	-58.0625
222.8	-58.0312
222.88	-58.0312
222.96	-58.0937
223.04	-58.0937
223.12	-58.2188
223.2	-58.125
223.28	-58.25
223.36	-58.1875
223.44	-58.3437
223.52	-58.2813
223.6	-58.3125
223.68	-58.4375
223.76	-58.4688
223.84	-58.4688
223.92	-58.4375
224	-58.4375
224.08	-58.5
224.16	-58.5313
224.24	-58.5313
224.32	-58.4688
224.4	-58.5313
224.48	-58.5313
224.56	-58.5625
224.64	-58.6562
224.72	-58.8125
224.8	-58.8125
224.88	-58.6875
224.96	-58.7813
225.04	-58.8125
225.12	-58.8438
225.2	-58.8438
225.28	-58.9062
225.36	-58.875
225.44	-59
225.52	-58.9687
225.6	-58.9375
225.68	-58.9062
225.76	-58.9375
225.84	-58.9687
225.92	-59.0313
226	-59.0625
226.08	-59.0625
226.16	-59.125
226.24	-59.1563
226.32	-59.2187
226.4	-59.0938
226.48	-59.1875
226.56	-59.25
226.64	-59.2812
226.72	-59.1875
226.8	-59.2187
226.88	-59.25
226.96	-59.3438
227.04	-59.2812
227.12	-59.4063
227.2	-59.4375
227.28	-59.4063
227.36	-59.4687
227.44	-59.4687
227.52	-59.5
227.6	-59.5312
227.68	-59.5
227.76	-59.5
227.84	-59.5625
227.92	-59.4687
228	-59.5312
228.08	-59.625
228.16	-59.5937
228.24	-59.625
228.32	-59.6563
228.4	-59.6875
228.48	-59.75
228.56	-59.75
228.64	-59.75
228.72	-59.6875
228.8	-59.8437
228.88	-59.8125
228.96	-59.8125
229.04	-59.9375
229.12	-59.875
229.2	-59.8437
229.28	-59.875
229.36	-59.875
229.44	-59.875
229.52	-59.9688
229.6	-59.9375
229.68	-60.0313
229.76	-60.0313
229.84	-60.125
229.92	-60.125
230	-60.0625
230.08	-60.1562
230.16	-60.0937
230.24	-60.2188
230.32	-60.25
230.4	-60.3125
230.48	-60.1875
230.56	-60.2188
230.64	-60.3125
230.72	-60.3437
230.8	-60.2813
230.88	-60.2813
230.96	-60.2813
231.04	-60.3125
231.12	-60.4375
231.2	-60.4687
231.28	-60.4687
231.36	-60.4687
231.44	-60.5
231.52	-60.5
231.6	-60.4687
231.68	-60.5625
231.76	-60.4687
231.84	-60.5313
231.92	-60.5
232	-60.5313
232.08	-60.6562
232.16	-60.5625
232.24	-60.5313
232.32	-60.5625
232.4	-60.7187
232.48	-60.625
232.56	-60.75
232.64	-60.75
232.72	-60.7813
232.8	-60.5938
232.88	-60.75
232.96	-60.75
233.04	-60.75
233.12	-60.7813
233.2	-60.7187
233.28	-60.9063
233.36	-60.875
233.44	-60.9063
233.52	-60.9375
233.6	-60.9687
233.68	-61.0312
233.76	-61
233.84	-61.125
233.92	-61.0625
234	-61.1875
234.08	-61.0625
234.16	-61.0938
234.24	-61.0625
234.32	-61.1875
234.4	-61.1563
234.48	-61.2187
234.56	-61.1875
234.64	-61.2187
234.72	-61.3125
234.8	-61.1875
234.88	-61.3125
234.96	-61.2812
235.04	-61.2812
235.12	-61.2812
235.2	-61.3438
235.28	-61.4063
235.36	-61.3125
235.44	-61.3438
235.52	-61.4063
235.6	-61.4688
235.68	-61.5312
235.76	-61.5312
235.84	-61.5937
235.92	-61.5312
236	-61.5
236.08	-61.5937
236.16	-61.5937
236.24	-61.5937
236.32	-61.5625
236.4	-61.5625
236.48	-61.625
236.56	-61.625
236.64	-61.625
236.72	-61.7812
236.8	-61.6875
236.88	-61.7812
236.96	-61.7188
237.04	-61.75
237.12	-61.8125
237.2	-61.8437
237.28	-61.8437
237.36	-61.8437
237.44	-61.8437
237.52	-61.9375
237.6	-61.8125
237.68	-61.8437
237.76	-61.9688
237.84	-62
237.92	-61.9375
238	-61.9688
238.08	-61.875
238.16	-61.9375
238.24	-62.0937
238.32	-62.0937
238.4	-62.1562
238.48	-62.125
238.56	-62.1562
238.64	-62.125
238.72	-62.125
238.8	-62.1562
238.88	-62.1562
238.96	-62.1875
239.04	-62.0625
239.12	-62.1562
239.2	-62.1875
239.28	-62.1875
239.36	-62.2188
239.44	-62.2813
239.52	-62.2188
239.6	-62.2813
239.68	-62.25
239.76	-62.2813
239.84	-62.3125
239.92	-62.3438
240	-62.4375
240.08	-62.375
240.16	-62.4062
240.24	-62.375
240.32	-62.375
240.4	-62.5312
240.48	-62.4687
240.56	-62.4687
240.64	-62.4687
240.72	-62.4687
240.8	-62.5312
240.88	-62.625
240.96	-62.5312
241.04	-62.5312
241.12	-62.5938
241.2	-62.625
241.28	-62.625
241.36	-62.75
241.44	-62.8125
241.52	-62.875
241.6	-62.8125
241.68	-62.8437
241.76	-62.8125
241.84	-62.8437
241.92	-62.8437
242	-62.8437
242.08	-62.7813
242.16	-62.7813
242.24	-62.8437
242.32	-62.8125
242.4	-62.8437
242.48	-62.875
242.56	-63
242.64	-62.9063
242.72	-63
242.8	-62.9375
242.88	-63.0625
242.96	-63.0312
243.04	-62.9375
243.12	-63
243.2	-63.0312
243.28	-63.0312
243.36	-63.0312
243.44	-63.0312
243.52	-63.0938
243.6	-63.0938
243.68	-63.0938
243.76	-63.0625
243.84	-63.125
243.92	-63.0938
244	-63.125
244.08	-63.125
244.16	-63.125
244.24	-63.1562
244.32	-63.1562
244.4	-63.1562
244.48	-63.25
244.56	-63.2188
244.64	-63.2188
244.72	-63.2188
244.8	-63.25
244.88	-63.25
244.96	-63.25
245.04	-63.2188
245.12	-63.3125
245.2	-63.375
245.28	-63.3437
245.36	-63.4687
245.44	-63.3437
245.52	-63.5
245.6	-63.4375
245.68	-63.4375
245.76	-63.4687
245.84	-63.5
245.92	-63.5
246	-63.5312
246.08	-63.5312
246.16	-63.625
246.24	-63.5625
246.32	-63.5312
246.4	-63.625
246.48	-63.5625
246.56	-63.5625
246.64	-63.5625
246.72	-63.5938
246.8	-63.625
246.88	-63.625
246.96	-63.6875
247.04	-63.7188
247.12	-63.625
247.2	-63.6562
247.28	-63.6875
247.36	-63.7188
247.44	-63.6875
247.52	-63.6562
247.6	-63.6875
247.68	-63.7812
247.76	-63.7812
247.84	-63.75
247.92	-63.7188
248	-63.8437
248.08	-63.7812
248.16	-63.7812
248.24	-63.8125
248.32	-63.8437
248.4	-63.875
248.48	-63.8437
248.56	-63.9063
248.64	-63.8125
248.72	-63.8125
248.8	-63.9063
248.88	-63.9375
248.96	-63.9063
249.04	-63.9375
249.12	-63.9687
249.2	-64.0313
249.28	-63.9687
249.36	-63.9375
249.44	-64
249.52	-64.0313
249.6	-64.0313
249.68	-64
249.76	-64.0313
249.84	-63.9687
249.92	-64
250	-64.0313
250.08	-64
250.16	-64.1562
250.24	-64.0313
250.32	-64.1562
250.4	-64.2188
250.48	-64.1875
250.56	-64.1562
250.64	-64.25
250.72	-64.3125
250.8	-64.25
250.88	-64.25
250.96	-64.25
251.04	-64.2812
251.12	-64.1562
251.2	-64.3125
251.28	-64.3438
251.36	-64.4063
251.44	-64.3125
251.52	-64.3438
251.6	-64.375
251.68	-64.3438
251.76	-64.375
251.84	-64.375
251.92	-64.4687
252	-64.3438
252.08	-64.5
252.16	-64.4063
252.24	-64.5313
252.32	-64.4687
252.4	-64.5313
252.48	-64.5
252.56	-64.4375
252.64	-64.5
252.72	-64.5
252.8	-64.5313
252.88	-64.5313
252.96	-64.5937
253.04	-64.5625
253.12	-64.5
253.2	-64.6563
253.28	-64.5
253.36	-64.5
253.44	-64.625
253.52	-64.5625
253.6	-64.6563
253.68	-64.5937
253.76	-64.6563
253.84	-64.625
253.92	-64.7188
254	-64.6875
254.08	-64.6875
254.16	-64.8125
254.24	-64.6875
254.32	-64.7188
254.4	-64.8125
254.48	-64.75
254.56	-64.625
254.64	-64.875
254.72	-64.875
254.8	-64.875
254.88	-64.9687
254.96	-64.875
255.04	-64.9687
255.12	-64.9062
255.2	-64.875
255.28	-64.8438
255.36	-64.875
255.44	-64.875
255.52	-64.9687
255.6	-64.9375
255.68	-64.9687
255.76	-64.9062
255.84	-65
255.92	-64.9375
256	-64.9687
256.08	-64.9375
256.16	-64.875
256.24	-65.0313
256.32	-65.0937
256.4	-65.125
256.48	-65.0625
256.56	-65
256.64	-65.0625
256.72	-65.0625
256.8	-65.0625
256.88	-65.125
256.96	-65.1875
257.04	-65.0937
257.12	-65.125
257.2	-65.125
257.28	-65.2187
257.36	-65.1563
257.44	-65.2187
257.52	-65.2812
257.6	-65.2187
257.68	-65.25
257.76	-65.2812
257.84	-65.25
257.92	-65.3438
258	-65.2812
258.08	-65.1875
258.16	-65.25
258.24	-65.2812
258.32	-65.3438
258.4	-65.3438
258.48	-65.375
258.56	-65.375
258.64	-65.375
258.72	-65.5
258.8	-65.4375
258.88	-65.4375
258.96	-65.4375
259.04	-65.5312
259.12	-65.5
259.2	-65.5
259.28	-65.4062
259.36	-65.4375
259.44	-65.5312
259.52	-65.5625
259.6	-65.5
259.68	-65.5
259.76	-65.5312
259.84	-65.625
259.92	-65.5937
260	-65.5312
260.08	-65.625
260.16	-65.5625
260.24	-65.5
260.32	-65.625
260.4	-65.5937
260.48	-65.6563
260.56	-65.6563
260.64	-65.6563
260.72	-65.625
260.8	-65.6875
260.88	-65.6875
260.96	-65.7187
261.04	-65.7187
261.12	-65.7187
261.2	-65.7187
261.28	-65.75
261.36	-65.6875
261.44	-65.75
261.52	-65.75
261.6	-65.75
261.68	-65.75
261.76	-65.7187
261.84	-65.7187
261.92	-65.7813
262	-65.7813
262.08	-65.8125
262.16	-65.875
262.24	-65.8125
262.32	-65.75
262.4	-65.875
262.48	-65.9062
262.56	-65.9062
262.64	-65.8438
262.72	-65.8125
262.8	-65.875
262.88	-66.0625
262.96	-65.9375
263.04	-65.9062
263.12	-65.9688
263.2	-66.0312
263.28	-65.9062
263.36	-65.9688
263.44	-66.0312
263.52	-66
263.6	-65.9375
263.68	-65.9688
263.76	-66
263.84	-65.875
263.92	-66.0625
264	-66.125
264.08	-66.0312
264.16	-66
264.24	-66.0312
264.32	-66.125
264.4	-66.125
264.48	-66.0312
264.56	-66.1875
264.64	-66.1875
264.72	-66.2187
264.8	-66.125
264.88	-66.125
264.96	-66.125
265.04	-66.125
265.12	-66.1875
265.2	-66.2187
265.28	-66.1875
265.36	-66.2187
265.44	-66.2187
265.52	-66.0938
265.6	-66.2187
265.68	-66.2813
265.76	-66.125
265.84	-66.3125
265.92	-66.2813
266	-66.2813
266.08	-66.2813
266.16	-66.2187
266.24	-66.2187
266.32	-66.375
266.4	-66.25
266.48	-66.25
266.56	-66.2813
266.64	-66.2813
266.72	-66.375
266.8	-66.4063
266.88	-66.375
266.96	-66.3125
267.04	-66.375
267.12	-66.4375
267.2	-66.2813
267.28	-66.4063
267.36	-66.4063
267.44	-66.4063
267.52	-66.4688
267.6	-66.4375
267.68	-66.4063
267.76	-66.4375
267.84	-66.5
267.92	-66.4688
268	-66.4375
268.08	-66.4375
268.16	-66.5312
268.24	-66.5312
268.32	-66.5
268.4	-66.5312
268.48	-66.5
268.56	-66.5625
268.64	-66.5312
268.72	-66.5938
268.8	-66.5625
268.88	-66.625
268.96	-66.625
269.04	-66.5938
269.12	-66.6875
269.2	-66.5312
269.28	-66.5625
269.36	-66.625
269.44	-66.6875
269.52	-66.5938
269.6	-66.6562
269.68	-66.6562
269.76	-66.625
269.84	-66.6875
269.92	-66.625
270	-66.625
270.08	-66.7187
270.16	-66.5938
270.24	-66.75
270.32	-66.75
270.4	-66.7187
270.48	-66.7187
270.56	-66.7187
270.64	-66.7187
270.72	-66.6875
270.8	-66.75
270.88	-66.7813
270.96	-66.8125
271.04	-66.6562
271.12	-66.75
271.2	-66.7813
271.28	-66.9063
271.36	-66.8125
271.44	-66.9063
271.52	-66.9063
271.6	-66.8125
271.68	-66.8125
271.76	-66.75
271.84	-66.9063
271.92	-66.8125
272	-66.9063
272.08	-66.9063
272.16	-66.875
272.24	-66.875
272.32	-66.9063
272.4	-66.875
272.48	-66.875
272.56	-66.7813
272.64	-66.9375
272.72	-66.875
272.8	-66.875
272.88	-66.9063
272.96	-66.875
273.04	-66.9063
273.12	-66.9375
273.2	-66.9063
273.28	-66.9375
273.36	-66.9687
273.44	-66.9687
273.52	-67
273.6	-66.9375
273.68	-67
273.76	-66.9687
273.84	-67
273.92	-66.9687
274	-67.0625
274.08	-67.0625
274.16	-67.0312
274.24	-67.0938
274.32	-67.1875
274.4	-67.1562
274.48	-67.0938
274.56	-67.1875
274.64	-67.0938
274.72	-67.2188
274.8	-67.2188
274.88	-67.125
274.96	-67.1562
275.04	-67.25
275.12	-67.2188
275.2	-67.1875
275.28	-67.2188
275.36	-67.2188
275.44	-67.1875
275.52	-67.1875
275.6	-67.0938
275.68	-67.2188
275.76	-67.2188
275.84	-67.1562
275.92	-67.2188
276	-67.1562
276.08	-67.2188
276.16	-67.1875
276.24	-67.2813
276.32	-67.2813
276.4	-67.2188
276.48	-67.2813
276.56	-67.2813
276.64	-67.2813
276.72	-67.3125
276.8	-67.3125
276.88	-67.3437
276.96	-67.3125
277.04	-67.3437
277.12	-67.3437
277.2	-67.3437
277.28	-67.375
277.36	-67.2813
277.44	-67.3125
277.52	-67.3437
277.6	-67.3125
277.68	-67.3437
277.76	-67.4687
277.84	-67.4063
277.92	-67.375
278	-67.2813
278.08	-67.4375
278.16	-67.3125
278.24	-67.3437
278.32	-67.4063
278.4	-67.4063
278.48	-67.2813
278.56	-67.3125
278.64	-67.375
278.72	-67.4063
278.8	-67.375
278.88	-67.4687
278.96	-67.4375
279.04	-67.4063
279.12	-67.4375
279.2	-67.5
279.28	-67.4063
279.36	-67.5
279.44	-67.5625
279.52	-67.4375
279.6	-67.4375
279.68	-67.5
279.76	-67.4687
279.84	-67.5
279.92	-67.4063
280	-67.5
280.08	-67.5625
280.16	-67.5625
280.24	-67.5625
280.32	-67.5
280.4	-67.6562
280.48	-67.5625
280.56	-67.6562
280.64	-67.5938
280.72	-67.5625
280.8	-67.5938
280.88	-67.5938
280.96	-67.5625
281.04	-67.5625
281.12	-67.5625
281.2	-67.625
281.28	-67.75
281.36	-67.6875
281.44	-67.7188
281.52	-67.6875
281.6	-67.6875
281.68	-67.7188
281.76	-67.7188
281.84	-67.6875
281.92	-67.6562
282	-67.7188
282.08	-67.625
282.16	-67.6875
282.24	-67.7188
282.32	-67.6875
282.4	-67.7812
282.48	-67.6875
282.56	-67.6562
282.64	-67.6875
282.72	-67.625
282.8	-67.6875
282.88	-67.625
282.96	-67.6875
283.04	-67.625
283.12	-67.7188
283.2	-67.7188
283.28	-67.75
283.36	-67.75
283.44	-67.8125
283.52	-67.75
283.6	-67.8438
283.68	-67.75
283.76	-67.8125
283.84	-67.8438
283.92	-67.9687
284	-67.9063
284.08	-67.875
284.16	-67.875
284.24	-67.8438
284.32	-67.875
284.4	-67.875
284.48	-67.8125
284.56	-67.8125
284.64	-67.9063
284.72	-67.9063
284.8	-67.875
284.88	-67.9375
284.96	-67.9063
285.04	-67.9063
285.12	-67.9375
285.2	-67.9063
285.28	-67.9063
285.36	-67.9063
285.44	-67.9063
285.52	-67.9687
285.6	-67.875
285.68	-67.9687
285.76	-68
285.84	-68
285.92	-67.9687
286	-67.9687
286.08	-68
286.16	-67.9375
286.24	-68
286.32	-67.9687
286.4	-67.9375
286.48	-67.9687
286.56	-68.0625
286.64	-68.0625
286.72	-68
286.8	-67.9687
286.88	-68.0937
286.96	-68.0313
287.04	-68.0937
287.12	-68.0937
287.2	-68.0625
287.28	-68.0937
287.36	-68.0625
287.44	-68.125
287.52	-68.0937
287.6	-68.0937
287.68	-68.0937
287.76	-68.125
287.84	-68.0625
287.92	-68.0625
288	-68.125
288.08	-68.1562
288.16	-68.125
288.24	-68.1875
288.32	-68
288.4	-68.1875
288.48	-68.0625
288.56	-68.125
288.64	-68.1875
288.72	-68.125
288.8	-68.125
288.88	-68.125
288.96	-68.0625
289.04	-68.125
289.12	-68.1562
289.2	-68.0625
289.28	-68.0625
289.36	-68.0625
289.44	-68.1562
289.52	-68.0625
289.6	-68.0625
289.68	-68.125
289.76	-68.125
289.84	-68.125
289.92	-68.125
290	-68.125
290.08	-68.0313
290.16	-68.0313
290.24	-68.125
290.32	-68.0937
290.4	-68.0625
290.48	-68
290.56	-68.0625
290.64	-68.0937
290.72	-68.125
290.8	-68.0937
290.88	-68.25
290.96	-68.125
291.04	-68.1562
291.12	-68.0937
291.2	-68.125
291.28	-68.2812
291.36	-68.1875
291.44	-68.25
291.52	-68.25
291.6	-68.25
291.68	-68.0937
291.76	-68.1875
291.84	-68.1562
291.92	-68.1875
292	-68.2812
292.08	-68.125
292.16	-68.25
292.24	-68.2812
292.32	-68.2812
292.4	-68.2812
292.48	-68.25
292.56	-68.25
292.64	-68.25
292.72	-68.3125
292.8	-68.2812
292.88	-68.25
292.96	-68.3125
293.04	-68.2812
293.12	-68.3438
293.2	-68.25
293.28	-68.3125
293.36	-68.3125
293.44	-68.2812
293.52	-68.25
293.6	-68.25
293.68	-68.4062
293.76	-68.3125
293.84	-68.2812
293.92	-68.2812
294	-68.3125
294.08	-68.3438
294.16	-68.3125
294.24	-68.2812
294.32	-68.2812
294.4	-68.3438
294.48	-68.25
294.56	-68.2812
294.64	-68.3125
294.72	-68.375
294.8	-68.3438
294.88	-68.4687
294.96	-68.375
295.04	-68.4375
295.12	-68.4062
295.2	-68.3438
295.28	-68.4062
295.36	-68.3125
295.44	-68.3438
295.52	-68.3438
295.6	-68.3125
295.68	-68.375
295.76	-68.4375
295.84	-68.375
295.92	-68.4062
296	-68.4062
296.08	-68.375
296.16	-68.4375
296.24	-68.4062
296.32	-68.375
296.4	-68.4687
296.48	-68.4062
296.56	-68.375
296.64	-68.4687
296.72	-68.4375
296.8	-68.5
296.88	-68.4687
296.96	-68.5
297.04	-68.4687
297.12	-68.4687
297.2	-68.4375
297.28	-68.5
297.36	-68.5
297.44	-68.5313
297.52	-68.5625
297.6	-68.4062
297.68	-68.5625
297.76	-68.5937
297.84	-68.5625
297.92	-68.5313
298	-68.5625
298.08	-68.625
298.16	-68.5625
298.24	-68.5937
298.32	-68.5937
298.4	-68.5313
298.48	-68.5937
298.56	-68.5937
298.64	-68.5313
298.72	-68.625
298.8	-68.5937
298.88	-68.5313
298.96	-68.5937
299.04	-68.5313
299.12	-68.5313
299.2	-68.5625
299.28	-68.5625
299.36	-68.5313
299.44	-68.5937
299.52	-68.5625
299.6	-68.5
299.68	-68.5313
299.76	-68.5313
299.84	-68.5625
299.92	-68.5313
300	-68.4687
300.08	-68.5625
300.16	-68.5937
300.24	-68.5625
300.32	-68.625
300.4	-68.625
300.48	-68.6563
300.56	-68.6563
300.64	-68.5937
300.72	-68.6563
300.8	-68.6563
300.88	-68.5625
300.96	-68.6563
301.04	-68.625
301.12	-68.625
301.2	-68.6563
301.28	-68.75
301.36	-68.5937
301.44	-68.7187
301.52	-68.7187
301.6	-68.5937
301.68	-68.7187
301.76	-68.75
301.84	-68.75
301.92	-68.7812
302	-68.625
302.08	-68.7187
302.16	-68.7187
302.24	-68.625
302.32	-68.75
302.4	-68.6563
302.48	-68.6875
302.56	-68.8125
302.64	-68.8125
302.72	-68.75
302.8	-68.7187
302.88	-68.7812
302.96	-68.75
303.04	-68.7187
303.12	-68.7812
303.2	-68.8125
303.28	-68.75
303.36	-68.75
303.44	-68.75
303.52	-68.75
303.6	-68.7187
303.68	-68.7812
303.76	-68.8125
303.84	-68.8438
303.92	-68.7812
304	-68.6563
304.08	-68.7812
304.16	-68.75
304.24	-68.7187
304.32	-68.75
304.4	-68.8125
304.48	-68.7187
304.56	-68.75
304.64	-68.7812
304.72	-68.8125
304.8	-68.7812
304.88	-68.8438
304.96	-68.8438
305.04	-68.8438
305.12	-68.8438
305.2	-68.8125
305.28	-68.8438
305.36	-68.9062
305.44	-68.8125
305.52	-68.8125
305.6	-68.8438
305.68	-68.8438
305.76	-68.8438
305.84	-68.8438
305.92	-68.7812
306	-68.8125
306.08	-68.8438
306.16	-68.9062
306.24	-68.9062
306.32	-68.8438
306.4	-68.8125
306.48	-68.8438
306.56	-68.7812
306.64	-68.8125
306.72	-68.7812
306.8	-68.9375
306.88	-68.9375
306.96	-68.9062
307.04	-68.9688
307.12	-68.9375
307.2	-69.0313
307.28	-69
307.36	-68.9688
307.44	-68.9375
307.52	-68.9688
307.6	-69.0313
307.68	-69
307.76	-68.9688
307.84	-69
307.92	-69
308	-69.0313
308.08	-68.9688
308.16	-69.0313
308.24	-68.9688
308.32	-68.9688
308.4	-69.0313
308.48	-69
308.56	-68.9375
308.64	-68.9688
308.72	-69
308.8	-69
308.88	-69.0313
308.96	-68.9688
309.04	-69.0313
309.12	-69
309.2	-68.9688
309.28	-69
309.36	-68.9688
309.44	-69.0937
309.52	-69
309.6	-69.0313
309.68	-69.0625
309.76	-69.125
309.84	-69.0625
309.92	-69.0937
310	-69.0937
310.08	-69.0625
310.16	-69.0313
310.24	-69.0313
310.32	-69.0937
310.4	-69.0625
310.48	-69.0313
310.56	-69
310.64	-69.0625
310.72	-69.0937
310.8	-69.0313
310.88	-69.0937
310.96	-69.0937
311.04	-69.1563
311.12	-69.2187
311.2	-69.1875
311.28	-69.0937
311.36	-69.0313
311.44	-69.125
311.52	-69.0937
311.6	-69.0313
311.68	-69.0625
311.76	-69.125
311.84	-69.0937
311.92	-69.1563
312	-69.1563
312.08	-68.9688
312.16	-69.125
312.24	-69.0313
312.32	-69.125
312.4	-69.125
312.48	-69.0937
312.56	-69.1563
312.64	-69.125
312.72	-69.0313
312.8	-69.125
312.88	-69.125
312.96	-69.2187
313.04	-69.0625
313.12	-69.0937
313.2	-69.0937
313.28	-69.0937
313.36	-69.1563
313.44	-69.0937
313.52	-69.0937
313.6	-69.0937
313.68	-69.125
313.76	-69.1563
313.84	-69.125
313.92	-69.1563
314	-69.1875
314.08	-69.1875
314.16	-69.25
314.24	-69.1563
314.32	-69.1875
314.4	-69.25
314.48	-69.2187
314.56	-69.2813
314.64	-69.25
314.72	-69.2813
314.8	-69.2187
314.88	-69.1875
