3937 2
0	-68.4062
0.08	-68.4687
0.16	-68.4062
0.24	-68.4375
0.32	-68.375
0.4	-68.4375
0.48	-68.375
0.56	-68.375
0.64	-68.4062
0.72	-68.2812
0.8	-68.3438
0.88	-68.375
0.96	-68.2812
1.04	-68.375
1.12	-68.3438
1.2	-68.2812
1.28	-68.2812
1.36	-68.2812
1.44	-68.375
1.52	-68.3438
1.6	-68.4375
1.68	-68.4062
1.76	-68.4062
1.84	-68.3438
1.92	-68.4062
2	-68.4062
2.08	-68.4375
2.16	-68.4062
2.24	-68.3438
2.32	-68.375
2.4	-68.4375
2.48	-68.375
2.56	-68.375
2.64	-68.375
2.72	-68.4062
2.8	-68.3438
2.88	-68.375
2.96	-68.4062
3.04	-68.4062
3.12	-68.375
3.2	-68.3438
3.28	-68.375
3.36	-68.3438
3.44	-68.4375
3.52	-68.4062
3.6	-68.375
3.68	-68.4062
3.76	-68.4687
3.84	-68.375
3.92	-68.375
4	-68.375
4.08	-68.375
4.16	-68.375
4.24	-68.375
4.32	-68.4687
4.4	-68.4375
4.48	-68.4375
4.56	-68.3125
4.64	-68.375
4.72	-68.375
4.8	-68.375
4.88	-68.4375
4.96	-68.4062
5.04	-68.375
5.12	-68.4375
5.2	-68.3438
5.28	-68.4062
5.36	-68.4062
5.44	-68.375
5.52	-68.375
5.6	-68.5
5.68	-68.375
5.76	-68.4375
5.84	-68.375
5.92	-68.4375
6	-68.4062
6.08	-68.4375
6.16	-68.5
6.24	-68.5
6.32	-68.5
6.4	-68.5
6.48	-68.4687
6.56	-68.375
6.64	-68.3438
6.72	-68.3438
6.8	-68.3438
6.88	-68.375
6.96	-68.4062
7.04	-68.3125
7.12	-68.3438
7.2	-68.375
7.28	-68.4687
7.36	-68.4062
7.44	-68.375
7.52	-68.3438
7.6	-68.4062
7.68	-68.4062
7.76	-68.4062
7.84	-68.4375
7.92	-68.375
8	-68.3125
8.08	-68.4375
8.16	-68.4375
8.24	-68.4375
8.32	-68.375
8.4	-68.4687
8.48	-68.4687
8.56	-68.4375
8.64	-68.4687
8.72	-68.4687
8.8	-68.4062
8.88	-68.4687
8.96	-68.4375
9.04	-68.5313
9.12	-68.4375
9.2	-68.3438
9.28	-68.4687
9.36	-68.4375
9.44	-68.5313
9.52	-68.375
9.6	-68.4375
9.68	-68.4062
9.76	-68.4062
9.84	-68.4375
9.92	-68.4375
10	-68.4062
10.08	-68.3125
10.16	-68.4062
10.24	-68.375
10.32	-68.4375
10.4	-68.4375
10.48	-68.4687
10.56	-68.375
10.64	-68.375
10.72	-68.375
10.8	-68.375
10.88	-68.3438
10.96	-68.3438
11.04	-68.375
11.12	-68.3438
11.2	-68.3438
11.28	-68.4062
11.36	-68.3438
11.44	-68.4375
11.52	-68.375
11.6	-68.3438
11.68	-68.3438
11.76	-68.375
11.84	-68.5
11.92	-68.4375
12	-68.5313
12.08	-68.375
12.16	-68.375
12.24	-68.4062
12.32	-68.4062
12.4	-68.4062
12.48	-68.375
12.56	-68.4375
12.64	-68.375
12.72	-68.375
12.8	-68.4375
12.88	-68.4375
12.96	-68.4687
13.04	-68.4375
13.12	-68.375
13.2	-68.4687
13.28	-68.4375
13.36	-68.4375
13.44	-68.4062
13.52	-68.4375
13.6	-68.375
13.68	-68.4375
13.76	-68.5
13.84	-68.4062
13.92	-68.375
14	-68.3438
14.08	-68.375
14.16	-68.3438
14.24	-68.4687
14.32	-68.375
14.4	-68.5313
14.48	-68.5625
14.56	-68.4687
14.64	-68.4687
14.72	-68.4062
14.8	-68.375
14.88	-68.3125
14.96	-68.4117
15.04	-68.4117
15.12	-68.4117
15.2	-68.4117
15.28	-68.4117
15.36	-68.5993
15.44	-68.8493
15.52	-68.8805
15.6	-68.943
15.68	-69.0368
15.76	-69.0993
15.84	-69.2243
15.92	-69.2555
16	-69.2868
16.08	-69.3493
16.16	-69.5993
16.24	-69.5055
16.32	-69.6305
16.4	-69.5993
16.48	-69.7243
16.56	-69.7555
16.64	-69.7868
16.72	-69.8492
16.8	-69.943
16.88	-69.9118
16.96	-69.9743
17.04	-70.0368
17.12	-69.9743
17.2	-70.0368
17.28	-70.2868
17.36	-70.2243
17.44	-70.2868
17.52	-70.318
17.6	-70.3493
17.68	-70.4742
17.76	-70.5368
17.84	-70.5368
17.92	-70.568
18	-70.5993
18.08	-70.6305
18.16	-70.6305
18.24	-70.693
18.32	-70.7555
18.4	-70.8805
18.48	-70.7555
18.56	-70.9118
18.64	-70.8493
18.72	-70.9118
18.8	-71.0055
18.88	-71.0055
18.96	-71.1305
19.04	-71.1618
19.12	-71.1618
19.2	-71.2867
19.28	-71.2555
19.36	-71.3493
19.44	-71.3805
19.52	-71.5368
19.6	-71.443
19.68	-71.443
19.76	-71.4118
19.84	-71.443
19.92	-71.5368
20	-71.568
20.08	-71.6618
20.16	-71.7243
20.24	-71.693
20.32	-71.7243
20.4	-71.6618
20.48	-71.7243
20.56	-71.818
20.64	-71.7868
20.72	-71.818
20.8	-71.818
20.88	-71.818
20.96	-71.943
21.04	-71.818
21.12	-71.9743
21.2	-71.943
21.28	-72.0368
21.36	-72.1305
21.44	-72.0368
21.52	-72.1305
21.6	-72.1618
21.68	-72.1305
21.76	-72.1618
21.84	-72.318
21.92	-72.318
22	-72.3493
22.08	-72.3805
22.16	-72.3493
22.24	-72.443
22.32	-72.443
22.4	-72.5368
22.48	-72.5368
22.56	-72.568
22.64	-72.568
22.72	-72.5993
22.8	-72.7243
22.88	-72.693
22.96	-72.7555
23.04	-72.7243
23.12	-72.6618
23.2	-72.693
23.28	-72.7555
23.36	-72.7555
23.44	-72.818
23.52	-72.9118
23.6	-72.9118
23.68	-72.943
23.76	-73.0055
23.84	-72.9743
23.92	-73.0367
24	-73.068
24.08	-73.1618
24.16	-73.1618
24.24	-73.2243
24.32	-73.2243
24.4	-73.193
24.48	-73.318
24.56	-73.2868
24.64	-73.2555
24.72	-73.4743
24.8	-73.3805
24.88	-73.4118
24.96	-73.5055
25.04	-73.4743
25.12	-73.4743
25.2	-73.5055
25.28	-73.568
25.36	-73.5993
25.44	-73.6305
25.52	-73.693
25.6	-73.6305
25.68	-73.7555
25.76	-73.7243
25.84	-73.818
25.92	-73.943
26	-73.7868
26.08	-73.8805
26.16	-73.8805
26.24	-73.943
26.32	-73.9743
26.4	-73.9118
26.48	-73.9743
26.56	-74.0055
26.64	-74.068
26.72	-74.2555
26.8	-74.0993
26.88	-74.0993
26.96	-74.1618
27.04	-74.0993
27.12	-74.2555
27.2	-74.1618
27.28	-74.2555
27.36	-74.318
27.44	-74.2555
27.52	-74.318
27.6	-74.3805
27.68	-74.4118
27.76	-74.4118
27.84	-74.4118
27.92	-74.5368
28	-74.5055
28.08	-74.5368
28.16	-74.6305
28.24	-74.5368
28.32	-74.5368
28.4	-74.568
28.48	-74.693
28.56	-74.7555
28.64	-74.693
28.72	-74.7555
28.8	-74.7867
28.88	-74.7867
28.96	-74.7555
29.04	-74.7555
29.12	-74.8493
29.2	-74.9743
29.28	-74.818
29.36	-74.943
29.44	-75.0055
29.52	-75.0055
29.6	-75.068
29.68	-75.0368
29.76	-75.068
29.84	-75.068
29.92	-75.1305
30	-75.1305
30.08	-75.1305
30.16	-75.193
30.24	-75.1305
30.32	-75.1618
30.4	-75.318
30.48	-75.2555
30.56	-75.2868
30.64	-75.2243
30.72	-75.193
30.8	-75.2868
30.88	-75.3805
30.96	-75.3805
31.04	-75.3493
31.12	-75.4118
31.2	-75.3493
31.28	-75.4743
31.36	-75.4743
31.44	-75.4118
31.52	-75.4743
31.6	-75.5055
31.68	-75.4743
31.76	-75.568
31.84	-75.5055
31.92	-75.5368
32	-75.5368
32.08	-75.693
32.16	-75.693
32.24	-75.7243
32.32	-75.693
32.4	-75.7868
32.48	-75.7243
32.56	-75.8493
32.64	-75.8493
32.72	-75.8805
32.8	-75.943
32.88	-75.9117
32.96	-75.943
33.04	-75.9743
33.12	-75.8805
33.2	-75.8805
33.28	-75.9117
33.36	-76.0055
33.44	-76.0055
33.52	-76.0055
33.6	-76.0368
33.68	-75.943
33.76	-76.068
33.84	-76.0368
33.92	-75.943
34	-76.0993
34.08	-76.1618
34.16	-76.1305
34.24	-76.1305
34.32	-76.1305
34.4	-76.1618
34.48	-76.068
34.56	-76.1618
34.64	-76.1305
34.72	-76.193
34.8	-76.2242
34.88	-76.3493
34.96	-76.3493
35.04	-76.3493
35.12	-76.3805
35.2	-76.3805
35.28	-76.4743
35.36	-76.4743
35.44	-76.443
35.52	-76.443
35.6	-76.443
35.68	-76.443
35.76	-76.5367
35.84	-76.443
35.92	-76.5367
36	-76.6618
36.08	-76.568
36.16	-76.5993
36.24	-76.693
36.32	-76.693
36.4	-76.5993
36.48	-76.6305
36.56	-76.6618
36.64	-76.5993
36.72	-76.7243
36.8	-76.693
36.88	-76.7243
36.96	-76.7243
37.04	-76.693
37.12	-76.7243
37.2	-76.7555
37.28	-76.7868
37.36	-76.7868
37.44	-76.818
37.52	-76.8493
37.6	-76.7243
37.68	-76.8805
37.76	-76.8493
37.84	-77.0368
37.92	-76.8805
38	-76.943
38.08	-76.8493
38.16	-76.9118
38.24	-76.9118
38.32	-77.0368
38.4	-77.0368
38.48	-77.0993
38.56	-77.068
38.64	-77.0993
38.72	-77.0368
38.8	-77.1305
38.88	-77.1305
38.96	-77.193
39.04	-77.193
39.12	-77.1618
39.2	-77.2243
39.28	-77.1305
39.36	-77.0993
39.44	-77.2243
39.52	-77.2243
39.6	-77.193
39.68	-77.1305
39.76	-77.2555
39.84	-77.1305
39.92	-77.2868
40	-77.2555
40.08	-77.2555
40.16	-77.2868
40.24	-77.3493
40.32	-77.2868
40.4	-77.3493
40.48	-77.2868
40.56	-77.3493
40.64	-77.3493
40.72	-77.2555
40.8	-77.2555
40.88	-77.5055
40.96	-77.318
41.04	-77.443
41.12	-77.4118
41.2	-77.3493
41.28	-77.3805
41.36	-77.5055
41.44	-77.4118
41.52	-77.443
41.6	-77.5368
41.68	-77.5368
41.76	-77.4743
41.84	-77.5368
41.92	-77.6305
42	-77.5993
42.08	-77.5993
42.16	-77.5993
42.24	-77.5993
42.32	-77.6305
42.4	-77.7555
42.48	-77.7555
42.56	-77.7555
42.64	-77.7868
42.72	-77.7243
42.8	-77.7243
42.88	-77.693
42.96	-77.7868
43.04	-77.7868
43.12	-77.7868
43.2	-77.693
43.28	-77.7555
43.36	-77.7555
43.44	-77.7868
43.52	-77.7555
43.6	-77.7555
43.68	-77.818
43.76	-77.818
43.84	-77.8493
43.92	-77.9118
44	-77.8493
44.08	-77.8493
44.16	-77.818
44.24	-77.818
44.32	-77.9118
44.4	-77.8805
44.48	-77.818
44.56	-77.9742
44.64	-77.943
44.72	-78.0368
44.8	-77.9118
44.88	-77.943
44.96	-77.9742
45.04	-77.9742
45.12	-77.9742
45.2	-78.0055
45.28	-77.9742
45.36	-77.9742
45.44	-78.068
45.52	-78.0368
45.6	-78.1305
45.68	-78.0368
45.76	-78.068
45.84	-78.0993
45.92	-78.0993
46	-78.0993
46.08	-78.1618
46.16	-78.193
46.24	-78.2555
46.32	-78.1618
46.4	-78.1618
46.48	-78.0993
46.56	-78.1618
46.64	-78.2867
46.72	-78.1305
46.8	-78.1305
46.88	-78.1618
46.96	-78.2243
47.04	-78.1618
47.12	-78.2243
47.2	-78.193
47.28	-78.193
47.36	-78.1618
47.44	-78.2555
47.52	-78.2243
47.6	-78.2867
47.68	-78.3805
47.76	-78.318
47.84	-78.3805
47.92	-78.318
48	-78.3805
48.08	-78.2867
48.16	-78.443
48.24	-78.2867
48.32	-78.443
48.4	-78.2555
48.48	-78.4118
48.56	-78.4118
48.64	-78.318
48.72	-78.318
48.8	-78.443
48.88	-78.318
48.96	-78.4118
49.04	-78.318
49.12	-78.4743
49.2	-78.4743
49.28	-78.4118
49.36	-78.4118
49.44	-78.443
49.52	-78.4118
49.6	-78.2867
49.68	-78.318
49.76	-78.318
49.84	-78.443
49.92	-78.2867
50	-78.4118
50.08	-78.5055
50.16	-78.568
50.24	-78.5055
50.32	-78.5055
50.4	-78.5368
50.48	-78.568
50.56	-78.568
50.64	-78.5993
50.72	-78.5368
50.8	-78.4118
50.88	-78.318
50.96	-78.4743
51.04	-78.4118
51.12	-78.4118
51.2	-78.4743
51.28	-78.443
51.36	-78.443
51.44	-78.5368
51.52	-78.3805
51.6	-78.4743
51.68	-78.5055
51.76	-78.5993
51.84	-78.5993
51.92	-78.5368
52	-78.5368
52.08	-78.5368
52.16	-78.5368
52.24	-78.6305
52.32	-78.6618
52.4	-78.6305
52.48	-78.693
52.56	-78.6305
52.64	-78.568
52.72	-78.6305
52.8	-78.6618
52.88	-78.6305
52.96	-78.7555
53.04	-78.6618
53.12	-78.7555
53.2	-78.6618
53.28	-78.7243
53.36	-78.6305
53.44	-78.6618
53.52	-78.7555
53.6	-78.7243
53.68	-78.6618
53.76	-78.7868
53.84	-78.818
53.92	-78.818
54	-78.7868
54.08	-78.7555
54.16	-78.8493
54.24	-78.818
54.32	-78.8493
54.4	-78.7868
54.48	-78.818
54.56	-78.7868
54.64	-78.818
54.72	-78.7868
54.8	-78.7555
54.88	-78.8493
54.96	-78.818
55.04	-78.7868
55.12	-78.8805
55.2	-78.8493
55.28	-78.818
55.36	-78.7243
55.44	-78.8493
55.52	-78.818
55.6	-78.7868
55.68	-78.8805
55.76	-78.8805
55.84	-78.8493
55.92	-78.818
56	-78.818
56.08	-78.7868
56.16	-78.818
56.24	-78.693
56.32	-78.8493
56.4	-78.818
56.48	-78.818
56.56	-78.7555
56.64	-78.7555
56.72	-78.8493
56.8	-78.818
56.88	-78.7555
56.96	-78.7868
57.04	-78.8805
57.12	-78.8805
57.2	-78.7868
57.28	-78.818
57.36	-78.8805
57.44	-78.818
57.52	-78.818
57.6	-78.8805
57.68	-78.818
57.76	-78.943
57.84	-78.8493
57.92	-78.943
58	-78.8493
58.08	-78.8493
58.16	-79.068
58.24	-78.9118
58.32	-79.0055
58.4	-79.0055
58.48	-78.9743
58.56	-78.943
58.64	-78.9743
58.72	-78.8805
58.8	-78.943
58.88	-78.9743
58.96	-78.9743
59.04	-78.9743
59.12	-79.0992
59.2	-78.9743
59.28	-78.9743
59.36	-78.9118
59.44	-79.068
59.52	-78.943
59.6	-79.068
59.68	-79.0992
59.76	-79.1305
59.84	-79.0992
59.92	-79.0992
60	-79.0992
60.08	-79.0992
60.16	-79.1305
60.24	-79.0055
60.32	-79.0055
60.4	-79.0055
60.48	-79.0055
60.56	-79.1305
60.64	-79.068
60.72	-79.0055
60.8	-79.0055
60.88	-78.9743
60.96	-78.9743
61.04	-78.9743
61.12	-78.943
61.2	-79.0055
61.28	-79.1618
61.36	-79.0992
61.44	-79.068
61.52	-79.193
61.6	-79.193
61.68	-79.1305
61.76	-79.193
61.84	-79.0055
61.92	-79.1618
62	-79.1305
62.08	-79.0992
62.16	-79.068
62.24	-79.193
62.32	-79.2243
62.4	-79.0992
62.48	-79.1618
62.56	-79.1618
62.64	-79.1305
62.72	-79.068
62.8	-79.1618
62.88	-79.2555
62.96	-79.0992
63.04	-79.1305
63.12	-79.1305
63.2	-79.1305
63.28	-79.1305
63.36	-79.193
63.44	-79.1618
63.52	-79.0992
63.6	-79.0992
63.68	-79.1305
63.76	-79.0992
63.84	-79.1618
63.92	-79.1305
64	-79.193
64.08	-79.1305
64.16	-79.1305
64.24	-79.0992
64.32	-79.0992
64.4	-79.068
64.48	-79.193
64.56	-79.1305
64.64	-79.1305
64.72	-79.1618
64.8	-79.1618
64.88	-79.1305
64.96	-79.2243
65.04	-79.193
65.12	-79.193
65.2	-79.2555
65.28	-79.2555
65.36	-79.2555
65.44	-79.2243
65.52	-79.1618
65.6	-79.1618
65.68	-79.193
65.76	-79.2243
65.84	-79.193
65.92	-79.193
66	-79.193
66.08	-79.2243
66.16	-79.193
66.24	-79.2243
66.32	-79.2243
66.4	-79.2868
66.48	-79.068
66.56	-79.2243
66.64	-79.1305
66.72	-79.1618
66.8	-79.1618
66.88	-79.1618
66.96	-79.193
67.04	-79.193
67.12	-79.193
67.2	-79.1305
67.28	-79.1305
67.36	-79.1305
67.44	-79.0055
67.52	-79.068
67.6	-79.068
67.68	-79.193
67.76	-79.0992
67.84	-79.1305
67.92	-79.193
68	-79.1618
68.08	-79.1618
68.16	-79.1305
68.24	-79.1305
68.32	-79.0992
68.4	-79.193
68.48	-79.193
68.56	-79.2243
68.64	-79.193
68.72	-79.193
68.8	-79.2555
68.88	-79.1618
68.96	-79.0992
69.04	-79.2243
69.12	-79.2243
69.2	-79.193
69.28	-79.193
69.36	-79.193
69.44	-79.2243
69.52	-79.2243
69.6	-79.2243
69.68	-79.318
69.76	-79.2243
69.84	-79.2243
69.92	-79.1618
70	-79.1618
70.08	-79.1618
70.16	-79.1305
70.24	-79.2243
70.32	-79.0992
70.4	-79.2555
70.48	-79.1618
70.56	-79.1305
70.64	-79.2243
70.72	-79.2555
70.8	-79.2555
70.88	-79.2243
70.96	-79.193
71.04	-79.193
71.12	-79.2243
71.2	-79.2868
71.28	-79.2868
71.36	-79.1618
71.44	-79.193
71.52	-79.2555
71.6	-79.2243
71.68	-79.2868
71.76	-79.1618
71.84	-79.193
71.92	-79.1618
72	-79.2243
72.08	-79.2243
72.16	-79.2243
72.24	-79.1618
72.32	-79.2555
72.4	-79.2555
72.48	-79.193
72.56	-79.2555
72.64	-79.2243
72.72	-79.193
72.8	-79.2555
72.88	-79.2243
72.96	-79.2555
73.04	-79.0992
73.12	-79.193
73.2	-79.1305
73.28	-79.068
73.36	-79.1305
73.44	-79.1618
73.52	-79.1618
73.6	-79.193
73.68	-79.1618
73.76	-79.1618
73.84	-79.2555
73.92	-79.193
74	-79.2243
74.08	-79.1618
74.16	-79.2243
74.24	-79.1305
74.32	-79.193
74.4	-79.2243
74.48	-79.1618
74.56	-79.193
74.64	-79.193
74.72	-79.1618
74.8	-79.2243
74.88	-79.2555
74.96	-79.318
75.04	-79.2555
75.12	-79.2555
75.2	-79.3493
75.28	-79.3493
75.36	-79.2555
75.44	-79.2555
75.52	-79.2555
75.6	-79.2243
75.68	-79.2555
75.76	-79.3493
75.84	-79.2555
75.92	-79.2555
76	-79.193
76.08	-79.2555
76.16	-79.318
76.24	-79.318
76.32	-79.193
76.4	-79.193
76.48	-79.2555
76.56	-79.1618
76.64	-79.1618
76.72	-79.2555
76.8	-79.2243
76.88	-79.2555
76.96	-79.2243
77.04	-79.1305
77.12	-79.2868
77.2	-79.1618
77.28	-79.193
77.36	-79.2243
77.44	-79.2243
77.52	-79.2868
77.6	-79.2868
77.68	-79.2555
77.76	-79.2555
77.84	-79.2868
77.92	-79.193
78	-79.1305
78.08	-79.1305
78.16	-79.193
78.24	-79.193
78.32	-79.2868
78.4	-79.2555
78.48	-79.2555
78.56	-79.2243
78.64	-79.1305
78.72	-79.2555
78.8	-79.2555
78.88	-79.1305
78.96	-79.1305
79.04	-79.2555
79.12	-79.2243
79.2	-79.2243
79.28	-79.193
79.36	-79.1618
79.44	-79.2243
79.52	-79.1618
79.6	-79.318
79.68	-79.193
79.76	-79.2243
79.84	-79.1618
79.92	-79.1618
80	-79.1618
80.08	-79.2555
80.16	-79.2555
80.24	-79.2243
80.32	-79.193
80.4	-79.2555
80.48	-79.193
80.56	-79.1305
80.64	-79.193
80.72	-79.2868
80.8	-79.2868
80.88	-79.2243
80.96	-79.2243
81.04	-79.2555
81.12	-79.2243
81.2	-79.2243
81.28	-79.2243
81.36	-79.2243
81.44	-79.1618
81.52	-79.2555
81.6	-79.2868
81.68	-79.2868
81.76	-79.2243
81.84	-79.2868
81.92	-79.2555
82	-79.2243
82.08	-79.2243
82.16	-79.2555
82.24	-79.2868
82.32	-79.318
82.4	-79.2868
82.48	-79.2555
82.56	-79.2555
82.64	-79.2243
82.72	-79.193
82.8	-79.193
82.88	-79.2555
82.96	-79.2243
83.04	-79.193
83.12	-79.1618
83.2	-79.1305
83.28	-79.193
83.36	-79.1618
83.44	-79.1305
83.52	-79.2243
83.6	-79.193
83.68	-79.0992
83.76	-79.2243
83.84	-79.2243
83.92	-79.193
84	-79.193
84.08	-79.068
84.16	-79.2243
84.24	-79.1305
84.32	-79.2243
84.4	-79.193
84.48	-79.2243
84.56	-79.1305
84.64	-79.193
84.72	-79.1305
84.8	-79.193
84.88	-79.1618
84.96	-79.2868
85.04	-79.2243
85.12	-79.193
85.2	-79.193
85.28	-79.1618
85.36	-79.193
85.44	-79.193
85.52	-79.1618
85.6	-79.1305
85.68	-79.2868
85.76	-79.193
85.84	-79.1305
85.92	-79.2555
86	-79.2243
86.08	-79.2555
86.16	-79.2243
86.24	-79.1618
86.32	-79.1305
86.4	-79.1618
86.48	-79.1305
86.56	-79.193
86.64	-79.1618
86.72	-79.193
86.8	-79.1305
86.88	-79.193
86.96	-79.068
87.04	-79.0992
87.12	-79.193
87.2	-79.2243
87.28	-79.193
87.36	-79.2243
87.44	-79.2868
87.52	-79.193
87.6	-79.2243
87.68	-79.193
87.76	-79.2555
87.84	-79.318
87.92	-79.2243
88	-79.193
88.08	-79.2243
88.16	-79.2555
88.24	-79.2243
88.32	-79.193
88.4	-79.1618
88.48	-79.2555
88.56	-79.2555
88.64	-79.2555
88.72	-79.2868
88.8	-79.1305
88.88	-79.193
88.96	-79.2555
89.04	-79.1618
89.12	-79.1618
89.2	-79.1305
89.28	-79.0992
89.36	-79.0992
89.44	-79.1305
89.52	-79.1618
89.6	-79.1305
89.68	-79.193
89.76	-79.1305
89.84	-79.0992
89.92	-79.193
90	-79.1305
90.08	-79.193
90.16	-79.1305
90.24	-79.193
90.32	-79.1618
90.4	-79.1305
90.48	-79.1618
90.56	-79.2243
90.64	-79.1305
90.72	-79.1618
90.8	-79.0992
90.88	-79.0992
90.96	-79.2555
91.04	-79.1618
91.12	-79.193
91.2	-79.1305
91.28	-79.1305
91.36	-79.2243
91.44	-79.1305
91.52	-79.193
91.6	-79.193
91.68	-79.2243
91.76	-79.2243
91.84	-79.2243
91.92	-79.2243
92	-79.2243
92.08	-79.2555
92.16	-79.1618
92.24	-79.2243
92.32	-79.2868
92.4	-79.193
92.48	-79.1305
92.56	-79.193
92.64	-79.0992
92.72	-79.0055
92.8	-78.9743
92.88	-78.9743
92.96	-78.943
93.04	-78.9743
93.12	-78.943
93.2	-78.943
93.28	-78.8493
93.36	-78.8805
93.44	-78.9743
93.52	-78.8805
93.6	-78.9118
93.68	-78.8805
93.76	-78.8805
93.84	-78.7868
93.92	-78.7868
94	-78.7243
94.08	-78.7868
94.16	-78.818
94.24	-78.7555
94.32	-78.7555
94.4	-78.7555
94.48	-78.7555
94.56	-78.7555
94.64	-78.693
94.72	-78.7868
94.8	-78.7243
94.88	-78.7868
94.96	-78.7555
95.04	-78.693
95.12	-78.7243
95.2	-78.6618
95.28	-78.7243
95.36	-78.818
95.44	-78.7243
95.52	-78.7868
95.6	-78.693
95.68	-78.7555
95.76	-78.7243
95.84	-78.7243
95.92	-78.693
96	-78.693
96.08	-78.7243
96.16	-78.7243
96.24	-78.693
96.32	-78.693
96.4	-78.6618
96.48	-78.7868
96.56	-78.7243
96.64	-78.7243
96.72	-78.7243
96.8	-78.7243
96.88	-78.7868
96.96	-78.818
97.04	-78.693
97.12	-78.7243
97.2	-78.7243
97.28	-78.7243
97.36	-78.7243
97.44	-78.7555
97.52	-78.818
97.6	-78.693
97.68	-78.818
97.76	-78.7243
97.84	-78.7555
97.92	-78.818
98	-78.7868
98.08	-78.8493
98.16	-78.8805
98.24	-78.8493
98.32	-78.7555
98.4	-78.8805
98.48	-78.7868
98.56	-78.7243
98.64	-78.8493
98.72	-78.9118
98.8	-78.8493
98.88	-78.818
98.96	-78.8493
99.04	-78.8805
99.12	-78.8493
99.2	-78.7555
99.28	-78.818
99.36	-78.818
99.44	-78.8493
99.52	-78.7868
99.6	-78.8805
99.68	-78.8493
99.76	-78.8805
99.84	-78.7555
99.92	-78.8805
100	-78.9118
100.08	-78.818
100.16	-78.8805
100.24	-78.8805
100.32	-78.7868
100.4	-78.7868
100.48	-78.8805
100.56	-78.7868
100.64	-78.7555
100.72	-78.818
100.8	-78.7555
100.88	-78.8493
100.96	-78.7243
101.04	-78.7868
101.12	-78.8493
101.2	-78.8493
101.28	-78.7868
101.36	-78.8493
101.44	-78.8493
101.52	-78.8805
101.6	-78.8493
101.68	-78.8493
101.76	-78.8493
101.84	-78.8493
101.92	-78.8493
102	-78.8805
102.08	-78.9743
102.16	-78.818
102.24	-78.7868
102.32	-78.943
102.4	-78.818
102.48	-78.9743
102.56	-78.8805
102.64	-78.818
102.72	-78.7868
102.8	-78.8805
102.88	-78.7868
102.96	-78.8805
103.04	-78.7243
103.12	-78.7555
103.2	-78.8493
103.28	-78.818
103.36	-78.8493
103.44	-78.818
103.52	-78.7868
103.6	-78.8805
103.68	-78.818
103.76	-78.818
103.84	-78.9743
103.92	-78.9118
104	-78.7868
104.08	-78.818
104.16	-78.818
104.24	-78.7868
104.32	-78.7243
104.4	-78.8493
104.48	-78.8805
104.56	-78.8805
104.64	-78.818
104.72	-78.8805
104.8	-78.8805
104.88	-78.818
104.96	-78.818
105.04	-78.8805
105.12	-78.8805
105.2	-78.8493
105.28	-78.818
105.36	-78.8805
105.44	-78.7868
105.52	-78.7868
105.6	-78.7555
105.68	-78.8493
105.76	-78.7555
105.84	-78.7868
105.92	-78.7868
106	-78.818
106.08	-78.8493
106.16	-78.818
106.24	-78.7868
106.32	-78.7868
106.4	-78.8805
106.48	-78.8493
106.56	-78.8493
106.64	-78.7868
106.72	-78.7868
106.8	-78.7243
106.88	-78.7555
106.96	-78.7243
107.04	-78.818
107.12	-78.7868
107.2	-78.7868
107.28	-78.7868
107.36	-78.7243
107.44	-78.7868
107.52	-78.7555
107.6	-78.7868
107.68	-78.7555
107.76	-78.693
107.84	-78.693
107.92	-78.7555
108	-78.7555
108.08	-78.7243
108.16	-78.7868
108.24	-78.7868
108.32	-78.7555
108.4	-78.7243
108.48	-78.7243
108.56	-78.818
108.64	-78.8805
108.72	-78.7555
108.8	-78.7243
108.88	-78.818
108.96	-78.8805
109.04	-78.818
109.12	-78.7868
109.2	-78.8493
109.28	-78.7868
109.36	-78.818
109.44	-78.693
109.52	-78.7868
109.6	-78.7555
109.68	-78.8805
109.76	-78.7868
109.84	-78.818
109.92	-78.8493
110	-78.7868
110.08	-78.7868
110.16	-78.7555
110.24	-78.8805
110.32	-78.818
110.4	-78.8493
110.48	-78.8805
110.56	-78.818
110.64	-78.8805
110.72	-78.9118
110.8	-78.9118
110.88	-78.8493
110.96	-78.8493
111.04	-78.7555
111.12	-78.8493
111.2	-78.693
111.28	-78.818
111.36	-78.7243
111.44	-78.8493
111.52	-78.818
111.6	-78.8805
111.68	-78.818
111.76	-78.7868
111.84	-78.818
111.92	-78.7555
112	-78.7555
112.08	-78.7868
112.16	-78.7555
112.24	-78.7555
112.32	-78.8805
112.4	-78.8493
112.48	-78.818
112.56	-78.8493
112.64	-78.7868
112.72	-78.8493
112.8	-78.818
112.88	-78.693
112.96	-78.693
113.04	-78.7555
113.12	-78.7868
113.2	-78.8493
113.28	-78.8493
113.36	-78.7555
113.44	-78.8493
113.52	-78.7868
113.6	-78.7555
113.68	-78.7555
113.76	-78.7868
113.84	-78.818
113.92	-78.7555
114	-78.7868
114.08	-78.7868
114.16	-78.7555
114.24	-78.818
114.32	-78.818
114.4	-78.8493
114.48	-78.7555
114.56	-78.7868
114.64	-78.818
114.72	-78.8493
114.8	-78.7555
114.88	-78.7868
114.96	-78.818
115.04	-78.818
115.12	-78.8493
115.2	-78.7868
115.28	-78.818
115.36	-78.818
115.44	-78.7868
115.52	-78.7868
115.6	-78.8493
115.68	-78.818
115.76	-78.818
115.84	-78.8493
115.92	-78.8805
116	-78.818
116.08	-78.7243
116.16	-78.8493
116.24	-78.8493
116.32	-78.8493
116.4	-78.818
116.48	-78.8493
116.56	-78.818
116.64	-78.818
116.72	-78.818
116.8	-78.7868
116.88	-78.818
116.96	-78.7868
117.04	-78.818
117.12	-78.7243
117.2	-78.8493
117.28	-78.8493
117.36	-78.7868
117.44	-78.7555
117.52	-78.7243
117.6	-78.7243
117.68	-78.7243
117.76	-78.8493
117.84	-78.818
117.92	-78.7555
118	-78.7868
118.08	-78.818
118.16	-78.8805
118.24	-78.7868
118.32	-78.7868
118.4	-78.6618
118.48	-78.7555
118.56	-78.7555
118.64	-78.7868
118.72	-78.8493
118.8	-78.7868
118.88	-78.7555
118.96	-78.818
119.04	-78.8493
119.12	-78.8493
119.2	-78.7555
119.28	-78.818
119.36	-78.818
119.44	-78.818
119.52	-78.7555
119.6	-78.8493
119.68	-78.7868
119.76	-78.8493
119.84	-78.8493
119.92	-78.7868
120	-78.8493
120.08	-78.818
120.16	-78.7555
120.24	-78.818
120.32	-78.7868
120.4	-78.7868
120.48	-78.7868
120.56	-78.7555
120.64	-78.7243
120.72	-78.7555
120.8	-78.7243
120.88	-78.818
120.96	-78.7243
121.04	-78.7555
121.12	-78.8493
121.2	-78.8493
121.28	-78.818
121.36	-78.9118
121.44	-78.693
121.52	-78.8493
121.6	-78.8493
121.68	-78.8493
121.76	-78.818
121.84	-78.8805
121.92	-78.7555
122	-78.818
122.08	-78.943
122.16	-78.9118
122.24	-78.7555
122.32	-78.7868
122.4	-78.8493
122.48	-78.8493
122.56	-78.8493
122.64	-78.7868
122.72	-78.7243
122.8	-78.7243
122.88	-78.7555
122.96	-78.818
123.04	-78.7868
123.12	-78.7555
123.2	-78.818
123.28	-78.7868
123.36	-78.7555
123.44	-78.7243
123.52	-78.7243
123.6	-78.7243
123.68	-78.7555
123.76	-78.7555
123.84	-78.7868
123.92	-78.6305
124	-78.6618
124.08	-78.7243
124.16	-78.7243
124.24	-78.7243
124.32	-78.693
124.4	-78.7868
124.48	-78.7868
124.56	-78.8493
124.64	-78.7555
124.72	-78.7868
124.8	-78.7868
124.88	-78.7243
124.96	-78.7555
125.04	-78.7555
125.12	-78.7868
125.2	-78.8805
125.28	-78.818
125.36	-78.8805
125.44	-78.818
125.52	-78.8493
125.6	-78.818
125.68	-78.818
125.76	-78.8493
125.84	-78.8493
125.92	-78.818
126	-78.7868
126.08	-78.8493
126.16	-78.818
126.24	-78.818
126.32	-78.7868
126.4	-78.8805
126.48	-78.8493
126.56	-78.8493
126.64	-78.818
126.72	-78.818
126.8	-78.818
126.88	-78.7868
126.96	-78.7868
127.04	-78.7555
127.12	-78.7243
127.2	-78.8493
127.28	-78.7555
127.36	-78.7868
127.44	-78.7243
127.52	-78.8493
127.6	-78.7868
127.68	-78.7868
127.76	-78.818
127.84	-78.7868
127.92	-78.818
128	-78.7868
128.08	-78.7555
128.16	-78.7555
128.24	-78.7555
128.32	-78.818
128.4	-78.8493
128.48	-78.7868
128.56	-78.818
128.64	-78.818
128.72	-78.8805
128.8	-78.7868
128.88	-78.7555
128.96	-78.7555
129.04	-78.7243
129.12	-78.7555
129.2	-78.7555
129.28	-78.7243
129.36	-78.7555
129.44	-78.7243
129.52	-78.818
129.6	-78.7868
129.68	-78.818
129.76	-78.818
129.84	-78.6305
129.92	-78.818
130	-78.818
130.08	-78.7868
130.16	-78.7555
130.24	-78.7868
130.32	-78.7243
130.4	-78.7243
130.48	-78.693
130.56	-78.693
130.64	-78.818
130.72	-78.7555
130.8	-78.7555
130.88	-78.8493
130.96	-78.818
131.04	-78.818
131.12	-78.7555
131.2	-78.8805
131.28	-78.8805
131.36	-78.8805
131.44	-78.818
131.52	-78.7868
131.6	-78.818
131.68	-78.818
131.76	-78.8493
131.84	-78.8805
131.92	-78.7868
132	-78.7243
132.08	-78.7555
132.16	-78.7868
132.24	-78.7555
132.32	-78.8493
132.4	-78.818
132.48	-78.818
132.56	-78.818
132.64	-78.7243
132.72	-78.7868
132.8	-78.693
132.88	-78.6618
132.96	-78.7868
133.04	-78.7555
133.12	-78.818
133.2	-78.7868
133.28	-78.7555
133.36	-78.7555
133.44	-78.7868
133.52	-78.7243
133.6	-78.6618
133.68	-78.7243
133.76	-78.6305
133.84	-78.7243
133.92	-78.818
134	-78.7243
134.08	-78.7555
134.16	-78.7243
134.24	-78.7555
134.32	-78.6305
134.4	-78.6305
134.48	-78.693
134.56	-78.6618
134.64	-78.7555
134.72	-78.7868
134.8	-78.6618
134.88	-78.818
134.96	-78.7243
135.04	-78.7243
135.12	-78.693
135.2	-78.7555
135.28	-78.6618
135.36	-78.7555
135.44	-78.6305
135.52	-78.693
135.6	-78.693
135.68	-78.693
135.76	-78.6618
135.84	-78.7243
135.92	-78.7243
136	-78.693
136.08	-78.6618
136.16	-78.693
136.24	-78.7243
136.32	-78.693
136.4	-78.5993
136.48	-78.693
136.56	-78.6618
136.64	-78.6618
136.72	-78.6618
136.8	-78.568
136.88	-78.568
136.96	-78.6305
137.04	-78.6305
137.12	-78.568
137.2	-78.6618
137.28	-78.6618
137.36	-78.6305
137.44	-78.7868
137.52	-78.7243
137.6	-78.6305
137.68	-78.7555
137.76	-78.7243
137.84	-78.7555
137.92	-78.7868
138	-78.693
138.08	-78.693
138.16	-78.7868
138.24	-78.693
138.32	-78.6618
138.4	-78.6305
138.48	-78.7243
138.56	-78.6618
138.64	-78.5993
138.72	-78.5993
138.8	-78.6305
138.88	-78.6305
138.96	-78.7555
139.04	-78.6618
139.12	-78.6305
139.2	-78.693
139.28	-78.568
139.36	-78.6618
139.44	-78.5993
139.52	-78.6618
139.6	-78.6618
139.68	-78.5993
139.76	-78.693
139.84	-78.6618
139.92	-78.6618
140	-78.5368
140.08	-78.6618
140.16	-78.6305
140.24	-78.568
140.32	-78.5993
140.4	-78.5055
140.48	-78.5993
140.56	-78.6305
140.64	-78.443
140.72	-78.6305
140.8	-78.5368
140.88	-78.568
140.96	-78.6305
141.04	-78.5368
141.12	-78.568
141.2	-78.5993
141.28	-78.6618
141.36	-78.568
141.44	-78.568
141.52	-78.5993
141.6	-78.568
141.68	-78.6305
141.76	-78.693
141.84	-78.6618
141.92	-78.6305
142	-78.5993
142.08	-78.6305
142.16	-78.6618
142.24	-78.6305
142.32	-78.568
142.4	-78.5993
142.48	-78.6618
142.56	-78.6305
142.64	-78.5993
142.72	-78.6618
142.8	-78.5993
142.88	-78.568
142.96	-78.6618
143.04	-78.5993
143.12	-78.6618
143.2	-78.5993
143.28	-78.5993
143.36	-78.6618
143.44	-78.6618
143.52	-78.5993
143.6	-78.6618
143.68	-78.5993
143.76	-78.6305
143.84	-78.5993
143.92	-78.5993
144	-78.568
144.08	-78.5055
144.16	-78.568
144.24	-78.5993
144.32	-78.5368
144.4	-78.5993
144.48	-78.5368
144.56	-78.5368
144.64	-78.5368
144.72	-78.6305
144.8	-78.5993
144.88	-78.6618
144.96	-78.6618
145.04	-78.5993
145.12	-78.5368
145.2	-78.568
145.28	-78.5055
145.36	-78.568
145.44	-78.568
145.52	-78.5055
145.6	-78.5368
145.68	-78.568
145.76	-78.568
145.84	-78.6618
145.92	-78.5368
146	-78.5055
146.08	-78.5368
146.16	-78.4743
146.24	-78.568
146.32	-78.568
146.4	-78.568
146.48	-78.6618
146.56	-78.5993
146.64	-78.5368
146.72	-78.5055
146.8	-78.568
146.88	-78.5055
146.96	-78.5055
147.04	-78.5055
147.12	-78.5368
147.2	-78.568
147.28	-78.5055
147.36	-78.568
147.44	-78.568
147.52	-78.4743
147.6	-78.4743
147.68	-78.5368
147.76	-78.5993
147.84	-78.5993
147.92	-78.4743
148	-78.443
148.08	-78.568
148.16	-78.568
148.24	-78.5055
148.32	-78.5055
148.4	-78.5055
148.48	-78.5993
148.56	-78.5368
148.64	-78.5993
148.72	-78.5368
148.8	-78.5368
148.88	-78.6305
148.96	-78.5993
149.04	-78.6618
149.12	-78.5368
149.2	-78.5368
149.28	-78.6305
149.36	-78.5368
149.44	-78.568
149.52	-78.5368
149.6	-78.5055
149.68	-78.5055
149.76	-78.4743
149.84	-78.5055
149.92	-78.4743
150	-78.4743
150.08	-78.5368
150.16	-78.5055
150.24	-78.5055
150.32	-78.4743
150.4	-78.318
150.48	-78.5055
150.56	-78.568
150.64	-78.5055
150.72	-78.3805
150.8	-78.4743
150.88	-78.2867
150.96	-78.5055
151.04	-78.5368
151.12	-78.443
151.2	-78.4743
151.28	-78.4743
151.36	-78.5055
151.44	-78.4118
151.52	-78.4118
151.6	-78.3805
151.68	-78.4743
151.76	-78.443
151.84	-78.5368
151.92	-78.4743
152	-78.443
152.08	-78.443
152.16	-78.443
152.24	-78.5055
152.32	-78.4118
152.4	-78.5055
152.48	-78.5368
152.56	-78.4118
152.64	-78.443
152.72	-78.4743
152.8	-78.4743
152.88	-78.4743
152.96	-78.4743
153.04	-78.3805
153.12	-78.4743
153.2	-78.5368
153.28	-78.4118
153.36	-78.5368
153.44	-78.5368
153.52	-78.4743
153.6	-78.4118
153.68	-78.4743
153.76	-78.4743
153.84	-78.4743
153.92	-78.5368
154	-78.4743
154.08	-78.443
154.16	-78.5055
154.24	-78.443
154.32	-78.3805
154.4	-78.4743
154.48	-78.4743
154.56	-78.5055
154.64	-78.2867
154.72	-78.3805
154.8	-78.4118
154.88	-78.4118
154.96	-78.3805
155.04	-78.443
155.12	-78.5055
155.2	-78.443
155.28	-78.5368
155.36	-78.4118
155.44	-78.4743
155.52	-78.4118
155.6	-78.4118
155.68	-78.443
155.76	-78.443
155.84	-78.5055
155.92	-78.4743
156	-78.443
156.08	-78.5368
156.16	-78.568
156.24	-78.443
156.32	-78.4118
156.4	-78.443
156.48	-78.4743
156.56	-78.443
156.64	-78.443
156.72	-78.3805
156.8	-78.318
156.88	-78.443
156.96	-78.318
157.04	-78.3805
157.12	-78.3805
157.2	-78.318
157.28	-78.318
157.36	-78.4743
157.44	-78.3805
157.52	-78.443
157.6	-78.4118
157.68	-78.4743
157.76	-78.318
157.84	-78.318
157.92	-78.443
158	-78.443
158.08	-78.5055
158.16	-78.443
158.24	-78.4118
158.32	-78.3805
158.4	-78.4118
158.48	-78.443
158.56	-78.5055
158.64	-78.5055
158.72	-78.4743
158.8	-78.568
158.88	-78.568
158.96	-78.5368
159.04	-78.568
159.12	-78.5368
159.2	-78.5055
159.28	-78.5055
159.36	-78.568
159.44	-78.5368
159.52	-78.5368
159.6	-78.5368
159.68	-78.5055
159.76	-78.5368
159.84	-78.5993
159.92	-78.5055
160	-78.5368
160.08	-78.4118
160.16	-78.5368
160.24	-78.5055
160.32	-78.443
160.4	-78.5368
160.48	-78.4743
160.56	-78.4743
160.64	-78.4118
160.72	-78.4743
160.8	-78.4743
160.88	-78.443
160.96	-78.443
161.04	-78.5055
161.12	-78.318
161.2	-78.5055
161.28	-78.443
161.36	-78.4118
161.44	-78.5055
161.52	-78.4118
161.6	-78.5368
161.68	-78.4743
161.76	-78.5055
161.84	-78.5368
161.92	-78.443
162	-78.5055
162.08	-78.4743
162.16	-78.5055
162.24	-78.4743
162.32	-78.3805
162.4	-78.5055
162.48	-78.4743
162.56	-78.4743
162.64	-78.4743
162.72	-78.4118
162.8	-78.4743
162.88	-78.4743
162.96	-78.3805
163.04	-78.443
163.12	-78.4118
163.2	-78.4118
163.28	-78.443
163.36	-78.4743
163.44	-78.5055
163.52	-78.4743
163.6	-78.5055
163.68	-78.2867
163.76	-78.443
163.84	-78.443
163.92	-78.3805
164	-78.3805
164.08	-78.3805
164.16	-78.3805
164.24	-78.3805
164.32	-78.318
164.4	-78.318
164.48	-78.443
164.56	-78.318
164.64	-78.443
164.72	-78.4743
164.8	-78.4743
164.88	-78.443
164.96	-78.443
165.04	-78.4743
165.12	-78.443
165.2	-78.3805
165.28	-78.5055
165.36	-78.5368
165.44	-78.4743
165.52	-78.4118
165.6	-78.4743
165.68	-78.4743
165.76	-78.443
165.84	-78.443
165.92	-78.318
166	-78.4743
166.08	-78.3805
166.16	-78.4118
166.24	-78.4118
166.32	-78.4743
166.4	-78.3805
166.48	-78.4118
166.56	-78.443
166.64	-78.2867
166.72	-78.443
166.8	-78.2867
166.88	-78.2867
166.96	-78.3805
167.04	-78.4118
167.12	-78.318
167.2	-78.443
167.28	-78.4118
167.36	-78.3805
167.44	-78.443
167.52	-78.4118
167.6	-78.4118
167.68	-78.318
167.76	-78.3805
167.84	-78.443
167.92	-78.2867
168	-78.318
168.08	-78.5055
168.16	-78.4743
168.24	-78.5055
168.32	-78.5055
168.4	-78.443
168.48	-78.5368
168.56	-78.4118
168.64	-78.4743
168.72	-78.4118
168.8	-78.4743
168.88	-78.318
168.96	-78.3805
169.04	-78.3805
169.12	-78.3805
169.2	-78.443
169.28	-78.3805
169.36	-78.443
169.44	-78.5055
169.52	-78.4118
169.6	-78.4743
169.68	-78.443
169.76	-78.443
169.84	-78.443
169.92	-78.443
170	-78.4118
170.08	-78.4743
170.16	-78.4118
170.24	-78.5055
170.32	-78.4743
170.4	-78.4743
170.48	-78.4118
170.56	-78.4118
170.64	-78.443
170.72	-78.4118
170.8	-78.4118
170.88	-78.4743
170.96	-78.443
171.04	-78.3805
171.12	-78.3805
171.2	-78.3805
171.28	-78.3805
171.36	-78.318
171.44	-78.318
171.52	-78.318
171.6	-78.3805
171.68	-78.443
171.76	-78.4118
171.84	-78.4743
171.92	-78.3805
172	-78.4118
172.08	-78.318
172.16	-78.2243
172.24	-78.193
172.32	-78.1618
172.4	-78.2555
172.48	-78.2243
172.56	-78.2555
172.64	-78.1618
172.72	-78.1305
172.8	-78.2243
172.88	-78.2555
172.96	-78.1305
173.04	-78.1305
173.12	-78.1305
173.2	-78.1305
173.28	-78.1618
173.36	-78.0993
173.44	-78.0993
173.52	-78.0368
173.6	-78.0368
173.68	-78.068
173.76	-78.0055
173.84	-78.1305
173.92	-78.1305
174	-78.1305
174.08	-78.068
174.16	-78.0055
174.24	-78.0993
174.32	-78.0993
174.4	-78.1305
174.48	-78.1305
174.56	-78.1305
174.64	-78.1305
174.72	-78.1618
174.8	-78.193
174.88	-78.1618
174.96	-78.1305
175.04	-78.1618
175.12	-78.1305
175.2	-78.193
175.28	-78.1305
175.36	-78.0993
175.44	-78.193
175.52	-78.1305
175.6	-78.1305
175.68	-78.193
175.76	-78.1305
175.84	-78.1305
175.92	-78.0993
176	-78.1618
176.08	-78.1305
176.16	-78.1618
176.24	-78.0993
176.32	-78.0993
176.4	-78.1618
176.48	-78.193
176.56	-78.193
176.64	-78.193
176.72	-78.2243
176.8	-78.1618
176.88	-78.1618
176.96	-78.318
177.04	-78.2555
177.12	-78.2867
177.2	-78.193
177.28	-78.1305
177.36	-78.1618
177.44	-78.193
177.52	-78.193
177.6	-78.193
177.68	-78.1618
177.76	-78.1305
177.84	-78.1618
177.92	-78.1618
178	-78.1305
178.08	-78.1305
178.16	-78.2243
178.24	-78.1305
178.32	-78.2243
178.4	-78.193
178.48	-78.2243
178.56	-78.2867
178.64	-78.193
178.72	-78.2867
178.8	-78.318
178.88	-78.193
178.96	-78.2243
179.04	-78.193
179.12	-78.2243
179.2	-78.1305
179.28	-78.1618
179.36	-78.2555
179.44	-78.193
179.52	-78.2243
179.6	-78.193
179.68	-78.193
179.76	-78.1618
179.84	-78.2555
179.92	-78.2243
180	-78.193
180.08	-78.2867
180.16	-78.2243
180.24	-78.193
180.32	-78.2243
180.4	-78.1305
180.48	-78.1618
180.56	-78.068
180.64	-78.1305
180.72	-78.1305
180.8	-78.068
180.88	-78.1618
180.96	-78.1618
181.04	-78.1618
181.12	-78.1305
181.2	-78.1305
181.28	-78.0993
181.36	-78.1618
181.44	-78.1618
181.52	-78.068
181.6	-78.1305
181.68	-78.2555
181.76	-78.2243
181.84	-78.0993
181.92	-78.2555
182	-78.2243
182.08	-78.2243
182.16	-78.0993
182.24	-78.193
182.32	-78.0993
182.4	-78.193
182.48	-78.193
182.56	-78.2555
182.64	-78.1305
182.72	-78.1618
182.8	-78.1618
182.88	-78.193
182.96	-78.1618
183.04	-78.193
183.12	-78.1305
183.2	-78.1618
183.28	-78.1305
183.36	-78.1305
183.44	-78.193
183.52	-78.193
183.6	-78.1618
183.68	-78.1305
183.76	-78.0993
183.84	-78.0993
183.92	-78.0993
184	-78.1305
184.08	-78.1305
184.16	-78.1305
184.24	-78.068
184.32	-78.1305
184.4	-78.0055
184.48	-78.068
184.56	-78.0993
184.64	-78.0993
184.72	-78.1305
184.8	-78.068
184.88	-78.193
184.96	-78.1618
185.04	-78.1618
185.12	-78.0368
185.2	-78.1305
185.28	-78.1305
185.36	-78.0368
185.44	-78.068
185.52	-78.068
185.6	-78.193
185.68	-78.0368
185.76	-78.2243
185.84	-78.068
185.92	-78.193
186	-78.193
186.08	-78.193
186.16	-78.0368
186.24	-78.0993
186.32	-78.0993
186.4	-78.0993
186.48	-78.1305
186.56	-78.193
186.64	-78.1305
186.72	-78.193
186.8	-78.193
186.88	-78.1305
186.96	-78.1618
187.04	-78.1305
187.12	-78.1618
187.2	-78.1618
187.28	-78.1305
187.36	-78.2243
187.44	-78.193
187.52	-78.2243
187.6	-78.1305
187.68	-78.1305
187.76	-78.1618
187.84	-78.193
187.92	-78.1618
188	-78.1618
188.08	-78.2555
188.16	-78.1618
188.24	-78.193
188.32	-78.1618
188.4	-78.1305
188.48	-78.1618
188.56	-78.193
188.64	-78.2867
188.72	-78.1618
188.8	-78.2243
188.88	-78.193
188.96	-78.1618
189.04	-78.193
189.12	-78.068
189.2	-78.193
189.28	-78.1618
189.36	-78.0993
189.44	-78.1618
189.52	-78.1618
189.6	-78.0993
189.68	-78.1305
189.76	-78.1305
189.84	-78.1305
189.92	-78.1618
190	-78.1618
190.08	-78.1618
190.16	-78.1618
190.24	-78.1618
190.32	-78.1618
190.4	-78.2243
190.48	-78.193
190.56	-78.2867
190.64	-78.193
190.72	-78.193
190.8	-78.2243
190.88	-78.2555
190.96	-78.2243
191.04	-78.1618
191.12	-78.2243
191.2	-78.2867
191.28	-78.193
191.36	-78.2243
191.44	-78.2243
191.52	-78.1305
191.6	-78.2243
191.68	-78.1305
191.76	-78.2243
191.84	-78.1618
191.92	-78.193
192	-78.2555
192.08	-78.193
192.16	-78.193
192.24	-78.2243
192.32	-78.2243
192.4	-78.193
192.48	-78.1618
192.56	-78.1618
192.64	-78.2243
192.72	-78.2555
192.8	-78.193
192.88	-78.1618
192.96	-78.193
193.04	-78.193
193.12	-78.2555
193.2	-78.1618
193.28	-78.193
193.36	-78.2243
193.44	-78.193
193.52	-78.1305
193.6	-78.2243
193.68	-78.2867
193.76	-78.193
193.84	-78.1618
193.92	-78.2555
194	-78.0993
194.08	-78.1305
194.16	-78.193
194.24	-78.193
194.32	-78.2555
194.4	-78.2867
194.48	-78.2243
194.56	-78.193
194.64	-78.2243
194.72	-78.0993
194.8	-78.1618
194.88	-78.0993
194.96	-78.0993
195.04	-78.193
195.12	-78.1618
195.2	-78.1618
195.28	-78.1618
195.36	-78.1305
195.44	-78.1305
195.52	-78.193
195.6	-78.1618
195.68	-78.193
195.76	-78.193
195.84	-78.193
195.92	-78.193
196	-78.1305
196.08	-78.0993
196.16	-78.1305
196.24	-78.1618
196.32	-78.1305
196.4	-78.1618
196.48	-78.1618
196.56	-78.2243
196.64	-78.1618
196.72	-78.193
196.8	-78.1305
196.88	-78.1618
196.96	-78.193
197.04	-78.193
197.12	-78.4118
197.2	-78.2243
197.28	-78.2243
197.36	-78.1618
197.44	-78.193
197.52	-78.2555
197.6	-78.1618
197.68	-78.1618
197.76	-78.1305
197.84	-78.193
197.92	-78.193
198	-78.2243
198.08	-78.1618
198.16	-78.193
198.24	-78.0993
198.32	-78.2243
198.4	-78.2555
198.48	-78.2555
198.56	-78.2555
198.64	-78.2243
198.72	-78.193
198.8	-78.0993
198.88	-78.1305
198.96	-78.193
199.04	-78.068
199.12	-78.1305
199.2	-78.1618
199.28	-78.2867
199.36	-78.193
199.44	-78.193
199.52	-78.193
199.6	-78.2243
199.68	-78.2243
199.76	-78.2243
199.84	-78.1305
199.92	-78.2555
200	-78.1618
200.08	-78.1305
200.16	-78.0993
200.24	-78.0993
200.32	-78.0993
200.4	-78.1305
200.48	-78.193
200.56	-78.1305
200.64	-78.1618
200.72	-78.1305
200.8	-78.193
200.88	-78.1305
200.96	-78.193
201.04	-78.193
201.12	-78.193
201.2	-78.193
201.28	-78.2555
201.36	-78.2243
201.44	-78.193
201.52	-78.193
201.6	-78.2243
201.68	-78.2243
201.76	-78.1618
201.84	-78.193
201.92	-78.2243
202	-78.1305
202.08	-78.1618
202.16	-78.193
202.24	-78.1618
202.32	-78.193
202.4	-78.2243
202.48	-78.0993
202.56	-78.1618
202.64	-78.1305
202.72	-78.193
202.8	-78.1618
202.88	-78.1305
202.96	-78.1305
203.04	-78.0993
203.12	-78.193
203.2	-78.1618
203.28	-78.2243
203.36	-78.193
203.44	-78.193
203.52	-78.2867
203.6	-78.2243
203.68	-78.1618
203.76	-78.193
203.84	-78.1305
203.92	-78.2243
204	-78.318
204.08	-78.193
204.16	-78.193
204.24	-78.1618
204.32	-78.193
204.4	-78.1305
204.48	-78.193
204.56	-78.1618
204.64	-78.2243
204.72	-78.1618
204.8	-78.193
204.88	-78.1305
204.96	-78.1618
205.04	-78.1618
205.12	-78.2555
205.2	-78.193
205.28	-78.1618
205.36	-78.2867
205.44	-78.2555
205.52	-78.1305
205.6	-78.1618
205.68	-78.193
205.76	-78.2243
205.84	-78.2555
205.92	-78.193
206	-78.1305
206.08	-78.0993
206.16	-78.1618
206.24	-78.2243
206.32	-78.318
206.4	-78.2243
206.48	-78.193
206.56	-78.2243
206.64	-78.2243
206.72	-78.2243
206.8	-78.1305
206.88	-78.2243
206.96	-78.1618
207.04	-78.2243
207.12	-78.1618
207.2	-78.0993
207.28	-78.1618
207.36	-78.1618
207.44	-78.1305
207.52	-78.1618
207.6	-78.2243
207.68	-78.0368
207.76	-78.068
207.84	-78.0993
207.92	-78.1618
208	-78.1305
208.08	-78.1618
208.16	-78.1618
208.24	-78.193
208.32	-78.0993
208.4	-78.193
208.48	-78.0993
208.56	-78.193
208.64	-78.2243
208.72	-78.2555
208.8	-78.1305
208.88	-78.2555
208.96	-78.1618
209.04	-78.2243
209.12	-78.0993
209.2	-78.0993
209.28	-78.1305
209.36	-78.1305
209.44	-78.193
209.52	-78.193
209.6	-78.2243
209.68	-78.193
209.76	-78.1618
209.84	-78.068
209.92	-78.0993
210	-78.0993
210.08	-78.1305
210.16	-78.1305
210.24	-78.1305
210.32	-78.2555
210.4	-78.1305
210.48	-78.1618
210.56	-78.2243
210.64	-78.1618
210.72	-78.193
210.8	-78.0368
210.88	-78.1618
210.96	-78.193
211.04	-78.193
211.12	-78.0993
211.2	-78.1305
211.28	-78.193
211.36	-78.1305
211.44	-78.1618
211.52	-78.1618
211.6	-78.1305
211.68	-78.1305
211.76	-78.0993
211.84	-78.1305
211.92	-78.193
212	-78.0993
212.08	-78.0055
212.16	-78.0055
212.24	-78.0993
212.32	-78.1305
212.4	-78.1305
212.48	-78.0993
212.56	-78.1618
212.64	-78.1618
212.72	-78.0993
212.8	-78.068
212.88	-78.068
212.96	-78.068
213.04	-78.068
213.12	-78.0993
213.2	-78.0368
213.28	-78.068
213.36	-78.0993
213.44	-78.068
213.52	-77.9742
213.6	-78.0993
213.68	-78.0993
213.76	-78.068
213.84	-78.0993
213.92	-78.1305
214	-78.068
214.08	-78.0993
214.16	-78.0368
214.24	-78.068
214.32	-78.1305
214.4	-78.193
214.48	-78.0993
214.56	-78.1618
214.64	-78.1305
214.72	-78.068
214.8	-78.0993
214.88	-78.193
214.96	-78.1451
215.04	-78.1451
215.12	-78.1451
215.2	-78.1451
215.28	-78.1451
215.36	-78
215.44	-77.8437
215.52	-77.75
215.6	-77.6562
215.68	-77.625
215.76	-77.4062
215.84	-77.3125
215.92	-77.2813
216	-77.2187
216.08	-77.1875
216.16	-77.125
216.24	-77
216.32	-76.9375
216.4	-76.875
216.48	-76.7813
216.56	-76.8125
216.64	-76.8125
216.72	-76.7187
216.8	-76.6563
216.88	-76.625
216.96	-76.5625
217.04	-76.4375
217.12	-76.4375
217.2	-76.2187
217.28	-76.25
217.36	-76.2187
217.44	-76.25
217.52	-76.1563
217.6	-76.1563
217.68	-76.0937
217.76	-76.0313
217.84	-75.9687
217.92	-75.9687
218	-76
218.08	-75.9687
218.16	-75.9062
218.24	-75.9062
218.32	-75.7188
218.4	-75.7188
218.48	-75.625
218.56	-75.6563
218.64	-75.625
218.72	-75.5625
218.8	-75.5625
218.88	-75.4687
218.96	-75.4063
219.04	-75.4687
219.12	-75.3438
219.2	-75.3438
219.28	-75.2812
219.36	-75.25
219.44	-75.25
219.52	-75.2812
219.6	-75.2188
219.68	-75.125
219.76	-75.0938
219.84	-75.125
219.92	-74.9687
220	-74.9063
220.08	-74.9375
220.16	-74.9375
220.24	-74.875
220.32	-74.9375
220.4	-74.875
220.48	-74.875
220.56	-74.8125
220.64	-74.75
220.72	-74.625
220.8	-74.6875
220.88	-74.6875
220.96	-74.6875
221.04	-74.6562
221.12	-74.5312
221.2	-74.5938
221.28	-74.5625
221.36	-74.5625
221.44	-74.5312
221.52	-74.4375
221.6	-74.3125
221.68	-74.3125
221.76	-74.2188
221.84	-74.4063
221.92	-74.2813
222	-74.2813
222.08	-74.2813
222.16	-74.2188
222.24	-74.125
222.32	-74.1562
222.4	-74.0938
222.48	-74.0938
222.56	-74.125
222.64	-74.0938
222.72	-74.0312
222.8	-73.9688
222.88	-73.9375
222.96	-74
223.04	-73.9688
223.12	-73.8437
223.2	-73.875
223.28	-73.8125
223.36	-73.7187
223.44	-73.7187
223.52	-73.75
223.6	-73.7187
223.68	-73.625
223.76	-73.625
223.84	-73.5625
223.92	-73.5938
224	-73.5938
224.08	-73.4688
224.16	-73.5625
224.24	-73.5
224.32	-73.5312
224.4	-73.4688
224.48	-73.4375
224.56	-73.3437
224.64	-73.3125
224.72	-73.3437
224.8	-73.3125
224.88	-73.2813
224.96	-73.2813
225.04	-73.3125
225.12	-73.2813
225.2	-73.3125
225.28	-73.3125
225.36	-73.25
225.44	-73.2187
225.52	-73.125
225.6	-73.1563
225.68	-73.1563
225.76	-73.1563
225.84	-73.0937
225.92	-72.9375
226	-72.9688
226.08	-73.0625
226.16	-73.0312
226.24	-72.9688
226.32	-72.9062
226.4	-72.9688
226.48	-72.875
226.56	-72.875
226.64	-72.8125
226.72	-72.8125
226.8	-72.7812
226.88	-72.8125
226.96	-72.6875
227.04	-72.6875
227.12	-72.75
227.2	-72.6563
227.28	-72.75
227.36	-72.625
227.44	-72.5937
227.52	-72.5625
227.6	-72.5625
227.68	-72.5625
227.76	-72.5937
227.84	-72.625
227.92	-72.5937
228	-72.4375
228.08	-72.5
228.16	-72.4688
228.24	-72.4375
228.32	-72.4062
228.4	-72.375
228.48	-72.4062
228.56	-72.2812
228.64	-72.2812
228.72	-72.375
228.8	-72.2812
228.88	-72.1875
228.96	-72.25
229.04	-72.2812
229.12	-72.25
229.2	-72.2188
229.28	-72.1563
229.36	-72.1563
229.44	-72.25
229.52	-72.1563
229.6	-72.125
229.68	-72.1563
229.76	-72.1563
229.84	-72.0313
229.92	-72.0313
230	-72.0937
230.08	-72.0625
230.16	-72.0937
230.24	-71.9063
230.32	-71.9687
230.4	-71.9687
230.48	-71.875
230.56	-71.9063
230.64	-71.875
230.72	-71.875
230.8	-71.875
230.88	-71.8125
230.96	-71.8438
231.04	-71.8125
231.12	-71.7188
231.2	-71.8125
231.28	-71.8438
231.36	-71.75
231.44	-71.7812
231.52	-71.8125
231.6	-71.7812
231.68	-71.7188
231.76	-71.7188
231.84	-71.6875
231.92	-71.6875
232	-71.7188
232.08	-71.5625
232.16	-71.6875
232.24	-71.5937
232.32	-71.5313
232.4	-71.5
232.48	-71.4687
232.56	-71.5
232.64	-71.5
232.72	-71.5
232.8	-71.4687
232.88	-71.5625
232.96	-71.4687
233.04	-71.4063
233.12	-71.4687
233.2	-71.375
233.28	-71.375
233.36	-71.3437
233.44	-71.4375
233.52	-71.3437
233.6	-71.25
233.68	-71.25
233.76	-71.1875
233.84	-71.2812
233.92	-71.2188
234	-71.0938
234.08	-71.1875
234.16	-71.2188
234.24	-71.0938
234.32	-71.125
234.4	-71.0938
234.48	-71.1875
234.56	-71.125
234.64	-71.0938
234.72	-71.0938
234.8	-71.0625
234.88	-71.125
234.96	-71.0313
235.04	-71.0313
235.12	-71.0313
235.2	-71.0313
235.28	-71.0625
235.36	-71.0938
235.44	-71.0313
235.52	-70.9687
235.6	-71
235.68	-71
235.76	-71
235.84	-70.9063
235.92	-70.875
236	-70.875
236.08	-70.875
236.16	-70.9063
236.24	-70.9063
236.32	-70.8125
236.4	-70.75
236.48	-70.9063
236.56	-70.8437
236.64	-70.7813
236.72	-70.6875
236.8	-70.7188
236.88	-70.75
236.96	-70.7188
237.04	-70.7188
237.12	-70.7188
237.2	-70.7188
237.28	-70.6562
237.36	-70.6562
237.44	-70.6875
237.52	-70.5625
237.6	-70.6562
237.68	-70.625
237.76	-70.6875
237.84	-70.625
237.92	-70.625
238	-70.6875
238.08	-70.5938
238.16	-70.5625
238.24	-70.625
238.32	-70.5938
238.4	-70.5312
238.48	-70.5
238.56	-70.4375
238.64	-70.5938
238.72	-70.5625
238.8	-70.5
238.88	-70.4375
238.96	-70.5
239.04	-70.4375
239.12	-70.4375
239.2	-70.4375
239.28	-70.5
239.36	-70.4688
239.44	-70.3125
239.52	-70.3437
239.6	-70.4063
239.68	-70.4375
239.76	-70.3437
239.84	-70.3437
239.92	-70.3437
240	-70.3125
240.08	-70.2813
240.16	-70.2187
240.24	-70.3125
240.32	-70.2187
240.4	-70.2187
240.48	-70.1875
240.56	-70.2187
240.64	-70.1875
240.72	-70.2813
240.8	-70.2187
240.88	-70.1875
240.96	-70.2187
241.04	-70.1875
241.12	-70.125
241.2	-70.125
241.28	-70.2187
241.36	-70.125
241.44	-70.1875
241.52	-70.1875
241.6	-70.0938
241.68	-70.125
241.76	-70.0625
241.84	-70.1562
241.92	-70.0938
242	-70.0938
242.08	-70.0938
242.16	-70.1562
242.24	-70.1875
242.32	-70.125
242.4	-70.0312
242.48	-70.0312
242.56	-70.0312
242.64	-70.0625
242.72	-70.0625
242.8	-70
242.88	-69.9688
242.96	-70.125
243.04	-70.0312
243.12	-69.9375
243.2	-69.9688
243.28	-69.9375
243.36	-69.9062
243.44	-70
243.52	-70.0625
243.6	-69.9062
243.68	-69.875
243.76	-69.9688
243.84	-69.9062
243.92	-69.9375
244	-69.8437
244.08	-69.9062
244.16	-69.9062
244.24	-69.9375
244.32	-69.8437
244.4	-69.9062
244.48	-69.7187
244.56	-69.875
244.64	-69.7187
244.72	-69.7813
244.8	-69.7187
244.88	-69.8125
244.96	-69.8125
245.04	-69.8125
245.12	-69.6875
245.2	-69.7187
245.28	-69.75
245.36	-69.6563
245.44	-69.7187
245.52	-69.625
245.6	-69.6563
245.68	-69.7187
245.76	-69.7813
245.84	-69.7187
245.92	-69.6875
246	-69.6875
246.08	-69.7187
246.16	-69.6875
246.24	-69.5937
246.32	-69.6875
246.4	-69.625
246.48	-69.6563
246.56	-69.625
246.64	-69.4688
246.72	-69.5937
246.8	-69.5937
246.88	-69.5937
246.96	-69.5312
247.04	-69.4688
247.12	-69.4688
247.2	-69.5937
247.28	-69.5
247.36	-69.5312
247.44	-69.5937
247.52	-69.4688
247.6	-69.5
247.68	-69.5312
247.76	-69.4062
247.84	-69.4688
247.92	-69.4375
248	-69.375
248.08	-69.4688
248.16	-69.5937
248.24	-69.4375
248.32	-69.5
248.4	-69.4688
248.48	-69.5937
248.56	-69.4375
248.64	-69.5
248.72	-69.4375
248.8	-69.4688
248.88	-69.5
248.96	-69.4062
249.04	-69.4375
249.12	-69.375
249.2	-69.3438
249.28	-69.375
249.36	-69.375
249.44	-69.3438
249.52	-69.2813
249.6	-69.3438
249.68	-69.25
249.76	-69.2187
249.84	-69.2813
249.92	-69.25
250	-69.3438
250.08	-69.3438
250.16	-69.2813
250.24	-69.2187
250.32	-69.2813
250.4	-69.25
250.48	-69.2187
250.56	-69.1875
250.64	-69.1563
250.72	-69.1563
250.8	-69.1875
250.88	-69.2187
250.96	-69.1563
251.04	-69.125
251.12	-69.1563
251.2	-69.125
251.28	-69.1563
251.36	-69.125
251.44	-69.1563
251.52	-69.0937
251.6	-69.0937
251.68	-69
251.76	-69.0625
251.84	-69.0625
251.92	-69.0937
252	-69.0625
252.08	-68.9688
252.16	-69.0937
252.24	-69.1563
252.32	-69.125
252.4	-69.125
252.48	-69.0937
252.56	-69.0625
252.64	-68.9688
252.72	-69.0313
252.8	-69
252.88	-69.0313
252.96	-69.0313
253.04	-69.0625
253.12	-69.0625
253.2	-69.0625
253.28	-68.9688
253.36	-69.0625
253.44	-69
253.52	-69.0313
253.6	-69
253.68	-68.9062
253.76	-68.9375
253.84	-68.9688
253.92	-68.9375
254	-68.8438
254.08	-68.8438
254.16	-68.9062
254.24	-68.8438
254.32	-68.9062
254.4	-68.9062
254.48	-68.8438
254.56	-68.9375
254.64	-68.9375
254.72	-68.9688
254.8	-68.9062
254.88	-68.75
254.96	-68.9062
255.04	-68.7812
255.12	-68.7812
255.2	-68.8125
255.28	-68.8125
255.36	-68.8125
255.44	-68.9062
255.52	-68.7812
255.6	-68.7812
255.68	-68.8125
255.76	-68.8125
255.84	-68.7812
255.92	-68.6875
256	-68.7812
256.08	-68.8125
256.16	-68.75
256.24	-68.7812
256.32	-68.6875
256.4	-68.6563
256.48	-68.7187
256.56	-68.625
256.64	-68.6563
256.72	-68.7187
256.8	-68.6875
256.88	-68.75
256.96	-68.5937
257.04	-68.6875
257.12	-68.7187
257.2	-68.625
257.28	-68.6563
257.36	-68.6563
257.44	-68.5937
257.52	-68.5937
257.6	-68.5937
257.68	-68.625
257.76	-68.6875
257.84	-68.6563
257.92	-68.5937
258	-68.625
258.08	-68.5937
258.16	-68.6875
258.24	-68.5313
258.32	-68.6563
258.4	-68.5937
258.48	-68.5625
258.56	-68.5937
258.64	-68.6875
258.72	-68.6563
258.8	-68.6563
258.88	-68.6563
258.96	-68.5313
259.04	-68.5625
259.12	-68.5313
259.2	-68.5625
259.28	-68.5937
259.36	-68.625
259.44	-68.6563
259.52	-68.5625
259.6	-68.5313
259.68	-68.5
259.76	-68.4687
259.84	-68.5313
259.92	-68.5313
260	-68.4375
260.08	-68.5313
260.16	-68.4687
260.24	-68.5
260.32	-68.4687
260.4	-68.5
260.48	-68.4687
260.56	-68.4062
260.64	-68.5313
260.72	-68.4062
260.8	-68.5313
260.88	-68.5
260.96	-68.4687
261.04	-68.4375
261.12	-68.4062
261.2	-68.3438
261.28	-68.3438
261.36	-68.4062
261.44	-68.375
261.52	-68.375
261.6	-68.375
261.68	-68.5
261.76	-68.4062
261.84	-68.4062
261.92	-68.4062
262	-68.375
262.08	-68.4062
262.16	-68.3125
262.24	-68.375
262.32	-68.4375
262.4	-68.3438
262.48	-68.2812
262.56	-68.3125
262.64	-68.2812
262.72	-68.4062
262.8	-68.4062
262.88	-68.4062
262.96	-68.3125
263.04	-68.4062
263.12	-68.3125
263.2	-68.4062
263.28	-68.375
263.36	-68.3438
263.44	-68.3125
263.52	-68.3125
263.6	-68.2812
263.68	-68.3438
263.76	-68.25
263.84	-68.375
263.92	-68.3438
264	-68.3438
264.08	-68.25
264.16	-68.25
264.24	-68.2812
264.32	-68.3438
264.4	-68.125
264.48	-68.3438
264.56	-68.3125
264.64	-68.1875
264.72	-68.2812
264.8	-68.1562
264.88	-68.25
264.96	-68.25
265.04	-68.2812
265.12	-68.1875
265.2	-68.2812
265.28	-68.1562
265.36	-68.1562
265.44	-68.1562
265.52	-68.25
265.6	-68.2812
265.68	-68.2812
265.76	-68.2812
265.84	-68.1562
265.92	-68.1875
266	-68.25
266.08	-68.1562
266.16	-68.1562
266.24	-68.1875
266.32	-68.125
266.4	-68.2812
266.48	-68.0937
266.56	-68.1875
266.64	-68.1875
266.72	-68.0625
266.8	-68.0937
266.88	-68.0313
266.96	-68.0313
267.04	-68.0937
267.12	-68.0625
267.2	-68.1562
267.28	-68.125
267.36	-68.0625
267.44	-68.0625
267.52	-67.9375
267.6	-68.0937
267.68	-68.0625
267.76	-68
267.84	-68.0625
267.92	-68.0937
268	-68.0625
268.08	-68
268.16	-68.0937
268.24	-68.0313
268.32	-68.125
268.4	-68.0937
268.48	-68.125
268.56	-68
268.64	-68.0313
268.72	-68.0937
268.8	-68.0937
268.88	-67.9687
268.96	-68
269.04	-68.0937
269.12	-67.9687
269.2	-67.8438
269.28	-68
269.36	-68
269.44	-68
269.52	-67.9063
269.6	-68.0313
269.68	-67.9687
269.76	-68
269.84	-67.9687
269.92	-67.9375
270	-68
270.08	-68.0313
270.16	-67.9687
270.24	-67.9375
270.32	-67.9687
270.4	-67.9375
270.48	-67.9375
270.56	-67.9687
270.64	-67.9687
270.72	-67.875
270.8	-67.9375
270.88	-67.9375
270.96	-68
271.04	-67.9687
271.12	-68.0313
271.2	-67.9687
271.28	-67.9375
271.36	-67.9687
271.44	-67.9063
271.52	-67.875
271.6	-67.9687
271.68	-67.9063
271.76	-67.8438
271.84	-67.9063
271.92	-67.9063
272	-67.875
272.08	-67.8125
272.16	-67.8125
272.24	-67.8438
272.32	-67.8125
272.4	-67.8125
272.48	-67.875
272.56	-67.8438
272.64	-67.8125
272.72	-67.875
272.8	-67.875
272.88	-67.8438
272.96	-67.7812
273.04	-67.8125
273.12	-67.7812
273.2	-67.875
273.28	-67.75
273.36	-67.7812
273.44	-67.875
273.52	-67.8125
273.6	-67.8125
273.68	-67.75
273.76	-67.8125
273.84	-67.8125
273.92	-67.7188
274	-67.75
274.08	-67.6875
274.16	-67.7188
274.24	-67.75
274.32	-67.8125
274.4	-67.8125
274.48	-67.7188
274.56	-67.8125
274.64	-67.875
274.72	-67.75
274.8	-67.75
274.88	-67.7812
274.96	-67.7812
275.04	-67.8125
275.12	-67.8438
275.2	-67.75
275.28	-67.7188
275.36	-67.7188
275.44	-67.75
275.52	-67.7188
275.6	-67.6875
275.68	-67.6562
275.76	-67.6875
275.84	-67.75
275.92	-67.7812
276	-67.75
276.08	-67.7188
276.16	-67.7812
276.24	-67.7188
276.32	-67.75
276.4	-67.75
276.48	-67.7188
276.56	-67.6875
276.64	-67.8125
276.72	-67.625
276.8	-67.75
276.88	-67.7188
276.96	-67.75
277.04	-67.7188
277.12	-67.75
277.2	-67.7188
277.28	-67.75
277.36	-67.75
277.44	-67.6875
277.52	-67.75
277.6	-67.75
277.68	-67.6875
277.76	-67.6562
277.84	-67.625
277.92	-67.6875
278	-67.6562
278.08	-67.6875
278.16	-67.625
278.24	-67.6875
278.32	-67.625
278.4	-67.6562
278.48	-67.6875
278.56	-67.6562
278.64	-67.6562
278.72	-67.625
278.8	-67.625
278.88	-67.625
278.96	-67.5938
279.04	-67.625
279.12	-67.5625
279.2	-67.5938
279.28	-67.625
279.36	-67.5625
279.44	-67.625
279.52	-67.5938
279.6	-67.625
279.68	-67.5625
279.76	-67.5
279.84	-67.4063
279.92	-67.5938
280	-67.625
280.08	-67.5938
280.16	-67.5625
280.24	-67.5
280.32	-67.5938
280.4	-67.4687
280.48	-67.625
280.56	-67.5625
280.64	-67.5938
280.72	-67.5
280.8	-67.5625
280.88	-67.5
280.96	-67.5625
281.04	-67.5625
281.12	-67.5625
281.2	-67.5625
281.28	-67.4687
281.36	-67.4687
281.44	-67.6562
281.52	-67.5625
281.6	-67.5
281.68	-67.5
281.76	-67.5938
281.84	-67.5938
281.92	-67.5625
282	-67.5
282.08	-67.4687
282.16	-67.5625
282.24	-67.5625
282.32	-67.4063
282.4	-67.4063
282.48	-67.4687
282.56	-67.4687
282.64	-67.4687
282.72	-67.4687
282.8	-67.5625
282.88	-67.4687
282.96	-67.5938
283.04	-67.4687
283.12	-67.4375
283.2	-67.4687
283.28	-67.4063
283.36	-67.4375
283.44	-67.375
283.52	-67.5
283.6	-67.4375
283.68	-67.4063
283.76	-67.4375
283.84	-67.3437
283.92	-67.3437
284	-67.375
284.08	-67.4375
284.16	-67.4687
284.24	-67.4063
284.32	-67.375
284.4	-67.375
284.48	-67.375
284.56	-67.375
284.64	-67.3437
284.72	-67.375
284.8	-67.3437
284.88	-67.375
284.96	-67.3125
285.04	-67.375
285.12	-67.3437
285.2	-67.3125
285.28	-67.4063
285.36	-67.375
285.44	-67.3437
285.52	-67.4687
285.6	-67.375
285.68	-67.3125
285.76	-67.3437
285.84	-67.3437
285.92	-67.4375
286	-67.3437
286.08	-67.375
286.16	-67.375
286.24	-67.3437
286.32	-67.375
286.4	-67.3125
286.48	-67.2813
286.56	-67.2813
286.64	-67.25
286.72	-67.375
286.8	-67.375
286.88	-67.3437
286.96	-67.375
287.04	-67.4063
287.12	-67.3437
287.2	-67.3437
287.28	-67.3125
287.36	-67.3437
287.44	-67.375
287.52	-67.3125
287.6	-67.2813
287.68	-67.3437
287.76	-67.2813
287.84	-67.3125
287.92	-67.4063
288	-67.4063
288.08	-67.3125
288.16	-67.3437
288.24	-67.3125
288.32	-67.2813
288.4	-67.3437
288.48	-67.3125
288.56	-67.3437
288.64	-67.2813
288.72	-67.25
288.8	-67.3125
288.88	-67.3437
288.96	-67.2813
289.04	-67.3437
289.12	-67.2813
289.2	-67.375
289.28	-67.2813
289.36	-67.2813
289.44	-67.3125
289.52	-67.2813
289.6	-67.2813
289.68	-67.3125
289.76	-67.2813
289.84	-67.2813
289.92	-67.25
290	-67.3125
290.08	-67.25
290.16	-67.3125
290.24	-67.2188
290.32	-67.2813
290.4	-67.3125
290.48	-67.2188
290.56	-67.25
290.64	-67.2188
290.72	-67.2188
290.8	-67.2813
290.88	-67.25
290.96	-67.2188
291.04	-67.2813
291.12	-67.2188
291.2	-67.3125
291.28	-67.3125
291.36	-67.2813
291.44	-67.1875
291.52	-67.3125
291.6	-67.2813
291.68	-67.25
291.76	-67.3125
291.84	-67.3125
291.92	-67.3125
292	-67.25
292.08	-67.25
292.16	-67.2188
292.24	-67.25
292.32	-67.3125
292.4	-67.3437
292.48	-67.2188
292.56	-67.25
292.64	-67.2813
292.72	-67.3125
292.8	-67.3125
292.88	-67.3125
292.96	-67.25
293.04	-67.125
293.12	-67.2188
293.2	-67.25
293.28	-67.2188
293.36	-67.3125
293.44	-67.2188
293.52	-67.2813
293.6	-67.1562
293.68	-67.2188
293.76	-67.25
293.84	-67.1875
293.92	-67.125
294	-67.1875
294.08	-67.25
294.16	-67.2188
294.24	-67.125
294.32	-67.2188
294.4	-67.2188
294.48	-67.25
294.56	-67.0938
294.64	-67.25
294.72	-67.2188
294.8	-67.1562
294.88	-67.2188
294.96	-67.1875
295.04	-67.125
295.12	-67.125
295.2	-67.0938
295.28	-67.125
295.36	-67.125
295.44	-67.0938
295.52	-67.1875
295.6	-67.125
295.68	-67.2188
295.76	-67.0938
295.84	-67.125
295.92	-67.1562
296	-67.125
296.08	-67.125
296.16	-67.125
296.24	-67.0938
296.32	-67.0625
296.4	-67.0938
296.48	-67.1562
296.56	-67.0938
296.64	-67.1875
296.72	-67.125
296.8	-67.1562
296.88	-67.2188
296.96	-67.125
297.04	-67.0625
297.12	-67.0312
297.2	-67.1562
297.28	-67.125
297.36	-67.0625
297.44	-67.0625
297.52	-67.0625
297.6	-67.1562
297.68	-67.0938
297.76	-67.1562
297.84	-67.0938
297.92	-67.1875
298	-67.125
298.08	-67.125
298.16	-67.1562
298.24	-67.0625
298.32	-67.125
298.4	-67.1875
298.48	-67.2813
298.56	-67.1875
298.64	-67.1562
298.72	-67.2188
298.8	-67.1875
298.88	-67.1875
298.96	-67.2188
299.04	-67.1562
299.12	-67.25
299.2	-67.2813
299.28	-67.1562
299.36	-67.1562
299.44	-67.0625
299.52	-67.0938
299.6	-67.0312
299.68	-67.1562
299.76	-67.0625
299.84	-67.0625
299.92	-67.0938
300	-67.0312
300.08	-67.0938
300.16	-67.0625
300.24	-67
300.32	-67.125
300.4	-67.0625
300.48	-67.0938
300.56	-67
300.64	-67.0625
300.72	-67.0312
300.8	-67
300.88	-66.9687
300.96	-67.125
301.04	-67.0625
301.12	-66.9687
301.2	-67.0312
301.28	-67.125
301.36	-67.0312
301.44	-67.125
301.52	-67.0312
301.6	-67
301.68	-67.0625
301.76	-67.0312
301.84	-66.9687
301.92	-67.0625
302	-67.0625
302.08	-67
302.16	-67.0938
302.24	-67.0938
302.32	-67.0312
302.4	-67
302.48	-67
302.56	-67
302.64	-67.1562
302.72	-67.0625
302.8	-67.0625
302.88	-67.0312
302.96	-67
303.04	-67
303.12	-67.0312
303.2	-67.0625
303.28	-67.0625
303.36	-67.0625
303.44	-67.125
303.52	-67.0312
303.6	-67.0625
303.68	-67.0625
303.76	-67.0312
303.84	-67
303.92	-67.0625
304	-67.125
304.08	-67.125
304.16	-67.0312
304.24	-67.0625
304.32	-67.0625
304.4	-67.0625
304.48	-67.0938
304.56	-67.0312
304.64	-67.0625
304.72	-67.0312
304.8	-67.0312
304.88	-67.0938
304.96	-67.0938
305.04	-67.0625
305.12	-67.0625
305.2	-67
305.28	-67
305.36	-67.0625
305.44	-67
305.52	-67.0312
305.6	-67.0938
305.68	-67.0312
305.76	-67.0625
305.84	-67.0625
305.92	-67.0312
306	-67.0312
306.08	-67.0625
306.16	-67.0312
306.24	-67.0312
306.32	-67.0625
306.4	-67.0625
306.48	-67
306.56	-67.0312
306.64	-66.9687
306.72	-66.9687
306.8	-67.0312
306.88	-66.9375
306.96	-66.9375
307.04	-67
307.12	-66.9375
307.2	-67.0312
307.28	-66.9375
307.36	-66.9375
307.44	-66.9063
307.52	-66.9687
307.6	-67
307.68	-67.0625
307.76	-66.9375
307.84	-66.9687
307.92	-66.9063
308	-67.0312
308.08	-66.9687
308.16	-66.9687
308.24	-66.9687
308.32	-66.9687
308.4	-66.9063
308.48	-66.9687
308.56	-67
308.64	-67.0625
308.72	-67.0312
308.8	-67
308.88	-67
308.96	-67
309.04	-67.0625
309.12	-66.9687
309.2	-66.9687
309.28	-66.9687
309.36	-67.0312
309.44	-67
309.52	-67
309.6	-66.9687
309.68	-66.9375
309.76	-66.9687
309.84	-66.9687
309.92	-66.9375
310	-66.9063
310.08	-66.875
310.16	-66.9375
310.24	-66.9687
310.32	-66.875
310.4	-66.9687
310.48	-66.9375
310.56	-67
310.64	-67
310.72	-66.9687
310.8	-66.9063
310.88	-66.9375
310.96	-67
311.04	-66.9687
311.12	-66.9063
311.2	-66.9063
311.28	-66.9063
311.36	-66.9063
311.44	-66.875
311.52	-66.8125
311.6	-66.9063
311.68	-66.9375
311.76	-66.875
311.84	-66.875
311.92	-66.9063
312	-67
312.08	-66.9687
312.16	-66.9375
312.24	-66.9375
312.32	-66.9063
312.4	-66.9687
312.48	-66.9687
312.56	-67
312.64	-66.9063
312.72	-66.9687
312.8	-67
312.88	-67.0312
312.96	-66.9687
313.04	-66.9375
313.12	-66.9687
313.2	-66.9375
313.28	-67
313.36	-67
313.44	-67
313.52	-66.7813
313.6	-66.9063
313.68	-66.9375
313.76	-66.9063
313.84	-66.9375
313.92	-67
314	-66.9063
314.08	-67.0312
314.16	-66.9375
314.24	-66.9687
314.32	-66.9375
314.4	-66.9063
314.48	-66.875
314.56	-66.9687
314.64	-67.0312
314.72	-66.9375
314.8	-66.875
314.88	-66.875
