3937 2
0	-68.6875
0.08	-68.6875
0.16	-68.75
0.24	-68.75
0.32	-68.7187
0.4	-68.7187
0.48	-68.7812
0.56	-68.7187
0.64	-68.7187
0.72	-68.75
0.8	-68.75
0.88	-68.7187
0.96	-68.625
1.04	-68.6875
1.12	-68.7187
1.2	-68.7812
1.28	-68.6875
1.36	-68.7187
1.44	-68.6563
1.52	-68.75
1.6	-68.75
1.68	-68.7187
1.76	-68.6563
1.84	-68.5937
1.92	-68.625
2	-68.625
2.08	-68.5313
2.16	-68.5937
2.24	-68.625
2.32	-68.7187
2.4	-68.6563
2.48	-68.6875
2.56	-68.6563
2.64	-68.6563
2.72	-68.625
2.8	-68.625
2.88	-68.625
2.96	-68.6563
3.04	-68.6563
3.12	-68.6875
3.2	-68.6875
3.28	-68.75
3.36	-68.7812
3.44	-68.75
3.52	-68.75
3.6	-68.625
3.68	-68.6563
3.76	-68.5937
3.84	-68.6563
3.92	-68.75
4	-68.625
4.08	-68.7187
4.16	-68.5937
4.24	-68.75
4.32	-68.75
4.4	-68.7187
4.48	-68.7187
4.56	-68.625
4.64	-68.6563
4.72	-68.6563
4.8	-68.6875
4.88	-68.6875
4.96	-68.6563
5.04	-68.7187
5.12	-68.75
5.2	-68.75
5.28	-68.8125
5.36	-68.625
5.44	-68.6875
5.52	-68.75
5.6	-68.6563
5.68	-68.6563
5.76	-68.6563
5.84	-68.625
5.92	-68.6563
6	-68.6563
6.08	-68.7187
6.16	-68.7187
6.24	-68.6563
6.32	-68.7187
6.4	-68.8125
6.48	-68.7812
6.56	-68.75
6.64	-68.7187
6.72	-68.6875
6.8	-68.7187
6.88	-68.6875
6.96	-68.6875
7.04	-68.7187
7.12	-68.6875
7.2	-68.75
7.28	-68.6563
7.36	-68.7187
7.44	-68.6875
7.52	-68.6875
7.6	-68.75
7.68	-68.6563
7.76	-68.75
7.84	-68.6875
7.92	-68.7187
8	-68.625
8.08	-68.7187
8.16	-68.6875
8.24	-68.6563
8.32	-68.625
8.4	-68.6563
8.48	-68.625
8.56	-68.6875
8.64	-68.6563
8.72	-68.5937
8.8	-68.6563
8.88	-68.6875
8.96	-68.6563
9.04	-68.625
9.12	-68.6563
9.2	-68.6563
9.28	-68.6563
9.36	-68.5937
9.44	-68.625
9.52	-68.6563
9.6	-68.5937
9.68	-68.625
9.76	-68.6563
9.84	-68.6563
9.92	-68.625
10	-68.6563
10.08	-68.6563
10.16	-68.6563
10.24	-68.625
10.32	-68.6563
10.4	-68.6563
10.48	-68.7187
10.56	-68.6563
10.64	-68.6875
10.72	-68.625
10.8	-68.625
10.88	-68.625
10.96	-68.6875
11.04	-68.75
11.12	-68.7187
11.2	-68.5625
11.28	-68.625
11.36	-68.7187
11.44	-68.625
11.52	-68.5313
11.6	-68.5625
11.68	-68.5937
11.76	-68.6563
11.84	-68.5313
11.92	-68.625
12	-68.5625
12.08	-68.5937
12.16	-68.5
12.24	-68.6875
12.32	-68.5937
12.4	-68.5
12.48	-68.5313
12.56	-68.4375
12.64	-68.625
12.72	-68.5625
12.8	-68.5313
12.88	-68.5937
12.96	-68.5937
13.04	-68.5937
13.12	-68.6563
13.2	-68.5313
13.28	-68.4687
13.36	-68.5937
13.44	-68.5937
13.52	-68.5937
13.6	-68.5937
13.68	-68.5937
13.76	-68.5625
13.84	-68.625
13.92	-68.5313
14	-68.5313
14.08	-68.5625
14.16	-68.5313
14.24	-68.5
14.32	-68.5625
14.4	-68.5
14.48	-68.4687
14.56	-68.5
14.64	-68.4687
14.72	-68.4687
14.8	-68.5313
14.88	-68.5313
14.96	-68.635
15.04	-68.635
15.12	-68.635
15.2	-68.635
15.28	-68.635
15.36	-68.6038
15.44	-68.7288
15.52	-68.6663
15.6	-68.6975
15.68	-68.76
15.76	-68.8225
15.84	-68.7913
15.92	-68.7913
16	-68.885
16.08	-68.7288
16.16	-68.7913
16.24	-68.885
16.32	-68.9163
16.4	-68.9163
16.48	-68.885
16.56	-68.8538
16.64	-68.8538
16.72	-68.9163
16.8	-68.9475
16.88	-68.9475
16.96	-69.0413
17.04	-69.0413
17.12	-68.9788
17.2	-68.9163
17.28	-68.9788
17.36	-69.01
17.44	-69.0413
17.52	-69.135
17.6	-69.0413
17.68	-68.9788
17.76	-68.9788
17.84	-69.0413
17.92	-69.135
18	-69.135
18.08	-69.0413
18.16	-69.1663
18.24	-69.1038
18.32	-69.135
18.4	-69.1663
18.48	-69.1663
18.56	-69.135
18.64	-69.1663
18.72	-69.1975
18.8	-69.1975
18.88	-69.1975
18.96	-69.1975
19.04	-69.1975
19.12	-69.26
19.2	-69.2288
19.28	-69.2288
19.36	-69.2913
19.44	-69.3225
19.52	-69.2913
19.6	-69.26
19.68	-69.2913
19.76	-69.2913
19.84	-69.2913
19.92	-69.26
20	-69.3225
20.08	-69.3538
20.16	-69.3225
20.24	-69.2913
20.32	-69.3225
20.4	-69.2913
20.48	-69.4163
20.56	-69.385
20.64	-69.385
20.72	-69.4475
20.8	-69.3225
20.88	-69.385
20.96	-69.3225
21.04	-69.385
21.12	-69.4163
21.2	-69.3225
21.28	-69.4163
21.36	-69.3225
21.44	-69.4163
21.52	-69.385
21.6	-69.4163
21.68	-69.4788
21.76	-69.51
21.84	-69.4163
21.92	-69.4788
22	-69.4788
22.08	-69.51
22.16	-69.5413
22.24	-69.5413
22.32	-69.4788
22.4	-69.51
22.48	-69.4475
22.56	-69.4788
22.64	-69.5725
22.72	-69.5725
22.8	-69.635
22.88	-69.6662
22.96	-69.5413
23.04	-69.5413
23.12	-69.5725
23.2	-69.5725
23.28	-69.635
23.36	-69.635
23.44	-69.6038
23.52	-69.6662
23.6	-69.6662
23.68	-69.6975
23.76	-69.6038
23.84	-69.635
23.92	-69.6038
24	-69.7288
24.08	-69.6662
24.16	-69.635
24.24	-69.7288
24.32	-69.635
24.4	-69.7913
24.48	-69.7288
24.56	-69.6975
24.64	-69.8225
24.72	-69.6662
24.8	-69.8225
24.88	-69.8225
24.96	-69.7288
25.04	-69.6975
25.12	-69.6662
25.2	-69.8225
25.28	-69.7913
25.36	-69.6662
25.44	-69.7288
25.52	-69.7288
25.6	-69.8538
25.68	-69.7913
25.76	-69.6662
25.84	-69.8538
25.92	-69.8225
26	-69.7913
26.08	-69.7288
26.16	-69.8538
26.24	-69.7288
26.32	-69.6975
26.4	-69.8225
26.48	-69.8538
26.56	-69.8538
26.64	-69.7913
26.72	-69.8225
26.8	-69.8538
26.88	-69.885
26.96	-69.8225
27.04	-69.885
27.12	-69.8538
27.2	-69.9475
27.28	-69.885
27.36	-69.8538
27.44	-69.9163
27.52	-69.9475
27.6	-69.9788
27.68	-69.9163
27.76	-69.9163
27.84	-69.9163
27.92	-70.0725
28	-70.01
28.08	-70.1038
28.16	-69.9788
28.24	-70.0725
28.32	-70.0413
28.4	-70.0725
28.48	-70.0413
28.56	-70.0725
28.64	-70.0413
28.72	-70.01
28.8	-70.01
28.88	-70.1038
28.96	-70.01
29.04	-70.0725
29.12	-70.0413
29.2	-70.01
29.28	-69.9475
29.36	-70.0725
29.44	-70.0725
29.52	-70.0725
29.6	-70.01
29.68	-70.1038
29.76	-70.0725
29.84	-70.0725
29.92	-70.1038
30	-70.0725
30.08	-70.0413
30.16	-70.135
30.24	-70.1038
30.32	-70.1038
30.4	-70.1663
30.48	-70.1663
30.56	-70.1975
30.64	-70.1663
30.72	-70.135
30.8	-70.135
30.88	-70.1038
30.96	-70.135
31.04	-70.0725
31.12	-70.1038
31.2	-70.1038
31.28	-70.1663
31.36	-70.135
31.44	-70.1663
31.52	-70.01
31.6	-70.0725
31.68	-70.135
31.76	-70.1663
31.84	-70.0725
31.92	-70.1038
32	-70.1975
32.08	-70.135
32.16	-70.2288
32.24	-70.1663
32.32	-70.135
32.4	-70.2288
32.48	-70.2913
32.56	-70.2288
32.64	-70.2288
32.72	-70.2288
32.8	-70.26
32.88	-70.2288
32.96	-70.1975
33.04	-70.2288
33.12	-70.2288
33.2	-70.1975
33.28	-70.2913
33.36	-70.2288
33.44	-70.2913
33.52	-70.3225
33.6	-70.2913
33.68	-70.2913
33.76	-70.2913
33.84	-70.3538
33.92	-70.26
34	-70.385
34.08	-70.3225
34.16	-70.3538
34.24	-70.3225
34.32	-70.3538
34.4	-70.4163
34.48	-70.4163
34.56	-70.385
34.64	-70.3538
34.72	-70.3225
34.8	-70.4163
34.88	-70.3538
34.96	-70.385
35.04	-70.3225
35.12	-70.3538
35.2	-70.3538
35.28	-70.26
35.36	-70.3225
35.44	-70.385
35.52	-70.385
35.6	-70.4163
35.68	-70.385
35.76	-70.4163
35.84	-70.385
35.92	-70.4788
36	-70.4788
36.08	-70.4163
36.16	-70.4788
36.24	-70.3225
36.32	-70.26
36.4	-70.385
36.48	-70.385
36.56	-70.385
36.64	-70.385
36.72	-70.4788
36.8	-70.51
36.88	-70.3538
36.96	-70.4788
37.04	-70.4163
37.12	-70.51
37.2	-70.4788
37.28	-70.5725
37.36	-70.4788
37.44	-70.51
37.52	-70.51
37.6	-70.4788
37.68	-70.51
37.76	-70.5413
37.84	-70.4788
37.92	-70.5413
38	-70.4788
38.08	-70.5725
38.16	-70.6038
38.24	-70.51
38.32	-70.5413
38.4	-70.6663
38.48	-70.5413
38.56	-70.6663
38.64	-70.5413
38.72	-70.4163
38.8	-70.5413
38.88	-70.6038
38.96	-70.6038
39.04	-70.6663
39.12	-70.5725
39.2	-70.6038
39.28	-70.4788
39.36	-70.635
39.44	-70.5725
39.52	-70.6663
39.6	-70.635
39.68	-70.6663
39.76	-70.6663
39.84	-70.6038
39.92	-70.6663
40	-70.635
40.08	-70.7288
40.16	-70.635
40.24	-70.6038
40.32	-70.635
40.4	-70.5725
40.48	-70.5725
40.56	-70.6663
40.64	-70.5725
40.72	-70.635
40.8	-70.5725
40.88	-70.635
40.96	-70.6663
41.04	-70.5725
41.12	-70.6038
41.2	-70.635
41.28	-70.6038
41.36	-70.6038
41.44	-70.6663
41.52	-70.635
41.6	-70.6663
41.68	-70.6975
41.76	-70.635
41.84	-70.6975
41.92	-70.635
42	-70.6663
42.08	-70.5413
42.16	-70.6038
42.24	-70.6975
42.32	-70.76
42.4	-70.76
42.48	-70.635
42.56	-70.7913
42.64	-70.6975
42.72	-70.6663
42.8	-70.76
42.88	-70.6975
42.96	-70.6975
43.04	-70.6975
43.12	-70.6975
43.2	-70.7288
43.28	-70.76
43.36	-70.7288
43.44	-70.7913
43.52	-70.8225
43.6	-70.6975
43.68	-70.8538
43.76	-70.8225
43.84	-70.8225
43.92	-70.7913
44	-70.76
44.08	-70.7913
44.16	-70.7288
44.24	-70.76
44.32	-70.8538
44.4	-70.8225
44.48	-70.885
44.56	-70.76
44.64	-70.885
44.72	-70.7913
44.8	-70.8538
44.88	-70.7913
44.96	-70.8538
45.04	-70.8538
45.12	-70.76
45.2	-70.7288
45.28	-70.8225
45.36	-70.9163
45.44	-70.8225
45.52	-70.8538
45.6	-70.7913
45.68	-70.76
45.76	-70.7913
45.84	-70.7913
45.92	-70.7913
46	-70.8538
46.08	-70.9475
46.16	-70.8225
46.24	-70.8225
46.32	-70.8225
46.4	-70.76
46.48	-70.8538
46.56	-70.885
46.64	-70.9475
46.72	-70.9475
46.8	-70.7913
46.88	-70.885
46.96	-70.8538
47.04	-70.8538
47.12	-70.7913
47.2	-70.9163
47.28	-70.9475
47.36	-70.9163
47.44	-70.9163
47.52	-70.8225
47.6	-70.9788
47.68	-70.885
47.76	-70.8538
47.84	-70.8538
47.92	-70.8225
48	-70.8538
48.08	-70.9163
48.16	-70.9788
48.24	-70.8225
48.32	-70.8225
48.4	-70.8225
48.48	-70.7913
48.56	-70.9163
48.64	-70.8225
48.72	-70.8225
48.8	-70.8538
48.88	-70.885
48.96	-70.885
49.04	-70.8538
49.12	-70.9475
49.2	-70.9475
49.28	-70.885
49.36	-70.9788
49.44	-70.885
49.52	-70.9475
49.6	-70.9475
49.68	-70.9475
49.76	-70.9163
49.84	-70.9163
49.92	-70.9475
50	-70.9475
50.08	-70.9788
50.16	-70.9163
50.24	-70.9163
50.32	-70.9475
50.4	-70.9475
50.48	-70.9475
50.56	-71.01
50.64	-71.0725
50.72	-70.9475
50.8	-70.9475
50.88	-71.01
50.96	-71.0725
51.04	-71.0725
51.12	-71.01
51.2	-71.0725
51.28	-70.9788
51.36	-70.9788
51.44	-71.01
51.52	-71.0413
51.6	-70.9475
51.68	-70.9475
51.76	-70.9788
51.84	-71.0725
51.92	-71.0413
52	-71.0725
52.08	-71.0413
52.16	-71.01
52.24	-70.9788
52.32	-71.0413
52.4	-70.9788
52.48	-71.0413
52.56	-71.01
52.64	-71.01
52.72	-71.0413
52.8	-71.0725
52.88	-71.0725
52.96	-71.1663
53.04	-71.0413
53.12	-71.0725
53.2	-70.9788
53.28	-70.9475
53.36	-71.01
53.44	-70.9788
53.52	-70.9475
53.6	-71.0413
53.68	-70.9788
53.76	-71.0725
53.84	-71.0413
53.92	-71.0725
54	-71.0413
54.08	-71.0725
54.16	-70.9788
54.24	-71.0413
54.32	-71.0725
54.4	-71.01
54.48	-71.0413
54.56	-71.0725
54.64	-71.1663
54.72	-71.1037
54.8	-71.0725
54.88	-71.0725
54.96	-71.0725
55.04	-71.1037
55.12	-71.0413
55.2	-71.1037
55.28	-71.0413
55.36	-71.1663
55.44	-70.9788
55.52	-71.1663
55.6	-71.0725
55.68	-71.1037
55.76	-71.01
55.84	-71.0725
55.92	-71.0725
56	-71.1037
56.08	-71.01
56.16	-71.0725
56.24	-71.0725
56.32	-71.1037
56.4	-71.01
56.48	-71.1975
56.56	-71.1975
56.64	-71.0725
56.72	-71.0413
56.8	-71.1037
56.88	-71.1663
56.96	-71.1975
57.04	-71.1037
57.12	-71.1037
57.2	-71.0725
57.28	-71.1975
57.36	-71.1037
57.44	-71.0725
57.52	-71.1037
57.6	-71.0413
57.68	-71.1037
57.76	-71.0413
57.84	-71.0725
57.92	-71.1975
58	-71.1663
58.08	-71.1663
58.16	-71.1663
58.24	-71.0413
58.32	-71.0725
58.4	-71.0725
58.48	-71.1663
58.56	-71.1663
58.64	-71.1037
58.72	-71.0725
58.8	-71.01
58.88	-71.1037
58.96	-71.0725
59.04	-71.0413
59.12	-71.1037
59.2	-71.1037
59.28	-71.1037
59.36	-71.0725
59.44	-71.0725
59.52	-71.0413
59.6	-71.0725
59.68	-71.0725
59.76	-71.1037
59.84	-71.0413
59.92	-71.0413
60	-71.2288
60.08	-71.1663
60.16	-71.0413
60.24	-71.1663
60.32	-71.1975
60.4	-71.1037
60.48	-71.1037
60.56	-71.1663
60.64	-71.2288
60.72	-71.1975
60.8	-71.2913
60.88	-71.26
60.96	-71.1975
61.04	-71.1975
61.12	-71.2288
61.2	-71.1037
61.28	-71.1663
61.36	-71.1663
61.44	-71.1975
61.52	-71.1975
61.6	-71.1663
61.68	-71.2288
61.76	-71.26
61.84	-71.1975
61.92	-71.1975
62	-71.2288
62.08	-71.26
62.16	-71.1975
62.24	-71.26
62.32	-71.1975
62.4	-71.26
62.48	-71.26
62.56	-71.1663
62.64	-71.0725
62.72	-71.1975
62.8	-71.2288
62.88	-71.26
62.96	-71.1037
63.04	-71.2288
63.12	-71.26
63.2	-71.2288
63.28	-71.2288
63.36	-71.2913
63.44	-71.2913
63.52	-71.26
63.6	-71.26
63.68	-71.2288
63.76	-71.2288
63.84	-71.2913
63.92	-71.26
64	-71.2288
64.08	-71.26
64.16	-71.2913
64.24	-71.1975
64.32	-71.26
64.4	-71.2913
64.48	-71.2913
64.56	-71.2288
64.64	-71.1975
64.72	-71.2288
64.8	-71.1975
64.88	-71.2288
64.96	-71.2913
65.04	-71.26
65.12	-71.1663
65.2	-71.2288
65.28	-71.2288
65.36	-71.1663
65.44	-71.1663
65.52	-71.2913
65.6	-71.1663
65.68	-71.26
65.76	-71.2288
65.84	-71.26
65.92	-71.1975
66	-71.2288
66.08	-71.3538
66.16	-71.26
66.24	-71.26
66.32	-71.2913
66.4	-71.26
66.48	-71.2288
66.56	-71.385
66.64	-71.385
66.72	-71.385
66.8	-71.26
66.88	-71.26
66.96	-71.3225
67.04	-71.26
67.12	-71.2913
67.2	-71.2913
67.28	-71.2913
67.36	-71.2913
67.44	-71.2913
67.52	-71.2288
67.6	-71.2288
67.68	-71.26
67.76	-71.26
67.84	-71.26
67.92	-71.2913
68	-71.3538
68.08	-71.2913
68.16	-71.2913
68.24	-71.2913
68.32	-71.2913
68.4	-71.385
68.48	-71.2913
68.56	-71.2913
68.64	-71.2913
68.72	-71.385
68.8	-71.2913
68.88	-71.2913
68.96	-71.3538
69.04	-71.3225
69.12	-71.3225
69.2	-71.385
69.28	-71.3225
69.36	-71.3225
69.44	-71.26
69.52	-71.3538
69.6	-71.385
69.68	-71.3538
69.76	-71.385
69.84	-71.4163
69.92	-71.3538
70	-71.385
70.08	-71.385
70.16	-71.3225
70.24	-71.26
70.32	-71.3538
70.4	-71.26
70.48	-71.2913
70.56	-71.2913
70.64	-71.26
70.72	-71.3225
70.8	-71.2913
70.88	-71.26
70.96	-71.385
71.04	-71.2913
71.12	-71.3538
71.2	-71.3538
71.28	-71.3225
71.36	-71.3538
71.44	-71.2913
71.52	-71.385
71.6	-71.2913
71.68	-71.3225
71.76	-71.2913
71.84	-71.2913
71.92	-71.3225
72	-71.2288
72.08	-71.3225
72.16	-71.26
72.24	-71.3538
72.32	-71.3225
72.4	-71.385
72.48	-71.3225
72.56	-71.2913
72.64	-71.3538
72.72	-71.4475
72.8	-71.3538
72.88	-71.4475
72.96	-71.4475
73.04	-71.4163
73.12	-71.4163
73.2	-71.4475
73.28	-71.3538
73.36	-71.3538
73.44	-71.3225
73.52	-71.3538
73.6	-71.385
73.68	-71.2913
73.76	-71.2913
73.84	-71.3538
73.92	-71.4163
74	-71.4475
74.08	-71.4475
74.16	-71.2913
74.24	-71.4163
74.32	-71.385
74.4	-71.3538
74.48	-71.2913
74.56	-71.385
74.64	-71.385
74.72	-71.3225
74.8	-71.3225
74.88	-71.3225
74.96	-71.3225
75.04	-71.385
75.12	-71.4163
75.2	-71.3225
75.28	-71.3225
75.36	-71.3225
75.44	-71.385
75.52	-71.26
75.6	-71.2913
75.68	-71.3538
75.76	-71.4163
75.84	-71.4163
75.92	-71.3538
76	-71.3538
76.08	-71.3538
76.16	-71.4163
76.24	-71.3225
76.32	-71.4163
76.4	-71.4475
76.48	-71.4788
76.56	-71.385
76.64	-71.4163
76.72	-71.3225
76.8	-71.3225
76.88	-71.3538
76.96	-71.385
77.04	-71.3225
77.12	-71.2913
77.2	-71.3225
77.28	-71.3225
77.36	-71.385
77.44	-71.3538
77.52	-71.2913
77.6	-71.385
77.68	-71.2913
77.76	-71.3225
77.84	-71.2913
77.92	-71.3538
78	-71.385
78.08	-71.4163
78.16	-71.385
78.24	-71.385
78.32	-71.385
78.4	-71.3225
78.48	-71.385
78.56	-71.3538
78.64	-71.385
78.72	-71.385
78.8	-71.385
78.88	-71.385
78.96	-71.385
79.04	-71.4788
79.12	-71.3225
79.2	-71.4163
79.28	-71.4475
79.36	-71.4788
79.44	-71.4788
79.52	-71.4788
79.6	-71.3225
79.68	-71.3225
79.76	-71.4475
79.84	-71.4163
79.92	-71.4163
80	-71.4163
80.08	-71.4163
80.16	-71.3225
80.24	-71.385
80.32	-71.385
80.4	-71.385
80.48	-71.4163
80.56	-71.4163
80.64	-71.4475
80.72	-71.4163
80.8	-71.385
80.88	-71.385
80.96	-71.4163
81.04	-71.2913
81.12	-71.385
81.2	-71.4475
81.28	-71.3225
81.36	-71.4163
81.44	-71.3538
81.52	-71.4788
81.6	-71.4163
81.68	-71.385
81.76	-71.4475
81.84	-71.4163
81.92	-71.3225
82	-71.4788
82.08	-71.3538
82.16	-71.3538
82.24	-71.385
82.32	-71.385
82.4	-71.385
82.48	-71.3225
82.56	-71.4163
82.64	-71.4475
82.72	-71.4163
82.8	-71.4163
82.88	-71.385
82.96	-71.385
83.04	-71.3225
83.12	-71.4788
83.2	-71.4163
83.28	-71.3225
83.36	-71.3538
83.44	-71.4163
83.52	-71.385
83.6	-71.4788
83.68	-71.4163
83.76	-71.4475
83.84	-71.4788
83.92	-71.4475
84	-71.4788
84.08	-71.4163
84.16	-71.4163
84.24	-71.51
84.32	-71.4475
84.4	-71.4163
84.48	-71.4475
84.56	-71.4475
84.64	-71.51
84.72	-71.4475
84.8	-71.4788
84.88	-71.4788
84.96	-71.4163
85.04	-71.4163
85.12	-71.4788
85.2	-71.4475
85.28	-71.5413
85.36	-71.4475
85.44	-71.4788
85.52	-71.4475
85.6	-71.51
85.68	-71.385
85.76	-71.4163
85.84	-71.4475
85.92	-71.4163
86	-71.4163
86.08	-71.4788
86.16	-71.4475
86.24	-71.4475
86.32	-71.4475
86.4	-71.4788
86.48	-71.3225
86.56	-71.4475
86.64	-71.3538
86.72	-71.385
86.8	-71.4163
86.88	-71.385
86.96	-71.385
87.04	-71.51
87.12	-71.4475
87.2	-71.4475
87.28	-71.385
87.36	-71.4163
87.44	-71.4788
87.52	-71.4163
87.6	-71.4788
87.68	-71.5413
87.76	-71.4788
87.84	-71.4788
87.92	-71.385
88	-71.3538
88.08	-71.4475
88.16	-71.4475
88.24	-71.3538
88.32	-71.4163
88.4	-71.4475
88.48	-71.4788
88.56	-71.4475
88.64	-71.4475
88.72	-71.385
88.8	-71.4475
88.88	-71.51
88.96	-71.4475
89.04	-71.4788
89.12	-71.4475
89.2	-71.4788
89.28	-71.5413
89.36	-71.4788
89.44	-71.4788
89.52	-71.4788
89.6	-71.5413
89.68	-71.5413
89.76	-71.5413
89.84	-71.4788
89.92	-71.4788
90	-71.4788
90.08	-71.51
90.16	-71.5413
90.24	-71.4788
90.32	-71.4788
90.4	-71.51
90.48	-71.51
90.56	-71.51
90.64	-71.4163
90.72	-71.51
90.8	-71.51
90.88	-71.51
90.96	-71.5413
91.04	-71.4163
91.12	-71.4163
91.2	-71.51
91.28	-71.5413
91.36	-71.51
91.44	-71.4475
91.52	-71.4788
91.6	-71.4788
91.68	-71.51
91.76	-71.51
91.84	-71.4475
91.92	-71.4475
92	-71.4788
92.08	-71.4788
92.16	-71.385
92.24	-71.4788
92.32	-71.4788
92.4	-71.385
92.48	-71.51
92.56	-71.51
92.64	-71.4163
92.72	-71.4788
92.8	-71.51
92.88	-71.4788
92.96	-71.51
93.04	-71.4788
93.12	-71.51
93.2	-71.4163
93.28	-71.51
93.36	-71.51
93.44	-71.4788
93.52	-71.4788
93.6	-71.4163
93.68	-71.4163
93.76	-71.4475
93.84	-71.51
93.92	-71.4475
94	-71.51
94.08	-71.4163
94.16	-71.4475
94.24	-71.51
94.32	-71.4475
94.4	-71.4475
94.48	-71.4788
94.56	-71.4788
94.64	-71.51
94.72	-71.4475
94.8	-71.5725
94.88	-71.4788
94.96	-71.51
95.04	-71.51
95.12	-71.51
95.2	-71.51
95.28	-71.4475
95.36	-71.4788
95.44	-71.5413
95.52	-71.4788
95.6	-71.5413
95.68	-71.5413
95.76	-71.4475
95.84	-71.4788
95.92	-71.4163
96	-71.5413
96.08	-71.4788
96.16	-71.4475
96.24	-71.51
96.32	-71.4788
96.4	-71.4788
96.48	-71.5413
96.56	-71.4475
96.64	-71.5725
96.72	-71.51
96.8	-71.4788
96.88	-71.4788
96.96	-71.4788
97.04	-71.4788
97.12	-71.385
97.2	-71.51
97.28	-71.5725
97.36	-71.51
97.44	-71.51
97.52	-71.4788
97.6	-71.51
97.68	-71.4788
97.76	-71.5413
97.84	-71.5413
97.92	-71.4788
98	-71.51
98.08	-71.5413
98.16	-71.51
98.24	-71.4475
98.32	-71.4788
98.4	-71.4163
98.48	-71.4788
98.56	-71.4475
98.64	-71.4475
98.72	-71.4475
98.8	-71.4475
98.88	-71.5413
98.96	-71.4788
99.04	-71.51
99.12	-71.4475
99.2	-71.4475
99.28	-71.5413
99.36	-71.4475
99.44	-71.4475
99.52	-71.51
99.6	-71.51
99.68	-71.5413
99.76	-71.51
99.84	-71.5725
99.92	-71.4475
100	-71.5413
100.08	-71.5725
100.16	-71.5725
100.24	-71.5725
100.32	-71.5413
100.4	-71.6038
100.48	-71.5725
100.56	-71.5413
100.64	-71.5413
100.72	-71.5413
100.8	-71.635
100.88	-71.4788
100.96	-71.51
101.04	-71.4788
101.12	-71.51
101.2	-71.5413
101.28	-71.51
101.36	-71.5725
101.44	-71.5725
101.52	-71.6038
101.6	-71.51
101.68	-71.4475
101.76	-71.4475
101.84	-71.4788
101.92	-71.5413
102	-71.5725
102.08	-71.6038
102.16	-71.51
102.24	-71.4788
102.32	-71.51
102.4	-71.5725
102.48	-71.51
102.56	-71.4788
102.64	-71.5725
102.72	-71.6038
102.8	-71.5413
102.88	-71.635
102.96	-71.51
103.04	-71.4788
103.12	-71.51
103.2	-71.51
103.28	-71.5413
103.36	-71.4788
103.44	-71.5413
103.52	-71.6038
103.6	-71.5725
103.68	-71.4788
103.76	-71.5413
103.84	-71.5725
103.92	-71.6038
104	-71.635
104.08	-71.51
104.16	-71.51
104.24	-71.5413
104.32	-71.4788
104.4	-71.4788
104.48	-71.4475
104.56	-71.5413
104.64	-71.6038
104.72	-71.6038
104.8	-71.5413
104.88	-71.51
104.96	-71.51
105.04	-71.51
105.12	-71.51
105.2	-71.51
105.28	-71.51
105.36	-71.51
105.44	-71.4475
105.52	-71.5413
105.6	-71.51
105.68	-71.5413
105.76	-71.51
105.84	-71.5413
105.92	-71.4788
106	-71.51
106.08	-71.5413
106.16	-71.4163
106.24	-71.51
106.32	-71.5413
106.4	-71.4788
106.48	-71.4788
106.56	-71.5413
106.64	-71.4788
106.72	-71.4475
106.8	-71.4788
106.88	-71.4475
106.96	-71.51
107.04	-71.51
107.12	-71.4475
107.2	-71.4475
107.28	-71.3538
107.36	-71.51
107.44	-71.5413
107.52	-71.5725
107.6	-71.4475
107.68	-71.4163
107.76	-71.4475
107.84	-71.385
107.92	-71.4475
108	-71.385
108.08	-71.4788
108.16	-71.3225
108.24	-71.4475
108.32	-71.4475
108.4	-71.4163
108.48	-71.4475
108.56	-71.3538
108.64	-71.4163
108.72	-71.3225
108.8	-71.2913
108.88	-71.385
108.96	-71.51
109.04	-71.4163
109.12	-71.4788
109.2	-71.3538
109.28	-71.385
109.36	-71.4475
109.44	-71.4163
109.52	-71.4475
109.6	-71.3538
109.68	-71.4475
109.76	-71.3538
109.84	-71.4475
109.92	-71.4163
110	-71.4163
110.08	-71.51
110.16	-71.385
110.24	-71.385
110.32	-71.385
110.4	-71.51
110.48	-71.4788
110.56	-71.4475
110.64	-71.4788
110.72	-71.3538
110.8	-71.385
110.88	-71.51
110.96	-71.4163
111.04	-71.4475
111.12	-71.385
111.2	-71.4788
111.28	-71.4475
111.36	-71.2913
111.44	-71.385
111.52	-71.4163
111.6	-71.4788
111.68	-71.4475
111.76	-71.4475
111.84	-71.4475
111.92	-71.4163
112	-71.4475
112.08	-71.51
112.16	-71.385
112.24	-71.4475
112.32	-71.385
112.4	-71.51
112.48	-71.4163
112.56	-71.4163
112.64	-71.4163
112.72	-71.4475
112.8	-71.4475
112.88	-71.4788
112.96	-71.4788
113.04	-71.4475
113.12	-71.4475
113.2	-71.4163
113.28	-71.3538
113.36	-71.4475
113.44	-71.4788
113.52	-71.4788
113.6	-71.4788
113.68	-71.4788
113.76	-71.4788
113.84	-71.51
113.92	-71.4163
114	-71.4788
114.08	-71.51
114.16	-71.5413
114.24	-71.385
114.32	-71.3538
114.4	-71.3538
114.48	-71.4475
114.56	-71.4788
114.64	-71.4788
114.72	-71.4788
114.8	-71.4163
114.88	-71.3538
114.96	-71.385
115.04	-71.4163
115.12	-71.4163
115.2	-71.4475
115.28	-71.385
115.36	-71.3538
115.44	-71.385
115.52	-71.385
115.6	-71.51
115.68	-71.4163
115.76	-71.4788
115.84	-71.4788
115.92	-71.385
116	-71.26
116.08	-71.4475
116.16	-71.4475
116.24	-71.51
116.32	-71.4788
116.4	-71.5725
116.48	-71.4475
116.56	-71.4788
116.64	-71.4788
116.72	-71.4475
116.8	-71.5725
116.88	-71.4788
116.96	-71.51
117.04	-71.4788
117.12	-71.4788
117.2	-71.5413
117.28	-71.5725
117.36	-71.5725
117.44	-71.5413
117.52	-71.51
117.6	-71.51
117.68	-71.51
117.76	-71.5413
117.84	-71.4788
117.92	-71.51
118	-71.4163
118.08	-71.5413
118.16	-71.4163
118.24	-71.4163
118.32	-71.4163
118.4	-71.4163
118.48	-71.4163
118.56	-71.4163
118.64	-71.4788
118.72	-71.4788
118.8	-71.51
118.88	-71.4788
118.96	-71.4163
119.04	-71.4475
119.12	-71.4475
119.2	-71.51
119.28	-71.51
119.36	-71.4163
119.44	-71.4163
119.52	-71.4163
119.6	-71.3225
119.68	-71.4163
119.76	-71.4163
119.84	-71.3538
119.92	-71.4163
120	-71.4788
120.08	-71.4475
120.16	-71.385
120.24	-71.4163
120.32	-71.4475
120.4	-71.51
120.48	-71.51
120.56	-71.51
120.64	-71.4163
120.72	-71.4475
120.8	-71.4163
120.88	-71.4163
120.96	-71.4788
121.04	-71.5413
121.12	-71.4788
121.2	-71.4475
121.28	-71.4163
121.36	-71.4163
121.44	-71.4163
121.52	-71.4163
121.6	-71.4163
121.68	-71.4475
121.76	-71.4163
121.84	-71.4163
121.92	-71.4788
122	-71.4163
122.08	-71.4475
122.16	-71.4475
122.24	-71.4788
122.32	-71.4475
122.4	-71.4475
122.48	-71.4163
122.56	-71.51
122.64	-71.4475
122.72	-71.4788
122.8	-71.5725
122.88	-71.4788
122.96	-71.51
123.04	-71.51
123.12	-71.5725
123.2	-71.51
123.28	-71.5413
123.36	-71.51
123.44	-71.4788
123.52	-71.5413
123.6	-71.4475
123.68	-71.4475
123.76	-71.5413
123.84	-71.5413
123.92	-71.4475
124	-71.5413
124.08	-71.385
124.16	-71.51
124.24	-71.4475
124.32	-71.4475
124.4	-71.4788
124.48	-71.5725
124.56	-71.5413
124.64	-71.4163
124.72	-71.51
124.8	-71.51
124.88	-71.4788
124.96	-71.4475
125.04	-71.4475
125.12	-71.4163
125.2	-71.4475
125.28	-71.4475
125.36	-71.4163
125.44	-71.4788
125.52	-71.4788
125.6	-71.4788
125.68	-71.4475
125.76	-71.5413
125.84	-71.4788
125.92	-71.4475
126	-71.4475
126.08	-71.51
126.16	-71.51
126.24	-71.5413
126.32	-71.51
126.4	-71.5413
126.48	-71.5725
126.56	-71.51
126.64	-71.51
126.72	-71.4475
126.8	-71.4475
126.88	-71.51
126.96	-71.4788
127.04	-71.51
127.12	-71.4475
127.2	-71.4163
127.28	-71.4788
127.36	-71.4163
127.44	-71.51
127.52	-71.4788
127.6	-71.4163
127.68	-71.51
127.76	-71.51
127.84	-71.4475
127.92	-71.4475
128	-71.51
128.08	-71.51
128.16	-71.5413
128.24	-71.51
128.32	-71.4163
128.4	-71.4788
128.48	-71.51
128.56	-71.5413
128.64	-71.4788
128.72	-71.5413
128.8	-71.6038
128.88	-71.4475
128.96	-71.5725
129.04	-71.4788
129.12	-71.5413
129.2	-71.5413
129.28	-71.51
129.36	-71.51
129.44	-71.51
129.52	-71.51
129.6	-71.4788
129.68	-71.51
129.76	-71.5725
129.84	-71.5725
129.92	-71.6038
130	-71.4788
130.08	-71.5725
130.16	-71.51
130.24	-71.4475
130.32	-71.51
130.4	-71.6038
130.48	-71.51
130.56	-71.4475
130.64	-71.4163
130.72	-71.4475
130.8	-71.5725
130.88	-71.5725
130.96	-71.5413
131.04	-71.6038
131.12	-71.5413
131.2	-71.4163
131.28	-71.51
131.36	-71.5413
131.44	-71.5413
131.52	-71.51
131.6	-71.5413
131.68	-71.4788
131.76	-71.51
131.84	-71.51
131.92	-71.4475
132	-71.4788
132.08	-71.51
132.16	-71.5413
132.24	-71.51
132.32	-71.4475
132.4	-71.5413
132.48	-71.4163
132.56	-71.5413
132.64	-71.51
132.72	-71.6038
132.8	-71.5725
132.88	-71.5413
132.96	-71.5725
133.04	-71.5413
133.12	-71.5413
133.2	-71.6038
133.28	-71.5413
133.36	-71.5725
133.44	-71.5413
133.52	-71.5413
133.6	-71.5725
133.68	-71.51
133.76	-71.51
133.84	-71.5413
133.92	-71.5413
134	-71.5413
134.08	-71.5413
134.16	-71.5725
134.24	-71.5413
134.32	-71.51
134.4	-71.5413
134.48	-71.6038
134.56	-71.5725
134.64	-71.51
134.72	-71.4475
134.8	-71.5413
134.88	-71.4788
134.96	-71.4788
135.04	-71.51
135.12	-71.4788
135.2	-71.51
135.28	-71.5413
135.36	-71.5725
135.44	-71.635
135.52	-71.4475
135.6	-71.4788
135.68	-71.4788
135.76	-71.51
135.84	-71.385
135.92	-71.5413
136	-71.5413
136.08	-71.5725
136.16	-71.5413
136.24	-71.5413
136.32	-71.5413
136.4	-71.4475
136.48	-71.4163
136.56	-71.51
136.64	-71.51
136.72	-71.5413
136.8	-71.4475
136.88	-71.4475
136.96	-71.5413
137.04	-71.4788
137.12	-71.51
137.2	-71.4788
137.28	-71.4788
137.36	-71.4475
137.44	-71.5725
137.52	-71.51
137.6	-71.5725
137.68	-71.5725
137.76	-71.5413
137.84	-71.5725
137.92	-71.51
138	-71.51
138.08	-71.6038
138.16	-71.5413
138.24	-71.51
138.32	-71.4163
138.4	-71.4475
138.48	-71.3538
138.56	-71.4475
138.64	-71.4163
138.72	-71.3538
138.8	-71.3225
138.88	-71.4163
138.96	-71.3538
139.04	-71.4163
139.12	-71.3225
139.2	-71.3225
139.28	-71.3538
139.36	-71.385
139.44	-71.385
139.52	-71.2913
139.6	-71.4163
139.68	-71.3538
139.76	-71.2913
139.84	-71.385
139.92	-71.3538
140	-71.26
140.08	-71.3225
140.16	-71.3225
140.24	-71.2913
140.32	-71.2288
140.4	-71.3225
140.48	-71.1975
140.56	-71.2288
140.64	-71.1975
140.72	-71.1975
140.8	-71.2288
140.88	-71.2913
140.96	-71.2288
141.04	-71.26
141.12	-71.1037
141.2	-71.1663
141.28	-71.2288
141.36	-71.1975
141.44	-71.2288
141.52	-71.2288
141.6	-71.1663
141.68	-71.2288
141.76	-71.2288
141.84	-71.26
141.92	-71.2288
142	-71.1037
142.08	-71.1663
142.16	-71.1037
142.24	-71.2288
142.32	-71.2288
142.4	-71.2288
142.48	-71.26
142.56	-71.1663
142.64	-71.0725
142.72	-71.1663
142.8	-71.1037
142.88	-71.1663
142.96	-71.0413
143.04	-71.1663
143.12	-71.1663
143.2	-71.0725
143.28	-71.1663
143.36	-71.2288
143.44	-71.2288
143.52	-71.2288
143.6	-71.2288
143.68	-71.2288
143.76	-71.2288
143.84	-71.1037
143.92	-71.1975
144	-71.26
144.08	-71.1663
144.16	-71.1663
144.24	-71.1037
144.32	-71.0725
144.4	-71.1663
144.48	-71.1037
144.56	-71.1663
144.64	-71.1663
144.72	-71.2288
144.8	-71.1975
144.88	-71.0413
144.96	-71.26
145.04	-71.1037
145.12	-71.1663
145.2	-71.1663
145.28	-71.1663
145.36	-71.1663
145.44	-71.1975
145.52	-71.2288
145.6	-71.1975
145.68	-71.1975
145.76	-71.1975
145.84	-71.26
145.92	-71.1975
146	-71.1975
146.08	-71.2288
146.16	-71.1663
146.24	-71.26
146.32	-71.26
146.4	-71.1663
146.48	-71.1663
146.56	-71.2288
146.64	-71.26
146.72	-71.2288
146.8	-71.1663
146.88	-71.1975
146.96	-71.1037
147.04	-71.1037
147.12	-71.0725
147.2	-71.1663
147.28	-71.1663
147.36	-71.1663
147.44	-71.1663
147.52	-71.1663
147.6	-71.2913
147.68	-71.1663
147.76	-71.2288
147.84	-71.1037
147.92	-71.1037
148	-71.1975
148.08	-71.1975
148.16	-71.1663
148.24	-71.1975
148.32	-71.1663
148.4	-71.1975
148.48	-71.1037
148.56	-71.1975
148.64	-71.1663
148.72	-71.26
148.8	-71.26
148.88	-71.1663
148.96	-71.2288
149.04	-71.1663
149.12	-71.1975
149.2	-71.1663
149.28	-71.1975
149.36	-71.1975
149.44	-71.1975
149.52	-71.1975
149.6	-71.1975
149.68	-71.1663
149.76	-71.2288
149.84	-71.2913
149.92	-71.26
150	-71.385
150.08	-71.1663
150.16	-71.26
150.24	-71.26
150.32	-71.2288
150.4	-71.26
150.48	-71.2913
150.56	-71.3538
150.64	-71.26
150.72	-71.26
150.8	-71.26
150.88	-71.2913
150.96	-71.26
151.04	-71.1037
151.12	-71.1663
151.2	-71.1663
151.28	-71.1037
151.36	-71.26
151.44	-71.1975
151.52	-71.1975
151.6	-71.2288
151.68	-71.2913
151.76	-71.3225
151.84	-71.1663
151.92	-71.1663
152	-71.26
152.08	-71.1975
152.16	-71.2288
152.24	-71.1663
152.32	-71.1975
152.4	-71.3538
152.48	-71.2913
152.56	-71.1975
152.64	-71.1975
152.72	-71.26
152.8	-71.2913
152.88	-71.2913
152.96	-71.26
153.04	-71.1975
153.12	-71.26
153.2	-71.26
153.28	-71.2288
153.36	-71.3225
153.44	-71.26
153.52	-71.2288
153.6	-71.26
153.68	-71.3225
153.76	-71.1975
153.84	-71.26
153.92	-71.2913
154	-71.3225
154.08	-71.2288
154.16	-71.26
154.24	-71.26
154.32	-71.1975
154.4	-71.3225
154.48	-71.2913
154.56	-71.26
154.64	-71.2913
154.72	-71.2913
154.8	-71.2913
154.88	-71.26
154.96	-71.2288
155.04	-71.3225
155.12	-71.3225
155.2	-71.3225
155.28	-71.2913
155.36	-71.26
155.44	-71.1975
155.52	-71.2288
155.6	-71.3225
155.68	-71.26
155.76	-71.26
155.84	-71.26
155.92	-71.4163
156	-71.3225
156.08	-71.3225
156.16	-71.3538
156.24	-71.4163
156.32	-71.4475
156.4	-71.4163
156.48	-71.3225
156.56	-71.3538
156.64	-71.385
156.72	-71.385
156.8	-71.2913
156.88	-71.3225
156.96	-71.385
157.04	-71.4163
157.12	-71.3538
157.2	-71.3538
157.28	-71.4163
157.36	-71.4163
157.44	-71.3538
157.52	-71.4163
157.6	-71.2913
157.68	-71.26
157.76	-71.2913
157.84	-71.2913
157.92	-71.385
158	-71.26
158.08	-71.26
158.16	-71.3225
158.24	-71.3225
158.32	-71.3225
158.4	-71.1975
158.48	-71.3225
158.56	-71.2913
158.64	-71.26
158.72	-71.26
158.8	-71.1975
158.88	-71.2913
158.96	-71.3225
159.04	-71.2913
159.12	-71.2913
159.2	-71.3225
159.28	-71.3225
159.36	-71.3538
159.44	-71.3538
159.52	-71.3225
159.6	-71.2288
159.68	-71.26
159.76	-71.2913
159.84	-71.3225
159.92	-71.2913
160	-71.2913
160.08	-71.385
160.16	-71.3538
160.24	-71.2288
160.32	-71.1975
160.4	-71.26
160.48	-71.3225
160.56	-71.2913
160.64	-71.385
160.72	-71.4475
160.8	-71.385
160.88	-71.4163
160.96	-71.3538
161.04	-71.3538
161.12	-71.385
161.2	-71.2288
161.28	-71.3538
161.36	-71.385
161.44	-71.3225
161.52	-71.3538
161.6	-71.385
161.68	-71.3225
161.76	-71.3538
161.84	-71.2913
161.92	-71.3538
162	-71.385
162.08	-71.2288
162.16	-71.3538
162.24	-71.3538
162.32	-71.3538
162.4	-71.3225
162.48	-71.4475
162.56	-71.2913
162.64	-71.3538
162.72	-71.3225
162.8	-71.3225
162.88	-71.385
162.96	-71.4163
163.04	-71.4163
163.12	-71.385
163.2	-71.3225
163.28	-71.385
163.36	-71.3538
163.44	-71.26
163.52	-71.3225
163.6	-71.3225
163.68	-71.3225
163.76	-71.385
163.84	-71.3538
163.92	-71.3225
164	-71.26
164.08	-71.385
164.16	-71.4163
164.24	-71.2913
164.32	-71.3225
164.4	-71.3225
164.48	-71.3225
164.56	-71.4475
164.64	-71.3225
164.72	-71.3538
164.8	-71.2913
164.88	-71.2288
164.96	-71.3538
165.04	-71.3225
165.12	-71.2913
165.2	-71.2913
165.28	-71.4163
165.36	-71.4163
165.44	-71.2913
165.52	-71.3538
165.6	-71.3538
165.68	-71.4163
165.76	-71.3538
165.84	-71.3225
165.92	-71.3538
166	-71.3225
166.08	-71.385
166.16	-71.3538
166.24	-71.2913
166.32	-71.385
166.4	-71.4163
166.48	-71.3225
166.56	-71.4788
166.64	-71.4788
166.72	-71.385
166.8	-71.4163
166.88	-71.4475
166.96	-71.4163
167.04	-71.3538
167.12	-71.4788
167.2	-71.4163
167.28	-71.4163
167.36	-71.4475
167.44	-71.4163
167.52	-71.4475
167.6	-71.385
167.68	-71.3538
167.76	-71.385
167.84	-71.4475
167.92	-71.385
168	-71.385
168.08	-71.4163
168.16	-71.4163
168.24	-71.4163
168.32	-71.385
168.4	-71.3538
168.48	-71.4788
168.56	-71.4788
168.64	-71.385
168.72	-71.4788
168.8	-71.3538
168.88	-71.4475
168.96	-71.385
169.04	-71.4475
169.12	-71.4788
169.2	-71.4163
169.28	-71.385
169.36	-71.4475
169.44	-71.385
169.52	-71.4163
169.6	-71.385
169.68	-71.3538
169.76	-71.4163
169.84	-71.3225
169.92	-71.3538
170	-71.4163
170.08	-71.4788
170.16	-71.385
170.24	-71.3538
170.32	-71.4475
170.4	-71.385
170.48	-71.3538
170.56	-71.385
170.64	-71.4788
170.72	-71.4788
170.8	-71.4163
170.88	-71.4163
170.96	-71.4475
171.04	-71.385
171.12	-71.385
171.2	-71.385
171.28	-71.51
171.36	-71.3538
171.44	-71.3225
171.52	-71.3538
171.6	-71.3225
171.68	-71.385
171.76	-71.385
171.84	-71.2913
171.92	-71.385
172	-71.3225
172.08	-71.4163
172.16	-71.3225
172.24	-71.3225
172.32	-71.3225
172.4	-71.3538
172.48	-71.3538
172.56	-71.4163
172.64	-71.3538
172.72	-71.4475
172.8	-71.4163
172.88	-71.4475
172.96	-71.5413
173.04	-71.4788
173.12	-71.4475
173.2	-71.4475
173.28	-71.4475
173.36	-71.4475
173.44	-71.385
173.52	-71.4788
173.6	-71.4163
173.68	-71.4475
173.76	-71.385
173.84	-71.5413
173.92	-71.4475
174	-71.4788
174.08	-71.5413
174.16	-71.4788
174.24	-71.4475
174.32	-71.385
174.4	-71.4788
174.48	-71.4163
174.56	-71.385
174.64	-71.3225
174.72	-71.4163
174.8	-71.4475
174.88	-71.4163
174.96	-71.385
175.04	-71.4475
175.12	-71.3225
175.2	-71.4475
175.28	-71.385
175.36	-71.385
175.44	-71.385
175.52	-71.4163
175.6	-71.4475
175.68	-71.4788
175.76	-71.4163
175.84	-71.3538
175.92	-71.385
176	-71.385
176.08	-71.3225
176.16	-71.2913
176.24	-71.385
176.32	-71.2913
176.4	-71.3225
176.48	-71.4475
176.56	-71.4163
176.64	-71.385
176.72	-71.5413
176.8	-71.4163
176.88	-71.4475
176.96	-71.385
177.04	-71.4475
177.12	-71.5413
177.2	-71.4788
177.28	-71.4163
177.36	-71.385
177.44	-71.4475
177.52	-71.4163
177.6	-71.4788
177.68	-71.4163
177.76	-71.4475
177.84	-71.4163
177.92	-71.4163
178	-71.4475
178.08	-71.4788
178.16	-71.4788
178.24	-71.4163
178.32	-71.51
178.4	-71.51
178.48	-71.4788
178.56	-71.4788
178.64	-71.4475
178.72	-71.5725
178.8	-71.4788
178.88	-71.4475
178.96	-71.4163
179.04	-71.51
179.12	-71.4163
179.2	-71.4788
179.28	-71.4788
179.36	-71.51
179.44	-71.4163
179.52	-71.385
179.6	-71.4475
179.68	-71.385
179.76	-71.4788
179.84	-71.4475
179.92	-71.4475
180	-71.4475
180.08	-71.4475
180.16	-71.385
180.24	-71.385
180.32	-71.3538
180.4	-71.4163
180.48	-71.4163
180.56	-71.4788
180.64	-71.4475
180.72	-71.51
180.8	-71.385
180.88	-71.4475
180.96	-71.385
181.04	-71.4163
181.12	-71.4475
181.2	-71.4163
181.28	-71.3225
181.36	-71.385
181.44	-71.4475
181.52	-71.4163
181.6	-71.385
181.68	-71.385
181.76	-71.4788
181.84	-71.385
181.92	-71.385
182	-71.4475
182.08	-71.4788
182.16	-71.4163
182.24	-71.4475
182.32	-71.51
182.4	-71.4163
182.48	-71.4475
182.56	-71.4788
182.64	-71.4788
182.72	-71.4163
182.8	-71.4788
182.88	-71.4788
182.96	-71.4163
183.04	-71.51
183.12	-71.4788
183.2	-71.4475
183.28	-71.4788
183.36	-71.4788
183.44	-71.4788
183.52	-71.4788
183.6	-71.4475
183.68	-71.385
183.76	-71.4788
183.84	-71.51
183.92	-71.4788
184	-71.5413
184.08	-71.51
184.16	-71.5413
184.24	-71.51
184.32	-71.51
184.4	-71.4163
184.48	-71.51
184.56	-71.4788
184.64	-71.4788
184.72	-71.51
184.8	-71.5725
184.88	-71.51
184.96	-71.4475
185.04	-71.4163
185.12	-71.51
185.2	-71.4788
185.28	-71.5413
185.36	-71.51
185.44	-71.4788
185.52	-71.4475
185.6	-71.51
185.68	-71.4475
185.76	-71.4788
185.84	-71.4475
185.92	-71.51
186	-71.4163
186.08	-71.4475
186.16	-71.4475
186.24	-71.4788
186.32	-71.4788
186.4	-71.5725
186.48	-71.51
186.56	-71.4163
186.64	-71.4788
186.72	-71.4788
186.8	-71.4475
186.88	-71.51
186.96	-71.4788
187.04	-71.4788
187.12	-71.4475
187.2	-71.4163
187.28	-71.4163
187.36	-71.4475
187.44	-71.385
187.52	-71.51
187.6	-71.4788
187.68	-71.4475
187.76	-71.3538
187.84	-71.4163
187.92	-71.4475
188	-71.51
188.08	-71.4475
188.16	-71.4163
188.24	-71.385
188.32	-71.4163
188.4	-71.4163
188.48	-71.4475
188.56	-71.4475
188.64	-71.4475
188.72	-71.4475
188.8	-71.4163
188.88	-71.4788
188.96	-71.51
189.04	-71.385
189.12	-71.4163
189.2	-71.4788
189.28	-71.4163
189.36	-71.51
189.44	-71.51
189.52	-71.4788
189.6	-71.51
189.68	-71.4475
189.76	-71.5725
189.84	-71.5413
189.92	-71.5725
190	-71.51
190.08	-71.51
190.16	-71.6038
190.24	-71.51
190.32	-71.51
190.4	-71.4163
190.48	-71.5413
190.56	-71.4475
190.64	-71.4475
190.72	-71.4475
190.8	-71.4163
190.88	-71.4788
190.96	-71.51
191.04	-71.4788
191.12	-71.5725
191.2	-71.4788
191.28	-71.4475
191.36	-71.4788
191.44	-71.4788
191.52	-71.4163
191.6	-71.4163
191.68	-71.385
191.76	-71.3538
191.84	-71.3538
191.92	-71.4788
192	-71.3538
192.08	-71.4475
192.16	-71.3225
192.24	-71.4475
192.32	-71.4475
192.4	-71.4788
192.48	-71.4475
192.56	-71.4788
192.64	-71.51
192.72	-71.4475
192.8	-71.51
192.88	-71.5413
192.96	-71.4788
193.04	-71.4788
193.12	-71.4788
193.2	-71.4475
193.28	-71.4475
193.36	-71.4163
193.44	-71.4788
193.52	-71.4163
193.6	-71.385
193.68	-71.4163
193.76	-71.385
193.84	-71.4475
193.92	-71.4163
194	-71.4475
194.08	-71.385
194.16	-71.4163
194.24	-71.4163
194.32	-71.4475
194.4	-71.4163
194.48	-71.4163
194.56	-71.4475
194.64	-71.4163
194.72	-71.3538
194.8	-71.51
194.88	-71.385
194.96	-71.4475
195.04	-71.5413
195.12	-71.4163
195.2	-71.51
195.28	-71.4163
195.36	-71.4163
195.44	-71.4475
195.52	-71.385
195.6	-71.4788
195.68	-71.4788
195.76	-71.51
195.84	-71.4475
195.92	-71.4163
196	-71.4163
196.08	-71.4788
196.16	-71.4163
196.24	-71.4475
196.32	-71.4788
196.4	-71.51
196.48	-71.51
196.56	-71.4163
196.64	-71.51
196.72	-71.51
196.8	-71.4788
196.88	-71.4475
196.96	-71.4788
197.04	-71.3225
197.12	-71.3538
197.2	-71.385
197.28	-71.4475
197.36	-71.3225
197.44	-71.3538
197.52	-71.385
197.6	-71.385
197.68	-71.4163
197.76	-71.4788
197.84	-71.4163
197.92	-71.4475
198	-71.4163
198.08	-71.51
198.16	-71.4163
198.24	-71.4163
198.32	-71.4788
198.4	-71.4163
198.48	-71.4163
198.56	-71.4163
198.64	-71.4788
198.72	-71.4475
198.8	-71.4475
198.88	-71.4163
198.96	-71.4163
199.04	-71.4163
199.12	-71.4475
199.2	-71.5413
199.28	-71.4475
199.36	-71.4475
199.44	-71.385
199.52	-71.4475
199.6	-71.385
199.68	-71.4163
199.76	-71.4163
199.84	-71.4788
199.92	-71.4475
200	-71.4475
200.08	-71.4163
200.16	-71.4475
200.24	-71.4788
200.32	-71.4475
200.4	-71.51
200.48	-71.4788
200.56	-71.5413
200.64	-71.4788
200.72	-71.6038
200.8	-71.51
200.88	-71.4163
200.96	-71.4788
201.04	-71.4788
201.12	-71.4475
201.2	-71.4475
201.28	-71.51
201.36	-71.51
201.44	-71.4788
201.52	-71.4475
201.6	-71.5413
201.68	-71.4475
201.76	-71.4788
201.84	-71.4163
201.92	-71.4475
202	-71.4475
202.08	-71.4475
202.16	-71.51
202.24	-71.4475
202.32	-71.4475
202.4	-71.4788
202.48	-71.51
202.56	-71.4475
202.64	-71.4475
202.72	-71.4163
202.8	-71.4475
202.88	-71.4163
202.96	-71.3225
203.04	-71.385
203.12	-71.4475
203.2	-71.4788
203.28	-71.3225
203.36	-71.4163
203.44	-71.385
203.52	-71.51
203.6	-71.51
203.68	-71.4163
203.76	-71.4163
203.84	-71.385
203.92	-71.4475
204	-71.4475
204.08	-71.4475
204.16	-71.385
204.24	-71.4163
204.32	-71.385
204.4	-71.4788
204.48	-71.4163
204.56	-71.4475
204.64	-71.51
204.72	-71.4788
204.8	-71.4788
204.88	-71.3225
204.96	-71.3538
205.04	-71.3225
205.12	-71.4163
205.2	-71.4163
205.28	-71.4475
205.36	-71.4475
205.44	-71.4788
205.52	-71.51
205.6	-71.385
205.68	-71.4475
205.76	-71.4475
205.84	-71.4475
205.92	-71.385
206	-71.4475
206.08	-71.385
206.16	-71.4475
206.24	-71.4163
206.32	-71.4475
206.4	-71.4475
206.48	-71.4788
206.56	-71.4788
206.64	-71.4788
206.72	-71.385
206.8	-71.4163
206.88	-71.4475
206.96	-71.385
207.04	-71.4475
207.12	-71.385
207.2	-71.385
207.28	-71.4788
207.36	-71.4475
207.44	-71.4788
207.52	-71.3225
207.6	-71.385
207.68	-71.4163
207.76	-71.4163
207.84	-71.4163
207.92	-71.3538
208	-71.4475
208.08	-71.4475
208.16	-71.4163
208.24	-71.4475
208.32	-71.3225
208.4	-71.4163
208.48	-71.4788
208.56	-71.4475
208.64	-71.385
208.72	-71.3538
208.8	-71.385
208.88	-71.4475
208.96	-71.4475
209.04	-71.385
209.12	-71.3538
209.2	-71.3225
209.28	-71.4163
209.36	-71.4163
209.44	-71.4475
209.52	-71.385
209.6	-71.4788
209.68	-71.4788
209.76	-71.4163
209.84	-71.385
209.92	-71.385
210	-71.4163
210.08	-71.4788
210.16	-71.4163
210.24	-71.4788
210.32	-71.4163
210.4	-71.385
210.48	-71.4788
210.56	-71.4475
210.64	-71.4163
210.72	-71.4788
210.8	-71.4475
210.88	-71.4163
210.96	-71.4163
211.04	-71.385
211.12	-71.2913
211.2	-71.4163
211.28	-71.4163
211.36	-71.3538
211.44	-71.385
211.52	-71.4163
211.6	-71.385
211.68	-71.385
211.76	-71.385
211.84	-71.4788
211.92	-71.4163
212	-71.4475
212.08	-71.4475
212.16	-71.4475
212.24	-71.4163
212.32	-71.3538
212.4	-71.2913
212.48	-71.3538
212.56	-71.4475
212.64	-71.3225
212.72	-71.4163
212.8	-71.4475
212.88	-71.51
212.96	-71.4163
213.04	-71.4788
213.12	-71.385
213.2	-71.5413
213.28	-71.4163
213.36	-71.3538
213.44	-71.4788
213.52	-71.4163
213.6	-71.4788
213.68	-71.4788
213.76	-71.51
213.84	-71.4788
213.92	-71.51
214	-71.4788
214.08	-71.51
214.16	-71.4475
214.24	-71.4475
214.32	-71.4788
214.4	-71.4475
214.48	-71.385
214.56	-71.385
214.64	-71.4163
214.72	-71.2913
214.8	-71.4163
214.88	-71.4163
214.96	-71.4228
215.04	-71.4228
215.12	-71.4228
215.2	-71.4228
215.28	-71.4228
215.36	-71.1875
215.44	-71.1562
215.52	-71.1562
215.6	-71.0938
215.68	-71.125
215.76	-71.1562
215.84	-71.125
215.92	-71.2188
216	-71.1562
216.08	-71.0625
216.16	-71.0625
216.24	-71.0625
216.32	-71.0938
216.4	-71.125
216.48	-71.0938
216.56	-71.0313
216.64	-71.0313
216.72	-71.0313
216.8	-71.0313
216.88	-71.0938
216.96	-71.0313
217.04	-71.0313
217.12	-70.9687
217.2	-70.9063
217.28	-70.875
217.36	-70.9063
217.44	-70.875
217.52	-70.9063
217.6	-70.875
217.68	-70.9063
217.76	-70.9063
217.84	-70.9063
217.92	-70.9063
218	-70.8125
218.08	-70.8125
218.16	-70.9063
218.24	-70.875
218.32	-70.875
218.4	-70.7813
218.48	-70.8125
218.56	-70.75
218.64	-70.7188
218.72	-70.8125
218.8	-70.75
218.88	-70.6875
218.96	-70.7813
219.04	-70.7188
219.12	-70.75
219.2	-70.7188
219.28	-70.7188
219.36	-70.6875
219.44	-70.7188
219.52	-70.6562
219.6	-70.7188
219.68	-70.625
219.76	-70.7188
219.84	-70.6875
219.92	-70.625
220	-70.5625
220.08	-70.6562
220.16	-70.5625
220.24	-70.5938
220.32	-70.5625
220.4	-70.5938
220.48	-70.5938
220.56	-70.5312
220.64	-70.5625
220.72	-70.5
220.8	-70.5625
220.88	-70.5625
220.96	-70.5938
221.04	-70.5312
221.12	-70.5938
221.2	-70.5312
221.28	-70.5312
221.36	-70.5
221.44	-70.5625
221.52	-70.5938
221.6	-70.5312
221.68	-70.5625
221.76	-70.5
221.84	-70.5312
221.92	-70.5312
222	-70.5
222.08	-70.4688
222.16	-70.4688
222.24	-70.4375
222.32	-70.4375
222.4	-70.4688
222.48	-70.4375
222.56	-70.4063
222.64	-70.4375
222.72	-70.4688
222.8	-70.4688
222.88	-70.4688
222.96	-70.4063
223.04	-70.4688
223.12	-70.5
223.2	-70.5
223.28	-70.5
223.36	-70.4063
223.44	-70.4063
223.52	-70.4063
223.6	-70.4375
223.68	-70.3437
223.76	-70.4688
223.84	-70.375
223.92	-70.4063
224	-70.4063
224.08	-70.375
224.16	-70.3437
224.24	-70.3125
224.32	-70.375
224.4	-70.2813
224.48	-70.3437
224.56	-70.3437
224.64	-70.3125
224.72	-70.2813
224.8	-70.2813
224.88	-70.1562
224.96	-70.1562
225.04	-70.1562
225.12	-70.1875
225.2	-70.1562
225.28	-70.1562
225.36	-70.0938
225.44	-70.2187
225.52	-70.0938
225.6	-70.1875
225.68	-70.1562
225.76	-70.2187
225.84	-70.1875
225.92	-70.1562
226	-70.1875
226.08	-70.1562
226.16	-70.1562
226.24	-70.0312
226.32	-70.0938
226.4	-70.125
226.48	-70.1875
226.56	-70.1562
226.64	-70.0625
226.72	-70.1562
226.8	-70.125
226.88	-70.125
226.96	-70.0625
227.04	-70
227.12	-70.0625
227.2	-70.0625
227.28	-70.0312
227.36	-70.0312
227.44	-70.0625
227.52	-70.0312
227.6	-70.0312
227.68	-70
227.76	-70
227.84	-69.9688
227.92	-69.8125
228	-69.9688
228.08	-69.9062
228.16	-69.9375
228.24	-69.8125
228.32	-69.8437
228.4	-69.8125
228.48	-69.8125
228.56	-69.875
228.64	-69.9375
228.72	-69.9062
228.8	-69.875
228.88	-69.9375
228.96	-69.8437
229.04	-69.8125
229.12	-69.75
229.2	-69.7813
229.28	-69.75
229.36	-69.8437
229.44	-69.8125
229.52	-69.8437
229.6	-69.875
229.68	-69.875
229.76	-69.75
229.84	-69.7187
229.92	-69.7813
230	-69.8125
230.08	-69.75
230.16	-69.7813
230.24	-69.7813
230.32	-69.7813
230.4	-69.8125
230.48	-69.7813
230.56	-69.8125
230.64	-69.7813
230.72	-69.625
230.8	-69.6875
230.88	-69.6875
230.96	-69.7187
231.04	-69.7187
231.12	-69.6875
231.2	-69.6875
231.28	-69.6875
231.36	-69.6563
231.44	-69.625
231.52	-69.625
231.6	-69.6875
231.68	-69.6563
231.76	-69.5937
231.84	-69.5937
231.92	-69.6563
232	-69.7187
232.08	-69.6875
232.16	-69.6875
232.24	-69.6563
232.32	-69.625
232.4	-69.5937
232.48	-69.625
232.56	-69.625
232.64	-69.5937
232.72	-69.625
232.8	-69.5312
232.88	-69.625
232.96	-69.625
233.04	-69.625
233.12	-69.5937
233.2	-69.625
233.28	-69.5937
233.36	-69.6563
233.44	-69.5312
233.52	-69.6875
233.6	-69.5312
233.68	-69.6563
233.76	-69.625
233.84	-69.625
233.92	-69.5937
234	-69.5937
234.08	-69.5312
234.16	-69.5
234.24	-69.4688
234.32	-69.5312
234.4	-69.6563
234.48	-69.5937
234.56	-69.5
234.64	-69.5312
234.72	-69.5
234.8	-69.5
234.88	-69.5312
234.96	-69.5312
235.04	-69.5
235.12	-69.5
235.2	-69.4688
235.28	-69.4688
235.36	-69.4688
235.44	-69.4062
235.52	-69.4375
235.6	-69.4688
235.68	-69.3438
235.76	-69.4688
235.84	-69.5
235.92	-69.4375
236	-69.5
236.08	-69.4688
236.16	-69.5
236.24	-69.4062
236.32	-69.4688
236.4	-69.4062
236.48	-69.4375
236.56	-69.4062
236.64	-69.4375
236.72	-69.4375
236.8	-69.4062
236.88	-69.4688
236.96	-69.375
237.04	-69.4375
237.12	-69.4375
237.2	-69.4375
237.28	-69.375
237.36	-69.4062
237.44	-69.375
237.52	-69.375
237.6	-69.3438
237.68	-69.3438
237.76	-69.4062
237.84	-69.4062
237.92	-69.4062
238	-69.4062
238.08	-69.3125
238.16	-69.3438
238.24	-69.375
238.32	-69.3438
238.4	-69.3438
238.48	-69.25
238.56	-69.375
238.64	-69.3125
238.72	-69.3438
238.8	-69.2813
238.88	-69.375
238.96	-69.3125
239.04	-69.3125
239.12	-69.3125
239.2	-69.3125
239.28	-69.2813
239.36	-69.2813
239.44	-69.2813
239.52	-69.2813
239.6	-69.2187
239.68	-69.25
239.76	-69.2813
239.84	-69.3125
239.92	-69.375
240	-69.4062
240.08	-69.375
240.16	-69.3438
240.24	-69.3125
240.32	-69.25
240.4	-69.3125
240.48	-69.2813
240.56	-69.25
240.64	-69.3125
240.72	-69.2813
240.8	-69.3125
240.88	-69.25
240.96	-69.1875
241.04	-69.2187
241.12	-69.2187
241.2	-69.1875
241.28	-69.2813
241.36	-69.3125
241.44	-69.3125
241.52	-69.25
241.6	-69.25
241.68	-69.25
241.76	-69.1875
241.84	-69.1563
241.92	-69.25
242	-69.2187
242.08	-69.1875
242.16	-69.0937
242.24	-69.1875
242.32	-69.2187
242.4	-69.25
242.48	-69.25
242.56	-69.2187
242.64	-69.1875
242.72	-69.1563
242.8	-69.25
242.88	-69.1563
242.96	-69.1875
243.04	-69.0937
243.12	-69.0937
243.2	-69.1563
243.28	-69.1875
243.36	-69.1563
243.44	-69.125
243.52	-69.1875
243.6	-69.1563
243.68	-69.0937
243.76	-69.125
243.84	-69.1875
243.92	-69.1563
244	-69.2187
244.08	-69.125
244.16	-69.125
244.24	-69.125
244.32	-69.125
244.4	-69.0625
244.48	-69.1563
244.56	-69.25
244.64	-69.0313
244.72	-69.0937
244.8	-69.1563
244.88	-69.125
244.96	-69.1563
245.04	-69.1875
245.12	-69.125
245.2	-69.1563
245.28	-69.125
245.36	-69.125
245.44	-69.1563
245.52	-69.1875
245.6	-69.0625
245.68	-69.1563
245.76	-69.125
245.84	-69.125
245.92	-69.0625
246	-69.0937
246.08	-69.125
246.16	-69.125
246.24	-69.1563
246.32	-69.0313
246.4	-69.0937
246.48	-69.0625
246.56	-69
246.64	-69.0625
246.72	-69.1563
246.8	-69.0937
246.88	-69.0313
246.96	-69.0625
247.04	-69.125
247.12	-69.0625
247.2	-69.0625
247.28	-69.125
247.36	-69.0937
247.44	-69.0625
247.52	-69.0625
247.6	-69.0937
247.68	-69.0625
247.76	-68.9688
247.84	-69.0625
247.92	-69.0313
248	-69.0625
248.08	-69.0313
248.16	-69.0625
248.24	-69.0625
248.32	-69
248.4	-68.9688
248.48	-69
248.56	-69
248.64	-68.9062
248.72	-68.9688
248.8	-68.9688
248.88	-69
248.96	-69.0313
249.04	-69.0313
249.12	-69.0313
249.2	-69.0313
249.28	-69
249.36	-68.9688
249.44	-69
249.52	-69.0625
249.6	-69.0313
249.68	-69
249.76	-69.0625
249.84	-68.9688
249.92	-69
250	-69
250.08	-69.0313
250.16	-69.0937
250.24	-69
250.32	-69
250.4	-68.9688
250.48	-69
250.56	-68.9688
250.64	-68.9688
250.72	-69.0625
250.8	-69
250.88	-68.9688
250.96	-68.9688
251.04	-68.9688
251.12	-69
251.2	-69.0313
251.28	-68.9688
251.36	-69.0937
251.44	-69
251.52	-69.0313
251.6	-68.9688
251.68	-69.0313
251.76	-68.9375
251.84	-69
251.92	-68.9375
252	-68.8438
252.08	-69.0625
252.16	-68.9062
252.24	-69
252.32	-68.9688
252.4	-68.8125
252.48	-68.9375
252.56	-68.9062
252.64	-68.8438
252.72	-69
252.8	-68.9062
252.88	-68.9375
252.96	-68.9375
253.04	-68.9375
253.12	-68.9688
253.2	-69
253.28	-68.9688
253.36	-68.8125
253.44	-68.8438
253.52	-68.8438
253.6	-68.8438
253.68	-68.8438
253.76	-68.8125
253.84	-68.8125
253.92	-68.9062
254	-68.8125
254.08	-68.9375
254.16	-68.9062
254.24	-68.8438
254.32	-68.7812
254.4	-68.8125
254.48	-68.8125
254.56	-68.8125
254.64	-68.8125
254.72	-68.8125
254.8	-68.8438
254.88	-68.7812
254.96	-68.7812
255.04	-68.8125
255.12	-68.9062
255.2	-68.8125
255.28	-68.8438
255.36	-68.8125
255.44	-68.7812
255.52	-68.8438
255.6	-68.7812
255.68	-68.7187
255.76	-68.7812
255.84	-68.7812
255.92	-68.7812
256	-68.7812
256.08	-68.75
256.16	-68.8438
256.24	-68.8125
256.32	-68.8125
256.4	-68.8438
256.48	-68.9062
256.56	-68.9375
256.64	-68.8438
256.72	-68.9062
256.8	-68.9688
256.88	-68.8438
256.96	-68.9062
257.04	-68.8125
257.12	-68.8125
257.2	-68.8125
257.28	-68.75
257.36	-68.7812
257.44	-68.9062
257.52	-68.9688
257.6	-68.8125
257.68	-68.7187
257.76	-68.7187
257.84	-68.7812
257.92	-68.7812
258	-68.75
258.08	-68.6875
258.16	-68.75
258.24	-68.7812
258.32	-68.7812
258.4	-68.75
258.48	-68.6875
258.56	-68.7187
258.64	-68.6875
258.72	-68.6563
258.8	-68.7187
258.88	-68.625
258.96	-68.7187
259.04	-68.75
259.12	-68.75
259.2	-68.75
259.28	-68.6563
259.36	-68.75
259.44	-68.7187
259.52	-68.7187
259.6	-68.7187
259.68	-68.8125
259.76	-68.75
259.84	-68.6875
259.92	-68.75
260	-68.6563
260.08	-68.75
260.16	-68.5937
260.24	-68.6563
260.32	-68.7812
260.4	-68.7812
260.48	-68.6875
260.56	-68.6875
260.64	-68.7187
260.72	-68.6563
260.8	-68.7187
260.88	-68.6563
260.96	-68.7812
261.04	-68.7187
261.12	-68.7187
261.2	-68.7187
261.28	-68.75
261.36	-68.7187
261.44	-68.6563
261.52	-68.625
261.6	-68.7187
261.68	-68.75
261.76	-68.75
261.84	-68.75
261.92	-68.8438
262	-68.6563
262.08	-68.7187
262.16	-68.625
262.24	-68.6563
262.32	-68.6875
262.4	-68.7187
262.48	-68.5937
262.56	-68.7187
262.64	-68.6563
262.72	-68.8125
262.8	-68.7812
262.88	-68.6875
262.96	-68.7187
263.04	-68.6875
263.12	-68.625
263.2	-68.75
263.28	-68.7812
263.36	-68.6875
263.44	-68.5937
263.52	-68.5937
263.6	-68.6563
263.68	-68.6563
263.76	-68.6563
263.84	-68.6563
263.92	-68.6563
264	-68.6563
264.08	-68.625
264.16	-68.5625
264.24	-68.6563
264.32	-68.6875
264.4	-68.6563
264.48	-68.5937
264.56	-68.75
264.64	-68.6563
264.72	-68.7187
264.8	-68.5937
264.88	-68.6563
264.96	-68.7187
265.04	-68.6563
265.12	-68.5625
265.2	-68.6875
265.28	-68.5937
265.36	-68.5937
265.44	-68.5937
265.52	-68.5937
265.6	-68.5937
265.68	-68.5937
265.76	-68.6875
265.84	-68.6563
265.92	-68.625
266	-68.6875
266.08	-68.5937
266.16	-68.625
266.24	-68.5313
266.32	-68.5937
266.4	-68.625
266.48	-68.625
266.56	-68.6875
266.64	-68.5937
266.72	-68.6563
266.8	-68.6875
266.88	-68.7187
266.96	-68.6563
267.04	-68.75
267.12	-68.6875
267.2	-68.75
267.28	-68.6875
267.36	-68.625
267.44	-68.6563
267.52	-68.5625
267.6	-68.5
267.68	-68.5937
267.76	-68.5625
267.84	-68.625
267.92	-68.7187
268	-68.625
268.08	-68.625
268.16	-68.625
268.24	-68.5937
268.32	-68.5625
268.4	-68.5625
268.48	-68.5625
268.56	-68.5937
268.64	-68.5937
268.72	-68.5937
268.8	-68.5625
268.88	-68.625
268.96	-68.6563
269.04	-68.625
269.12	-68.6563
269.2	-68.6563
269.28	-68.5937
269.36	-68.5937
269.44	-68.625
269.52	-68.5937
269.6	-68.5937
269.68	-68.5937
269.76	-68.625
269.84	-68.625
269.92	-68.5313
270	-68.5625
270.08	-68.5937
270.16	-68.5937
270.24	-68.5
270.32	-68.5625
270.4	-68.5625
270.48	-68.5625
270.56	-68.5313
270.64	-68.6563
270.72	-68.5625
270.8	-68.6563
270.88	-68.5
270.96	-68.6563
271.04	-68.5625
271.12	-68.5313
271.2	-68.4375
271.28	-68.4687
271.36	-68.5625
271.44	-68.5313
271.52	-68.5937
271.6	-68.5625
271.68	-68.5625
271.76	-68.5313
271.84	-68.5625
271.92	-68.5
272	-68.5625
272.08	-68.5
272.16	-68.4687
272.24	-68.625
272.32	-68.5937
272.4	-68.5937
272.48	-68.625
272.56	-68.6563
272.64	-68.5313
272.72	-68.625
272.8	-68.5937
272.88	-68.6563
272.96	-68.5313
273.04	-68.5313
273.12	-68.5937
273.2	-68.6563
273.28	-68.5937
273.36	-68.6563
273.44	-68.5313
273.52	-68.5937
273.6	-68.5
273.68	-68.5
273.76	-68.5313
273.84	-68.5937
273.92	-68.5313
274	-68.5313
274.08	-68.5
274.16	-68.5937
274.24	-68.5625
274.32	-68.5937
274.4	-68.5
274.48	-68.5625
274.56	-68.6563
274.64	-68.5937
274.72	-68.5313
274.8	-68.5625
274.88	-68.5625
274.96	-68.5625
275.04	-68.5313
275.12	-68.5
275.2	-68.4375
275.28	-68.4062
275.36	-68.5
275.44	-68.5
275.52	-68.5
275.6	-68.5
275.68	-68.5313
275.76	-68.4687
275.84	-68.5
275.92	-68.5937
276	-68.5313
276.08	-68.5313
276.16	-68.5
276.24	-68.5937
276.32	-68.5625
276.4	-68.5
276.48	-68.5313
276.56	-68.5937
276.64	-68.4687
276.72	-68.5313
276.8	-68.5313
276.88	-68.4687
276.96	-68.5625
277.04	-68.625
277.12	-68.5625
277.2	-68.5313
277.28	-68.5937
277.36	-68.5937
277.44	-68.5313
277.52	-68.5313
277.6	-68.5313
277.68	-68.5
277.76	-68.5
277.84	-68.5
277.92	-68.5313
278	-68.5
278.08	-68.5
278.16	-68.4375
278.24	-68.5313
278.32	-68.5625
278.4	-68.5
278.48	-68.5625
278.56	-68.5937
278.64	-68.5313
278.72	-68.5
278.8	-68.5625
278.88	-68.5
278.96	-68.5625
279.04	-68.4687
279.12	-68.5625
279.2	-68.625
279.28	-68.5625
279.36	-68.5313
279.44	-68.5625
279.52	-68.5937
279.6	-68.5
279.68	-68.5313
279.76	-68.5625
279.84	-68.5
279.92	-68.5937
280	-68.5
280.08	-68.5313
280.16	-68.5313
280.24	-68.5937
280.32	-68.5625
280.4	-68.4062
280.48	-68.5313
280.56	-68.5313
280.64	-68.5937
280.72	-68.5625
280.8	-68.5
280.88	-68.5313
280.96	-68.5313
281.04	-68.5313
281.12	-68.5
281.2	-68.375
281.28	-68.4375
281.36	-68.5
281.44	-68.5
281.52	-68.4687
281.6	-68.5
281.68	-68.5313
281.76	-68.4062
281.84	-68.4687
281.92	-68.4687
282	-68.4062
282.08	-68.4375
282.16	-68.4687
282.24	-68.4687
282.32	-68.4687
282.4	-68.4687
282.48	-68.4687
282.56	-68.5
282.64	-68.5
282.72	-68.4375
282.8	-68.5313
282.88	-68.5
282.96	-68.5
283.04	-68.4375
283.12	-68.5937
283.2	-68.4375
283.28	-68.4062
283.36	-68.5313
283.44	-68.5
283.52	-68.5937
283.6	-68.5
283.68	-68.5313
283.76	-68.5
283.84	-68.5313
283.92	-68.4687
284	-68.5313
284.08	-68.4687
284.16	-68.4687
284.24	-68.5
284.32	-68.4375
284.4	-68.5
284.48	-68.5
284.56	-68.4375
284.64	-68.4375
284.72	-68.5
284.8	-68.5
284.88	-68.5313
284.96	-68.5
285.04	-68.4687
285.12	-68.5937
285.2	-68.5
285.28	-68.4687
285.36	-68.4375
285.44	-68.5625
285.52	-68.5313
285.6	-68.4062
285.68	-68.4375
285.76	-68.4687
285.84	-68.4375
285.92	-68.3438
286	-68.3438
286.08	-68.4062
286.16	-68.4375
286.24	-68.5313
286.32	-68.4687
286.4	-68.4687
286.48	-68.4062
286.56	-68.4375
286.64	-68.4687
286.72	-68.4375
286.8	-68.5
286.88	-68.3438
286.96	-68.4062
287.04	-68.4062
287.12	-68.4687
287.2	-68.3438
287.28	-68.4687
287.36	-68.4375
287.44	-68.4062
287.52	-68.5
287.6	-68.4375
287.68	-68.4062
287.76	-68.4687
287.84	-68.4062
287.92	-68.5
288	-68.4062
288.08	-68.4375
288.16	-68.375
288.24	-68.4375
288.32	-68.4687
288.4	-68.5
288.48	-68.5
288.56	-68.4687
288.64	-68.4375
288.72	-68.4375
288.8	-68.4375
288.88	-68.4062
288.96	-68.4375
289.04	-68.3438
289.12	-68.3438
289.2	-68.4375
289.28	-68.375
289.36	-68.4687
289.44	-68.4062
289.52	-68.4687
289.6	-68.4375
289.68	-68.4687
289.76	-68.4375
289.84	-68.5313
289.92	-68.5
290	-68.4375
290.08	-68.4062
290.16	-68.375
290.24	-68.4062
290.32	-68.4375
290.4	-68.4062
290.48	-68.5
290.56	-68.375
290.64	-68.4687
290.72	-68.4062
290.8	-68.4375
290.88	-68.5
290.96	-68.4375
291.04	-68.5
291.12	-68.375
291.2	-68.4687
291.28	-68.375
291.36	-68.375
291.44	-68.4687
291.52	-68.4687
291.6	-68.3438
291.68	-68.375
291.76	-68.375
291.84	-68.4375
291.92	-68.4062
292	-68.375
292.08	-68.3438
292.16	-68.3438
292.24	-68.4062
292.32	-68.4062
292.4	-68.3438
292.48	-68.375
292.56	-68.4062
292.64	-68.3125
292.72	-68.3438
292.8	-68.4375
292.88	-68.375
292.96	-68.4062
293.04	-68.375
293.12	-68.3125
293.2	-68.375
293.28	-68.4375
293.36	-68.375
293.44	-68.4375
293.52	-68.375
293.6	-68.4375
293.68	-68.4687
293.76	-68.3438
293.84	-68.375
293.92	-68.3125
294	-68.3125
294.08	-68.4062
294.16	-68.3125
294.24	-68.4375
294.32	-68.4687
294.4	-68.4687
294.48	-68.4062
294.56	-68.4375
294.64	-68.4375
294.72	-68.375
294.8	-68.375
294.88	-68.4062
294.96	-68.4375
295.04	-68.375
295.12	-68.4375
295.2	-68.4062
295.28	-68.4375
295.36	-68.4062
295.44	-68.4375
295.52	-68.4375
295.6	-68.4062
295.68	-68.4375
295.76	-68.4062
295.84	-68.4375
295.92	-68.3438
296	-68.3438
296.08	-68.4687
296.16	-68.4687
296.24	-68.375
296.32	-68.4375
296.4	-68.3438
296.48	-68.3125
296.56	-68.4375
296.64	-68.375
296.72	-68.4062
296.8	-68.3438
296.88	-68.4062
296.96	-68.4062
297.04	-68.375
297.12	-68.3125
297.2	-68.3125
297.28	-68.4062
297.36	-68.3125
297.44	-68.375
297.52	-68.3438
297.6	-68.3125
297.68	-68.1875
297.76	-68.3438
297.84	-68.3438
297.92	-68.2812
298	-68.3438
298.08	-68.25
298.16	-68.1875
298.24	-68.3438
298.32	-68.3125
298.4	-68.25
298.48	-68.25
298.56	-68.3125
298.64	-68.3438
298.72	-68.2812
298.8	-68.2812
298.88	-68.2812
298.96	-68.25
299.04	-68.1562
299.12	-68.2812
299.2	-68.25
299.28	-68.1875
299.36	-68.1875
299.44	-68.2812
299.52	-68.2812
299.6	-68.25
299.68	-68.2812
299.76	-68.2812
299.84	-68.3125
299.92	-68.1875
300	-68.1562
300.08	-68.2812
300.16	-68.25
300.24	-68.3438
300.32	-68.25
300.4	-68.3125
300.48	-68.2812
300.56	-68.3125
300.64	-68.2812
300.72	-68.3125
300.8	-68.2812
300.88	-68.3438
300.96	-68.1875
301.04	-68.375
301.12	-68.4062
301.2	-68.2812
301.28	-68.3125
301.36	-68.2812
301.44	-68.3125
301.52	-68.2812
301.6	-68.3125
301.68	-68.25
301.76	-68.25
301.84	-68.3125
301.92	-68.1875
302	-68.3125
302.08	-68.25
302.16	-68.2812
302.24	-68.2812
302.32	-68.25
302.4	-68.25
302.48	-68.25
302.56	-68.25
302.64	-68.3125
302.72	-68.2812
302.8	-68.1875
302.88	-68.2812
302.96	-68.0937
303.04	-68.1875
303.12	-68.1562
303.2	-68.25
303.28	-68.2812
303.36	-68.1875
303.44	-68.1875
303.52	-68.25
303.6	-68.1875
303.68	-68.25
303.76	-68.2812
303.84	-68.25
303.92	-68.1562
304	-68.125
304.08	-68.1875
304.16	-68.25
304.24	-68.1875
304.32	-68.25
304.4	-68.2812
304.48	-68.25
304.56	-68.125
304.64	-68.1875
304.72	-68.1562
304.8	-68.25
304.88	-68.125
304.96	-68.1562
305.04	-68.25
305.12	-68.1875
305.2	-68.1875
305.28	-68.125
305.36	-68.1875
305.44	-68.3125
305.52	-68.25
305.6	-68.25
305.68	-68.1875
305.76	-68.0937
305.84	-68.1562
305.92	-68.1875
306	-68.2812
306.08	-68.3438
306.16	-68.1875
306.24	-68.2812
306.32	-68.25
306.4	-68.2812
306.48	-68.25
306.56	-68.1562
306.64	-68.2812
306.72	-68.25
306.8	-68.2812
306.88	-68.2812
306.96	-68.3125
307.04	-68.3125
307.12	-68.1562
307.2	-68.1875
307.28	-68.1875
307.36	-68.3438
307.44	-68.1875
307.52	-68.1875
307.6	-68.25
307.68	-68.1875
307.76	-68.3125
307.84	-68.1875
307.92	-68.1875
308	-68.1875
308.08	-68.1875
308.16	-68.2812
308.24	-68.2812
308.32	-68.125
308.4	-68.2812
308.48	-68.1875
308.56	-68.1875
308.64	-68.2812
308.72	-68.25
308.8	-68.1875
308.88	-68.1875
308.96	-68.1562
309.04	-68.0937
309.12	-68.2812
309.2	-68.1875
309.28	-68.25
309.36	-68.1875
309.44	-68.1875
309.52	-68.2812
309.6	-68.25
309.68	-68.25
309.76	-68.1875
309.84	-68.25
309.92	-68.25
310	-68.25
310.08	-68.2812
310.16	-68.1875
310.24	-68.1875
310.32	-68.1562
310.4	-68.2812
310.48	-68.3125
310.56	-68.2812
310.64	-68.25
310.72	-68.1875
310.8	-68.25
310.88	-68.25
310.96	-68.25
311.04	-68.25
311.12	-68.1562
311.2	-68.2812
311.28	-68.2812
311.36	-68.2812
311.44	-68.2812
311.52	-68.1875
311.6	-68.2812
311.68	-68.125
311.76	-68.1562
311.84	-68.125
311.92	-68.2812
312	-68.3125
312.08	-68.3438
312.16	-68.3125
312.24	-68.3125
312.32	-68.1875
312.4	-68.25
312.48	-68.2812
312.56	-68.3125
312.64	-68.25
312.72	-68.1562
312.8	-68.2812
312.88	-68.125
312.96	-68.2812
313.04	-68.25
313.12	-68.1875
313.2	-68.1875
313.28	-68.25
313.36	-68.25
313.44	-68.25
313.52	-68.25
313.6	-68.25
313.68	-68.25
313.76	-68.25
313.84	-68.25
313.92	-68.0937
314	-68.1875
314.08	-68.125
314.16	-68.2812
314.24	-68.2812
314.32	-68.3125
314.4	-68.2812
314.48	-68.1562
314.56	-68.1562
314.64	-68.25
314.72	-68.125
314.8	-68.0625
314.88	-68.125
