3937 2
0	-68.8125
0.08	-68.7812
0.16	-68.7812
0.24	-68.8125
0.32	-68.8125
0.4	-68.8125
0.48	-68.7812
0.56	-68.7812
0.64	-68.75
0.72	-68.75
0.8	-68.75
0.88	-68.7187
0.96	-68.8125
1.04	-68.75
1.12	-68.625
1.2	-68.7812
1.28	-68.75
1.36	-68.7812
1.44	-68.75
1.52	-68.8125
1.6	-68.7187
1.68	-68.7812
1.76	-68.7812
1.84	-68.9062
1.92	-68.8438
2	-68.6563
2.08	-68.7812
2.16	-68.7812
2.24	-68.7812
2.32	-68.75
2.4	-68.8438
2.48	-68.75
2.56	-68.7812
2.64	-68.8125
2.72	-68.8125
2.8	-68.9062
2.88	-68.8438
2.96	-68.8125
3.04	-68.75
3.12	-68.75
3.2	-68.7187
3.28	-68.75
3.36	-68.7812
3.44	-68.75
3.52	-68.6875
3.6	-68.75
3.68	-68.75
3.76	-68.7812
3.84	-68.7812
3.92	-68.8125
4	-68.7812
4.08	-68.7812
4.16	-68.7187
4.24	-68.7812
4.32	-68.8125
4.4	-68.8125
4.48	-68.75
4.56	-68.8438
4.64	-68.8125
4.72	-68.8125
4.8	-68.75
4.88	-68.8125
4.96	-68.75
5.04	-68.7187
5.12	-68.7187
5.2	-68.8438
5.28	-68.8438
5.36	-68.7812
5.44	-68.8438
5.52	-68.8125
5.6	-68.6563
5.68	-68.7812
5.76	-68.7812
5.84	-68.9062
5.92	-68.8438
6	-68.8125
6.08	-68.9062
6.16	-68.6563
6.24	-68.75
6.32	-68.6563
6.4	-68.8125
6.48	-68.7812
6.56	-68.7812
6.64	-68.75
6.72	-68.75
6.8	-68.75
6.88	-68.7812
6.96	-68.6563
7.04	-68.7187
7.12	-68.6875
7.2	-68.75
7.28	-68.8125
7.36	-68.7187
7.44	-68.7812
7.52	-68.7812
7.6	-68.8125
7.68	-68.8125
7.76	-68.8125
7.84	-68.8125
7.92	-68.75
8	-68.7187
8.08	-68.8438
8.16	-68.7812
8.24	-68.8438
8.32	-68.7812
8.4	-68.7812
8.48	-68.75
8.56	-68.7812
8.64	-68.7812
8.72	-68.7812
8.8	-68.7812
8.88	-68.7812
8.96	-68.6875
9.04	-68.75
9.12	-68.8125
9.2	-68.7812
9.28	-68.7812
9.36	-68.8125
9.44	-68.8125
9.52	-68.75
9.6	-68.7812
9.68	-68.6875
9.76	-68.75
9.84	-68.8438
9.92	-68.7812
10	-68.7812
10.08	-68.8438
10.16	-68.9062
10.24	-68.8438
10.32	-68.8438
10.4	-68.8438
10.48	-68.9062
10.56	-68.8438
10.64	-68.7812
10.72	-68.8125
10.8	-68.8125
10.88	-68.7812
10.96	-68.9062
11.04	-68.8125
11.12	-68.7812
11.2	-68.8125
11.28	-68.8125
11.36	-68.7812
11.44	-68.8438
11.52	-68.8125
11.6	-68.8438
11.68	-68.8438
11.76	-68.9062
11.84	-68.9062
11.92	-68.8438
12	-68.8125
12.08	-68.8438
12.16	-68.8438
12.24	-68.7812
12.32	-68.7812
12.4	-68.6563
12.48	-68.7187
12.56	-68.6875
12.64	-68.7187
12.72	-68.75
12.8	-68.75
12.88	-68.8125
12.96	-68.7812
13.04	-68.7187
13.12	-68.6563
13.2	-68.625
13.28	-68.7812
13.36	-68.7187
13.44	-68.8125
13.52	-68.7812
13.6	-68.75
13.68	-68.7812
13.76	-68.7812
13.84	-68.6875
13.92	-68.8125
14	-68.7812
14.08	-68.8438
14.16	-68.7187
14.24	-68.75
14.32	-68.8125
14.4	-68.7812
14.48	-68.7812
14.56	-68.8125
14.64	-68.9375
14.72	-68.9062
14.8	-68.8438
14.88	-68.9062
14.96	-68.7875
15.04	-68.7875
15.12	-68.7875
15.2	-68.7875
15.28	-68.7875
15.36	-68.7562
15.44	-68.6937
15.52	-68.725
15.6	-68.725
15.68	-68.7875
15.76	-68.85
15.84	-68.9125
15.92	-68.85
16	-68.85
16.08	-68.7875
16.16	-68.7875
16.24	-68.7875
16.32	-68.85
16.4	-68.7875
16.48	-68.9125
16.56	-68.8812
16.64	-68.85
16.72	-68.7562
16.8	-68.725
16.88	-68.725
16.96	-68.7875
17.04	-68.7562
17.12	-68.7562
17.2	-68.8812
17.28	-68.725
17.36	-68.725
17.44	-68.7562
17.52	-68.725
17.6	-68.6937
17.68	-68.85
17.76	-68.85
17.84	-68.7875
17.92	-68.725
18	-68.7562
18.08	-68.7875
18.16	-68.6625
18.24	-68.7562
18.32	-68.7562
18.4	-68.7875
18.48	-68.725
18.56	-68.725
18.64	-68.7562
18.72	-68.85
18.8	-68.7875
18.88	-68.7562
18.96	-68.7562
19.04	-68.7562
19.12	-68.7875
19.2	-68.7562
19.28	-68.7875
19.36	-68.7875
19.44	-68.6625
19.52	-68.85
19.6	-68.7875
19.68	-68.7562
19.76	-68.6937
19.84	-68.725
19.92	-68.7875
20	-68.725
20.08	-68.7875
20.16	-68.7562
20.24	-68.7875
20.32	-68.7875
20.4	-68.8812
20.48	-68.85
20.56	-68.7562
20.64	-68.85
20.72	-68.8812
20.8	-68.7562
20.88	-68.85
20.96	-68.725
21.04	-68.7562
21.12	-68.725
21.2	-68.6625
21.28	-68.7562
21.36	-68.7875
21.44	-68.7562
21.52	-68.85
21.6	-68.7875
21.68	-68.85
21.76	-68.7875
21.84	-68.7875
21.92	-68.85
22	-68.7562
22.08	-68.8812
22.16	-68.725
22.24	-68.85
22.32	-68.725
22.4	-68.6937
22.48	-68.7875
22.56	-68.7875
22.64	-68.7562
22.72	-68.7562
22.8	-68.7562
22.88	-68.85
22.96	-68.725
23.04	-68.725
23.12	-68.7875
23.2	-68.6625
23.28	-68.725
23.36	-68.725
23.44	-68.725
23.52	-68.8812
23.6	-68.7562
23.68	-68.7562
23.76	-68.7562
23.84	-68.725
23.92	-68.85
24	-68.7562
24.08	-68.7875
24.16	-68.7562
24.24	-68.7875
24.32	-68.6937
24.4	-68.6937
24.48	-68.725
24.56	-68.6937
24.64	-68.8812
24.72	-68.7875
24.8	-68.6625
24.88	-68.725
24.96	-68.725
25.04	-68.725
25.12	-68.85
25.2	-68.725
25.28	-68.7562
25.36	-68.7562
25.44	-68.7562
25.52	-68.85
25.6	-68.7562
25.68	-68.725
25.76	-68.8812
25.84	-68.8812
25.92	-68.8812
26	-68.8812
26.08	-68.7875
26.16	-68.725
26.24	-68.7875
26.32	-68.7875
26.4	-68.7875
26.48	-68.7562
26.56	-68.6937
26.64	-68.7562
26.72	-68.7562
26.8	-68.85
26.88	-68.85
26.96	-68.7562
27.04	-68.7562
27.12	-68.8812
27.2	-68.85
27.28	-68.725
27.36	-68.7562
27.44	-68.7875
27.52	-68.7875
27.6	-68.7562
27.68	-68.725
27.76	-68.85
27.84	-68.8812
27.92	-68.725
28	-68.7562
28.08	-68.9125
28.16	-68.85
28.24	-68.7875
28.32	-68.7875
28.4	-68.9125
28.48	-68.7875
28.56	-68.6937
28.64	-68.7875
28.72	-68.725
28.8	-68.6937
28.88	-68.7875
28.96	-68.6937
29.04	-68.85
29.12	-68.725
29.2	-68.6937
29.28	-68.7875
29.36	-68.6625
29.44	-68.85
29.52	-68.725
29.6	-68.6625
29.68	-68.6937
29.76	-68.725
29.84	-68.6937
29.92	-68.7562
30	-68.725
30.08	-68.6625
30.16	-68.7875
30.24	-68.6937
30.32	-68.6937
30.4	-68.725
30.48	-68.725
30.56	-68.725
30.64	-68.7875
30.72	-68.7562
30.8	-68.85
30.88	-68.6937
30.96	-68.7875
31.04	-68.6625
31.12	-68.85
31.2	-68.8812
31.28	-68.7875
31.36	-68.7562
31.44	-68.7875
31.52	-68.725
31.6	-68.8812
31.68	-68.85
31.76	-68.7562
31.84	-68.7562
31.92	-68.85
32	-68.725
32.08	-68.7875
32.16	-68.9125
32.24	-68.7875
32.32	-68.7875
32.4	-68.725
32.48	-68.7875
32.56	-68.9125
32.64	-68.85
32.72	-68.7875
32.8	-68.85
32.88	-68.7875
32.96	-68.7875
33.04	-68.7562
33.12	-68.6937
33.2	-68.7562
33.28	-68.725
33.36	-68.85
33.44	-68.8812
33.52	-68.7562
33.6	-68.7562
33.68	-68.7875
33.76	-68.85
33.84	-68.7562
33.92	-68.7562
34	-68.725
34.08	-68.7562
34.16	-68.7562
34.24	-68.6937
34.32	-68.7562
34.4	-68.725
34.48	-68.7562
34.56	-68.6937
34.64	-68.6937
34.72	-68.7562
34.8	-68.725
34.88	-68.725
34.96	-68.7875
35.04	-68.725
35.12	-68.7875
35.2	-68.6937
35.28	-68.725
35.36	-68.6937
35.44	-68.725
35.52	-68.6
35.6	-68.7875
35.68	-68.725
35.76	-68.85
35.84	-68.7562
35.92	-68.6937
36	-68.725
36.08	-68.725
36.16	-68.6937
36.24	-68.725
36.32	-68.725
36.4	-68.6312
36.48	-68.725
36.56	-68.6937
36.64	-68.7875
36.72	-68.725
36.8	-68.7562
36.88	-68.725
36.96	-68.6937
37.04	-68.7875
37.12	-68.6937
37.2	-68.6937
37.28	-68.7562
37.36	-68.85
37.44	-68.725
37.52	-68.725
37.6	-68.725
37.68	-68.7562
37.76	-68.7875
37.84	-68.7875
37.92	-68.8812
38	-68.8812
38.08	-68.725
38.16	-68.8812
38.24	-68.725
38.32	-68.9125
38.4	-68.85
38.48	-68.8812
38.56	-68.7562
38.64	-68.6625
38.72	-68.7875
38.8	-68.7562
38.88	-68.6937
38.96	-68.7562
39.04	-68.7875
39.12	-68.7562
39.2	-68.7562
39.28	-68.7562
39.36	-68.7875
39.44	-68.6937
39.52	-68.6937
39.6	-68.7562
39.68	-68.7562
39.76	-68.6937
39.84	-68.6
39.92	-68.6625
40	-68.725
40.08	-68.7562
40.16	-68.7562
40.24	-68.725
40.32	-68.6937
40.4	-68.7562
40.48	-68.6937
40.56	-68.85
40.64	-68.7875
40.72	-68.7562
40.8	-68.7562
40.88	-68.725
40.96	-68.725
41.04	-68.725
41.12	-68.6937
41.2	-68.725
41.28	-68.85
41.36	-68.7875
41.44	-68.725
41.52	-68.725
41.6	-68.7562
41.68	-68.7562
41.76	-68.725
41.84	-68.6937
41.92	-68.6937
42	-68.725
42.08	-68.85
42.16	-68.7875
42.24	-68.7875
42.32	-68.725
42.4	-68.7562
42.48	-68.85
42.56	-68.725
42.64	-68.725
42.72	-68.7875
42.8	-68.725
42.88	-68.6937
42.96	-68.6625
43.04	-68.725
43.12	-68.725
43.2	-68.725
43.28	-68.7562
43.36	-68.725
43.44	-68.6937
43.52	-68.7875
43.6	-68.8812
43.68	-68.7875
43.76	-68.7875
43.84	-68.7562
43.92	-68.7875
44	-68.7562
44.08	-68.7562
44.16	-68.85
44.24	-68.7562
44.32	-68.725
44.4	-68.7875
44.48	-68.7562
44.56	-68.7875
44.64	-68.7562
44.72	-68.725
44.8	-68.7875
44.88	-68.725
44.96	-68.7562
45.04	-68.6937
45.12	-68.7562
45.2	-68.7562
45.28	-68.725
45.36	-68.6937
45.44	-68.7875
45.52	-68.725
45.6	-68.7562
45.68	-68.725
45.76	-68.7875
45.84	-68.6937
45.92	-68.6937
46	-68.6625
46.08	-68.725
46.16	-68.6937
46.24	-68.6625
46.32	-68.6937
46.4	-68.6937
46.48	-68.6
46.56	-68.6
46.64	-68.7562
46.72	-68.7875
46.8	-68.7562
46.88	-68.6937
46.96	-68.6937
47.04	-68.7875
47.12	-68.7562
47.2	-68.7875
47.28	-68.7875
47.36	-68.7562
47.44	-68.8812
47.52	-68.7875
47.6	-68.85
47.68	-68.85
47.76	-68.85
47.84	-68.7562
47.92	-68.725
48	-68.85
48.08	-68.7875
48.16	-68.7562
48.24	-68.9125
48.32	-68.8812
48.4	-68.85
48.48	-68.85
48.56	-68.7875
48.64	-68.7875
48.72	-68.7875
48.8	-68.7875
48.88	-68.7875
48.96	-68.7562
49.04	-68.6937
49.12	-68.85
49.2	-68.725
49.28	-68.7875
49.36	-68.7875
49.44	-68.85
49.52	-68.9437
49.6	-68.7875
49.68	-68.7875
49.76	-68.725
49.84	-68.7562
49.92	-68.6937
50	-68.7875
50.08	-68.7875
50.16	-68.8812
50.24	-68.7875
50.32	-68.7562
50.4	-68.6937
50.48	-68.7562
50.56	-68.85
50.64	-68.8812
50.72	-68.7875
50.8	-68.6937
50.88	-68.7875
50.96	-68.725
51.04	-68.7562
51.12	-68.7562
51.2	-68.6
51.28	-68.6937
51.36	-68.6312
51.44	-68.6625
51.52	-68.7562
51.6	-68.6937
51.68	-68.6937
51.76	-68.6937
51.84	-68.725
51.92	-68.6625
52	-68.6937
52.08	-68.6312
52.16	-68.6625
52.24	-68.6625
52.32	-68.6937
52.4	-68.6312
52.48	-68.5688
52.56	-68.6
52.64	-68.5688
52.72	-68.6312
52.8	-68.6625
52.88	-68.6312
52.96	-68.5375
53.04	-68.6
53.12	-68.6
53.2	-68.5375
53.28	-68.475
53.36	-68.475
53.44	-68.5062
53.52	-68.6
53.6	-68.6
53.68	-68.5062
53.76	-68.4125
53.84	-68.475
53.92	-68.4437
54	-68.4125
54.08	-68.4125
54.16	-68.4437
54.24	-68.4125
54.32	-68.475
54.4	-68.4437
54.48	-68.4437
54.56	-68.4437
54.64	-68.4125
54.72	-68.4125
54.8	-68.4437
54.88	-68.475
54.96	-68.4125
55.04	-68.4437
55.12	-68.4125
55.2	-68.35
55.28	-68.3187
55.36	-68.3187
55.44	-68.3187
55.52	-68.3187
55.6	-68.225
55.68	-68.3187
55.76	-68.2563
55.84	-68.2875
55.92	-68.2875
56	-68.2563
56.08	-68.2875
56.16	-68.1937
56.24	-68.225
56.32	-68.225
56.4	-68.1937
56.48	-68.1937
56.56	-68.1937
56.64	-68.1937
56.72	-68.225
56.8	-68.1312
56.88	-68.1312
56.96	-68.1937
57.04	-68.1312
57.12	-68.1312
57.2	-68.1937
57.28	-68.225
57.36	-68.2563
57.44	-68.2563
57.52	-68.225
57.6	-68.0687
57.68	-68.0687
57.76	-68.0687
57.84	-68.1312
57.92	-68.1937
58	-68.1312
58.08	-68.225
58.16	-68.225
58.24	-68.1
58.32	-68.0687
58.4	-68.1937
58.48	-68.0687
58.56	-68.1937
58.64	-68.1312
58.72	-68.1312
58.8	-68.225
58.88	-68.2563
58.96	-68.0375
59.04	-68.0687
59.12	-68.0687
59.2	-68.1312
59.28	-68.225
59.36	-68.0687
59.44	-68.225
59.52	-68.1
59.6	-68.1937
59.68	-68.0687
59.76	-68.1937
59.84	-68.1937
59.92	-68.1937
60	-68.1312
60.08	-68.1937
60.16	-68.1312
60.24	-68.2875
60.32	-68.1937
60.4	-68.0687
60.48	-68.1312
60.56	-68.1312
60.64	-68.1
60.72	-68.0687
60.8	-68.225
60.88	-68.1937
60.96	-68.1937
61.04	-68.1
61.12	-68.1937
61.2	-68.1312
61.28	-68.225
61.36	-68.2563
61.44	-68.1312
61.52	-68.225
61.6	-68.1937
61.68	-68.1312
61.76	-68.1937
61.84	-68.1312
61.92	-68.1
62	-68.0687
62.08	-68.225
62.16	-68.1937
62.24	-68.1937
62.32	-68.1312
62.4	-68.225
62.48	-68.2563
62.56	-68.1937
62.64	-68.1
62.72	-68.1937
62.8	-68.1937
62.88	-68.0062
62.96	-68.0687
63.04	-68.1937
63.12	-68.1312
63.2	-68.1312
63.28	-68.1
63.36	-68.1312
63.44	-68.1937
63.52	-68.0687
63.6	-68.1312
63.68	-68.1
63.76	-68.225
63.84	-68.1937
63.92	-68.1937
64	-68.3187
64.08	-68.2563
64.16	-68.2563
64.24	-68.2875
64.32	-68.225
64.4	-68.1937
64.48	-68.2875
64.56	-68.3187
64.64	-68.3187
64.72	-68.225
64.8	-68.1312
64.88	-68.1937
64.96	-68.1937
65.04	-68.2563
65.12	-68.1
65.2	-68.225
65.28	-68.1937
65.36	-68.1
65.44	-68.2563
65.52	-68.1937
65.6	-68.1937
65.68	-68.2563
65.76	-68.3187
65.84	-68.2563
65.92	-68.225
66	-68.1312
66.08	-68.225
66.16	-68.1937
66.24	-68.2875
66.32	-68.1312
66.4	-68.1312
66.48	-68.225
66.56	-68.1937
66.64	-68.0375
66.72	-68.225
66.8	-68.2563
66.88	-68.225
66.96	-68.1937
67.04	-68.0687
67.12	-68.225
67.2	-68.2563
67.28	-68.1937
67.36	-68.2563
67.44	-68.1937
67.52	-68.2875
67.6	-68.225
67.68	-68.35
67.76	-68.2563
67.84	-68.2875
67.92	-68.1937
68	-68.1312
68.08	-68.2563
68.16	-68.2875
68.24	-68.3187
68.32	-68.2875
68.4	-68.2875
68.48	-68.225
68.56	-68.1937
68.64	-68.2875
68.72	-68.3187
68.8	-68.2563
68.88	-68.1937
68.96	-68.35
69.04	-68.3187
69.12	-68.2875
69.2	-68.3812
69.28	-68.3187
69.36	-68.35
69.44	-68.2563
69.52	-68.2875
69.6	-68.2875
69.68	-68.0687
69.76	-68.1937
69.84	-68.225
69.92	-68.2563
70	-68.225
70.08	-68.225
70.16	-68.2875
70.24	-68.2563
70.32	-68.2563
70.4	-68.4125
70.48	-68.2875
70.56	-68.3187
70.64	-68.2875
70.72	-68.2875
70.8	-68.3187
70.88	-68.3187
70.96	-68.35
71.04	-68.3187
71.12	-68.35
71.2	-68.3812
71.28	-68.3812
71.36	-68.3187
71.44	-68.3187
71.52	-68.3187
71.6	-68.35
71.68	-68.35
71.76	-68.3187
71.84	-68.2875
71.92	-68.2875
72	-68.2875
72.08	-68.35
72.16	-68.3812
72.24	-68.3187
72.32	-68.3187
72.4	-68.3187
72.48	-68.35
72.56	-68.35
72.64	-68.4437
72.72	-68.4125
72.8	-68.35
72.88	-68.2875
72.96	-68.2563
73.04	-68.225
73.12	-68.2563
73.2	-68.2875
73.28	-68.2563
73.36	-68.3187
73.44	-68.2875
73.52	-68.35
73.6	-68.4437
73.68	-68.35
73.76	-68.3187
73.84	-68.2875
73.92	-68.35
74	-68.2563
74.08	-68.2563
74.16	-68.35
74.24	-68.2563
74.32	-68.2875
74.4	-68.35
74.48	-68.2875
74.56	-68.3187
74.64	-68.35
74.72	-68.35
74.8	-68.3187
74.88	-68.3812
74.96	-68.35
75.04	-68.35
75.12	-68.4125
75.2	-68.4125
75.28	-68.3812
75.36	-68.35
75.44	-68.2875
75.52	-68.2875
75.6	-68.35
75.68	-68.4125
75.76	-68.4125
75.84	-68.4437
75.92	-68.3812
76	-68.35
76.08	-68.35
76.16	-68.2875
76.24	-68.2563
76.32	-68.2875
76.4	-68.2563
76.48	-68.35
76.56	-68.3187
76.64	-68.475
76.72	-68.35
76.8	-68.3812
76.88	-68.2875
76.96	-68.35
77.04	-68.4125
77.12	-68.4125
77.2	-68.4437
77.28	-68.4437
77.36	-68.4125
77.44	-68.4437
77.52	-68.4125
77.6	-68.4125
77.68	-68.4125
77.76	-68.4437
77.84	-68.3812
77.92	-68.3812
78	-68.35
78.08	-68.35
78.16	-68.4125
78.24	-68.4125
78.32	-68.4125
78.4	-68.3812
78.48	-68.4125
78.56	-68.3812
78.64	-68.4125
78.72	-68.4125
78.8	-68.35
78.88	-68.35
78.96	-68.2875
79.04	-68.2875
79.12	-68.3187
79.2	-68.35
79.28	-68.2875
79.36	-68.3187
79.44	-68.35
79.52	-68.3187
79.6	-68.35
79.68	-68.3187
79.76	-68.3187
79.84	-68.3812
79.92	-68.3812
80	-68.4125
80.08	-68.35
80.16	-68.4437
80.24	-68.4437
80.32	-68.35
80.4	-68.35
80.48	-68.3812
80.56	-68.35
80.64	-68.475
80.72	-68.3812
80.8	-68.475
80.88	-68.4125
80.96	-68.475
81.04	-68.4437
81.12	-68.4437
81.2	-68.475
81.28	-68.4125
81.36	-68.4125
81.44	-68.4437
81.52	-68.4437
81.6	-68.4437
81.68	-68.4437
81.76	-68.3812
81.84	-68.5062
81.92	-68.3812
82	-68.3187
82.08	-68.4437
82.16	-68.4125
82.24	-68.3812
82.32	-68.3812
82.4	-68.4125
82.48	-68.4125
82.56	-68.4437
82.64	-68.3812
82.72	-68.4437
82.8	-68.475
82.88	-68.4125
82.96	-68.4437
83.04	-68.4437
83.12	-68.475
83.2	-68.475
83.28	-68.475
83.36	-68.4437
83.44	-68.3812
83.52	-68.3812
83.6	-68.4125
83.68	-68.3812
83.76	-68.475
83.84	-68.4437
83.92	-68.3812
84	-68.3812
84.08	-68.4437
84.16	-68.475
84.24	-68.4437
84.32	-68.3812
84.4	-68.5062
84.48	-68.475
84.56	-68.475
84.64	-68.4125
84.72	-68.4437
84.8	-68.3812
84.88	-68.4437
84.96	-68.4437
85.04	-68.4437
85.12	-68.4125
85.2	-68.475
85.28	-68.5062
85.36	-68.5688
85.44	-68.4437
85.52	-68.4125
85.6	-68.4437
85.68	-68.4437
85.76	-68.4125
85.84	-68.4437
85.92	-68.35
86	-68.4437
86.08	-68.475
86.16	-68.475
86.24	-68.3812
86.32	-68.4437
86.4	-68.4437
86.48	-68.4125
86.56	-68.4125
86.64	-68.475
86.72	-68.4125
86.8	-68.475
86.88	-68.4437
86.96	-68.4437
87.04	-68.3812
87.12	-68.5062
87.2	-68.4437
87.28	-68.4437
87.36	-68.475
87.44	-68.5375
87.52	-68.5062
87.6	-68.5375
87.68	-68.4437
87.76	-68.5062
87.84	-68.4437
87.92	-68.475
88	-68.4437
88.08	-68.5688
88.16	-68.5062
88.24	-68.5062
88.32	-68.5375
88.4	-68.5688
88.48	-68.475
88.56	-68.5375
88.64	-68.475
88.72	-68.5062
88.8	-68.475
88.88	-68.5375
88.96	-68.475
89.04	-68.4125
89.12	-68.475
89.2	-68.5062
89.28	-68.5375
89.36	-68.4437
89.44	-68.4437
89.52	-68.4125
89.6	-68.475
89.68	-68.5062
89.76	-68.4437
89.84	-68.4437
89.92	-68.4125
90	-68.4125
90.08	-68.475
90.16	-68.4125
90.24	-68.475
90.32	-68.475
90.4	-68.5062
90.48	-68.4437
90.56	-68.475
90.64	-68.5688
90.72	-68.475
90.8	-68.5375
90.88	-68.475
90.96	-68.6625
91.04	-68.5688
91.12	-68.5375
91.2	-68.475
91.28	-68.4125
91.36	-68.4437
91.44	-68.5688
91.52	-68.4437
91.6	-68.5062
91.68	-68.5062
91.76	-68.5062
91.84	-68.5375
91.92	-68.5375
92	-68.5062
92.08	-68.475
92.16	-68.4125
92.24	-68.475
92.32	-68.4437
92.4	-68.5062
92.48	-68.5375
92.56	-68.5062
92.64	-68.5688
92.72	-68.5375
92.8	-68.5062
92.88	-68.4437
92.96	-68.5375
93.04	-68.6
93.12	-68.5688
93.2	-68.5688
93.28	-68.5062
93.36	-68.4437
93.44	-68.5062
93.52	-68.4437
93.6	-68.5062
93.68	-68.475
93.76	-68.5375
93.84	-68.6
93.92	-68.5062
94	-68.5062
94.08	-68.6
94.16	-68.5062
94.24	-68.5375
94.32	-68.6
94.4	-68.5062
94.48	-68.5062
94.56	-68.5062
94.64	-68.475
94.72	-68.5688
94.8	-68.6
94.88	-68.5375
94.96	-68.5688
95.04	-68.5688
95.12	-68.5062
95.2	-68.5375
95.28	-68.475
95.36	-68.5375
95.44	-68.4437
95.52	-68.5688
95.6	-68.5375
95.68	-68.5375
95.76	-68.475
95.84	-68.475
95.92	-68.475
96	-68.475
96.08	-68.5375
96.16	-68.5062
96.24	-68.475
96.32	-68.5688
96.4	-68.5062
96.48	-68.5375
96.56	-68.4437
96.64	-68.475
96.72	-68.4125
96.8	-68.4437
96.88	-68.4437
96.96	-68.3812
97.04	-68.6
97.12	-68.475
97.2	-68.5062
97.28	-68.5688
97.36	-68.5688
97.44	-68.5062
97.52	-68.4437
97.6	-68.475
97.68	-68.5375
97.76	-68.5375
97.84	-68.5375
97.92	-68.5375
98	-68.5375
98.08	-68.5688
98.16	-68.5688
98.24	-68.5375
98.32	-68.5375
98.4	-68.6
98.48	-68.6
98.56	-68.6625
98.64	-68.5688
98.72	-68.6
98.8	-68.5375
98.88	-68.6625
98.96	-68.6
99.04	-68.5375
99.12	-68.5375
99.2	-68.6312
99.28	-68.6
99.36	-68.5062
99.44	-68.5062
99.52	-68.4125
99.6	-68.5062
99.68	-68.475
99.76	-68.4437
99.84	-68.5375
99.92	-68.475
100	-68.4437
100.08	-68.4437
100.16	-68.5062
100.24	-68.5688
100.32	-68.5062
100.4	-68.5062
100.48	-68.5062
100.56	-68.4125
100.64	-68.475
100.72	-68.5375
100.8	-68.5375
100.88	-68.5062
100.96	-68.5375
101.04	-68.5688
101.12	-68.475
101.2	-68.475
101.28	-68.6
101.36	-68.5688
101.44	-68.5062
101.52	-68.5688
101.6	-68.4437
101.68	-68.4125
101.76	-68.5375
101.84	-68.5375
101.92	-68.5688
102	-68.5062
102.08	-68.5688
102.16	-68.5688
102.24	-68.5062
102.32	-68.5062
102.4	-68.5062
102.48	-68.5062
102.56	-68.475
102.64	-68.5375
102.72	-68.5375
102.8	-68.5062
102.88	-68.5062
102.96	-68.5375
103.04	-68.5062
103.12	-68.4437
103.2	-68.5062
103.28	-68.5062
103.36	-68.475
103.44	-68.35
103.52	-68.5062
103.6	-68.5375
103.68	-68.5062
103.76	-68.6
103.84	-68.5375
103.92	-68.5375
104	-68.475
104.08	-68.5375
104.16	-68.5688
104.24	-68.5062
104.32	-68.5688
104.4	-68.5062
104.48	-68.6
104.56	-68.5375
104.64	-68.6625
104.72	-68.6
104.8	-68.5688
104.88	-68.5688
104.96	-68.5375
105.04	-68.6625
105.12	-68.5688
105.2	-68.5688
105.28	-68.5688
105.36	-68.5688
105.44	-68.5375
105.52	-68.475
105.6	-68.6
105.68	-68.475
105.76	-68.5688
105.84	-68.5375
105.92	-68.5062
106	-68.475
106.08	-68.5375
106.16	-68.5375
106.24	-68.5375
106.32	-68.4437
106.4	-68.5062
106.48	-68.475
106.56	-68.5062
106.64	-68.475
106.72	-68.5375
106.8	-68.5062
106.88	-68.475
106.96	-68.5062
107.04	-68.5375
107.12	-68.4437
107.2	-68.5062
107.28	-68.5062
107.36	-68.5062
107.44	-68.5375
107.52	-68.6
107.6	-68.5375
107.68	-68.6
107.76	-68.6
107.84	-68.5375
107.92	-68.5688
108	-68.6
108.08	-68.5062
108.16	-68.5688
108.24	-68.5062
108.32	-68.6
108.4	-68.4437
108.48	-68.5688
108.56	-68.5375
108.64	-68.475
108.72	-68.5375
108.8	-68.5062
108.88	-68.5375
108.96	-68.5375
109.04	-68.5062
109.12	-68.5375
109.2	-68.6
109.28	-68.6
109.36	-68.5375
109.44	-68.5375
109.52	-68.5375
109.6	-68.5688
109.68	-68.5688
109.76	-68.5688
109.84	-68.6312
109.92	-68.6625
110	-68.6
110.08	-68.5375
110.16	-68.475
110.24	-68.5375
110.32	-68.5688
110.4	-68.5688
110.48	-68.5062
110.56	-68.5062
110.64	-68.6
110.72	-68.475
110.8	-68.5688
110.88	-68.5688
110.96	-68.5688
111.04	-68.5062
111.12	-68.5375
111.2	-68.5375
111.28	-68.6
111.36	-68.5688
111.44	-68.6
111.52	-68.5375
111.6	-68.5062
111.68	-68.6625
111.76	-68.5375
111.84	-68.5688
111.92	-68.5688
112	-68.5062
112.08	-68.5688
112.16	-68.6
112.24	-68.5375
112.32	-68.5688
112.4	-68.475
112.48	-68.5375
112.56	-68.5375
112.64	-68.5688
112.72	-68.475
112.8	-68.5062
112.88	-68.5375
112.96	-68.5062
113.04	-68.6
113.12	-68.6
113.2	-68.5375
113.28	-68.5688
113.36	-68.5062
113.44	-68.5688
113.52	-68.5688
113.6	-68.6
113.68	-68.5375
113.76	-68.5375
113.84	-68.5375
113.92	-68.5375
114	-68.5375
114.08	-68.5375
114.16	-68.5688
114.24	-68.6
114.32	-68.475
114.4	-68.5688
114.48	-68.5375
114.56	-68.5688
114.64	-68.6625
114.72	-68.5688
114.8	-68.6
114.88	-68.5375
114.96	-68.6
115.04	-68.6625
115.12	-68.5062
115.2	-68.6
115.28	-68.5375
115.36	-68.5688
115.44	-68.5375
115.52	-68.5375
115.6	-68.5375
115.68	-68.5688
115.76	-68.5688
115.84	-68.5375
115.92	-68.5375
116	-68.5375
116.08	-68.6
116.16	-68.6
116.24	-68.6
116.32	-68.6312
116.4	-68.5688
116.48	-68.5375
116.56	-68.5688
116.64	-68.6
116.72	-68.6625
116.8	-68.6
116.88	-68.6625
116.96	-68.6625
117.04	-68.5688
117.12	-68.6
117.2	-68.5375
117.28	-68.6
117.36	-68.5062
117.44	-68.5375
117.52	-68.6625
117.6	-68.6312
117.68	-68.5375
117.76	-68.6625
117.84	-68.6937
117.92	-68.6625
118	-68.6
118.08	-68.6
118.16	-68.6
118.24	-68.6937
118.32	-68.5688
118.4	-68.5375
118.48	-68.5688
118.56	-68.5375
118.64	-68.5688
118.72	-68.5688
118.8	-68.5688
118.88	-68.6
118.96	-68.5062
119.04	-68.6
119.12	-68.6
119.2	-68.6625
119.28	-68.6312
119.36	-68.6
119.44	-68.6
119.52	-68.5375
119.6	-68.475
119.68	-68.5688
119.76	-68.5688
119.84	-68.5688
119.92	-68.5375
120	-68.5375
120.08	-68.5375
120.16	-68.5375
120.24	-68.6937
120.32	-68.6625
120.4	-68.5688
120.48	-68.6312
120.56	-68.6312
120.64	-68.6312
120.72	-68.6
120.8	-68.6625
120.88	-68.5688
120.96	-68.6
121.04	-68.5375
121.12	-68.6312
121.2	-68.6312
121.28	-68.6625
121.36	-68.6312
121.44	-68.6937
121.52	-68.5688
121.6	-68.6625
121.68	-68.5062
121.76	-68.6
121.84	-68.5062
121.92	-68.5688
122	-68.5688
122.08	-68.6
122.16	-68.6
122.24	-68.6
122.32	-68.6625
122.4	-68.5688
122.48	-68.5688
122.56	-68.6
122.64	-68.5688
122.72	-68.6312
122.8	-68.6
122.88	-68.5688
122.96	-68.6
123.04	-68.6
123.12	-68.6312
123.2	-68.5375
123.28	-68.6312
123.36	-68.6
123.44	-68.6
123.52	-68.6312
123.6	-68.6
123.68	-68.5062
123.76	-68.6
123.84	-68.5688
123.92	-68.5688
124	-68.5375
124.08	-68.5688
124.16	-68.5688
124.24	-68.5688
124.32	-68.6
124.4	-68.5062
124.48	-68.5375
124.56	-68.5688
124.64	-68.5062
124.72	-68.5062
124.8	-68.5062
124.88	-68.6312
124.96	-68.5375
125.04	-68.5375
125.12	-68.5375
125.2	-68.6312
125.28	-68.6
125.36	-68.5688
125.44	-68.5688
125.52	-68.5062
125.6	-68.5375
125.68	-68.5688
125.76	-68.5688
125.84	-68.6
125.92	-68.5688
126	-68.6
126.08	-68.5688
126.16	-68.6312
126.24	-68.725
126.32	-68.6625
126.4	-68.6312
126.48	-68.5688
126.56	-68.5688
126.64	-68.6
126.72	-68.5688
126.8	-68.6
126.88	-68.6625
126.96	-68.6312
127.04	-68.6625
127.12	-68.6625
127.2	-68.5375
127.28	-68.6
127.36	-68.6312
127.44	-68.6312
127.52	-68.6
127.6	-68.6937
127.68	-68.6
127.76	-68.6625
127.84	-68.5062
127.92	-68.6312
128	-68.6
128.08	-68.6625
128.16	-68.6
128.24	-68.5375
128.32	-68.6312
128.4	-68.5375
128.48	-68.5688
128.56	-68.5375
128.64	-68.5688
128.72	-68.6
128.8	-68.5375
128.88	-68.5375
128.96	-68.6312
129.04	-68.6
129.12	-68.725
129.2	-68.6625
129.28	-68.5688
129.36	-68.6
129.44	-68.5375
129.52	-68.5062
129.6	-68.475
129.68	-68.5688
129.76	-68.5062
129.84	-68.6
129.92	-68.5688
130	-68.5688
130.08	-68.5688
130.16	-68.5375
130.24	-68.6312
130.32	-68.5688
130.4	-68.6
130.48	-68.5688
130.56	-68.5375
130.64	-68.5375
130.72	-68.5062
130.8	-68.5375
130.88	-68.6312
130.96	-68.6
131.04	-68.5688
131.12	-68.5375
131.2	-68.6312
131.28	-68.6625
131.36	-68.7562
131.44	-68.6937
131.52	-68.725
131.6	-68.6312
131.68	-68.5375
131.76	-68.6
131.84	-68.6
131.92	-68.6
132	-68.6312
132.08	-68.6937
132.16	-68.6312
132.24	-68.6312
132.32	-68.5688
132.4	-68.6
132.48	-68.6312
132.56	-68.6
132.64	-68.5375
132.72	-68.5688
132.8	-68.5688
132.88	-68.5375
132.96	-68.6
133.04	-68.5688
133.12	-68.5688
133.2	-68.6937
133.28	-68.6625
133.36	-68.6937
133.44	-68.6625
133.52	-68.6
133.6	-68.475
133.68	-68.5688
133.76	-68.5375
133.84	-68.6312
133.92	-68.6
134	-68.475
134.08	-68.5375
134.16	-68.5688
134.24	-68.6
134.32	-68.6625
134.4	-68.5688
134.48	-68.5688
134.56	-68.6
134.64	-68.5375
134.72	-68.5688
134.8	-68.6
134.88	-68.6
134.96	-68.6312
135.04	-68.5688
135.12	-68.6625
135.2	-68.6
135.28	-68.6
135.36	-68.5688
135.44	-68.5688
135.52	-68.5688
135.6	-68.6312
135.68	-68.5375
135.76	-68.5688
135.84	-68.5688
135.92	-68.6
136	-68.6
136.08	-68.6
136.16	-68.5375
136.24	-68.6
136.32	-68.6937
136.4	-68.5688
136.48	-68.725
136.56	-68.6
136.64	-68.6625
136.72	-68.5688
136.8	-68.6937
136.88	-68.6937
136.96	-68.6312
137.04	-68.6937
137.12	-68.6312
137.2	-68.6937
137.28	-68.6937
137.36	-68.6937
137.44	-68.5688
137.52	-68.6312
137.6	-68.6
137.68	-68.5375
137.76	-68.6312
137.84	-68.6625
137.92	-68.6937
138	-68.6937
138.08	-68.6625
138.16	-68.6937
138.24	-68.6625
138.32	-68.6937
138.4	-68.6937
138.48	-68.6
138.56	-68.6625
138.64	-68.6937
138.72	-68.6625
138.8	-68.725
138.88	-68.6
138.96	-68.6625
139.04	-68.6625
139.12	-68.6625
139.2	-68.6312
139.28	-68.6
139.36	-68.6937
139.44	-68.725
139.52	-68.6
139.6	-68.5688
139.68	-68.5375
139.76	-68.5688
139.84	-68.6625
139.92	-68.5688
140	-68.6
140.08	-68.6
140.16	-68.6312
140.24	-68.5688
140.32	-68.5688
140.4	-68.6
140.48	-68.5688
140.56	-68.6937
140.64	-68.6
140.72	-68.5688
140.8	-68.6937
140.88	-68.725
140.96	-68.6625
141.04	-68.5688
141.12	-68.6
141.2	-68.6625
141.28	-68.6
141.36	-68.6312
141.44	-68.475
141.52	-68.6
141.6	-68.6312
141.68	-68.6
141.76	-68.6937
141.84	-68.6937
141.92	-68.6937
142	-68.725
142.08	-68.725
142.16	-68.725
142.24	-68.6625
142.32	-68.6937
142.4	-68.6937
142.48	-68.6
142.56	-68.725
142.64	-68.6
142.72	-68.6
142.8	-68.6
142.88	-68.6625
142.96	-68.6625
143.04	-68.5688
143.12	-68.6312
143.2	-68.6
143.28	-68.6937
143.36	-68.725
143.44	-68.5688
143.52	-68.6312
143.6	-68.5688
143.68	-68.7562
143.76	-68.6937
143.84	-68.6937
143.92	-68.6312
144	-68.6625
144.08	-68.6312
144.16	-68.6312
144.24	-68.6
144.32	-68.6
144.4	-68.5688
144.48	-68.5375
144.56	-68.6625
144.64	-68.6625
144.72	-68.6
144.8	-68.6
144.88	-68.7562
144.96	-68.6937
145.04	-68.6937
145.12	-68.725
145.2	-68.6937
145.28	-68.7562
145.36	-68.6625
145.44	-68.5375
145.52	-68.6
145.6	-68.6
145.68	-68.5375
145.76	-68.5375
145.84	-68.6312
145.92	-68.5688
146	-68.5688
146.08	-68.6
146.16	-68.5688
146.24	-68.725
146.32	-68.6312
146.4	-68.6625
146.48	-68.6
146.56	-68.5688
146.64	-68.5688
146.72	-68.6625
146.8	-68.5688
146.88	-68.725
146.96	-68.5375
147.04	-68.5688
147.12	-68.6625
147.2	-68.6
147.28	-68.6
147.36	-68.6
147.44	-68.6
147.52	-68.6625
147.6	-68.6937
147.68	-68.725
147.76	-68.6937
147.84	-68.725
147.92	-68.6312
148	-68.6312
148.08	-68.7562
148.16	-68.6625
148.24	-68.6937
148.32	-68.725
148.4	-68.725
148.48	-68.6937
148.56	-68.6937
148.64	-68.6312
148.72	-68.85
148.8	-68.6937
148.88	-68.6625
148.96	-68.6
149.04	-68.6625
149.12	-68.6
149.2	-68.6
149.28	-68.6625
149.36	-68.6937
149.44	-68.6625
149.52	-68.6312
149.6	-68.6625
149.68	-68.7562
149.76	-68.725
149.84	-68.6937
149.92	-68.725
150	-68.6937
150.08	-68.6937
150.16	-68.725
150.24	-68.6625
150.32	-68.6625
150.4	-68.6312
150.48	-68.725
150.56	-68.6312
150.64	-68.6625
150.72	-68.6625
150.8	-68.6312
150.88	-68.6937
150.96	-68.6
151.04	-68.6
151.12	-68.6312
151.2	-68.6312
151.28	-68.6312
151.36	-68.6937
151.44	-68.6937
151.52	-68.6625
151.6	-68.6937
151.68	-68.6937
151.76	-68.7562
151.84	-68.6937
151.92	-68.7875
152	-68.6937
152.08	-68.6937
152.16	-68.6625
152.24	-68.6625
152.32	-68.7562
152.4	-68.725
152.48	-68.6625
152.56	-68.6312
152.64	-68.6
152.72	-68.6312
152.8	-68.6312
152.88	-68.6937
152.96	-68.6
153.04	-68.6625
153.12	-68.6312
153.2	-68.6
153.28	-68.6937
153.36	-68.6625
153.44	-68.6625
153.52	-68.6937
153.6	-68.6312
153.68	-68.6
153.76	-68.6625
153.84	-68.6625
153.92	-68.7562
154	-68.725
154.08	-68.725
154.16	-68.7562
154.24	-68.6625
154.32	-68.725
154.4	-68.6937
154.48	-68.5688
154.56	-68.6937
154.64	-68.6312
154.72	-68.725
154.8	-68.6
154.88	-68.7562
154.96	-68.6625
155.04	-68.6625
155.12	-68.6625
155.2	-68.6937
155.28	-68.6937
155.36	-68.7875
155.44	-68.6937
155.52	-68.725
155.6	-68.725
155.68	-68.6
155.76	-68.6937
155.84	-68.7562
155.92	-68.6625
156	-68.725
156.08	-68.6625
156.16	-68.5375
156.24	-68.5375
156.32	-68.5688
156.4	-68.5375
156.48	-68.6
156.56	-68.6625
156.64	-68.5688
156.72	-68.6625
156.8	-68.5375
156.88	-68.6
156.96	-68.6312
157.04	-68.6625
157.12	-68.725
157.2	-68.6312
157.28	-68.6625
157.36	-68.6937
157.44	-68.725
157.52	-68.6625
157.6	-68.6937
157.68	-68.6
157.76	-68.6625
157.84	-68.6
157.92	-68.6
158	-68.6625
158.08	-68.5688
158.16	-68.6312
158.24	-68.6937
158.32	-68.5688
158.4	-68.6
158.48	-68.5375
158.56	-68.5688
158.64	-68.6
158.72	-68.6625
158.8	-68.6625
158.88	-68.6625
158.96	-68.5688
159.04	-68.6937
159.12	-68.6
159.2	-68.6
159.28	-68.7562
159.36	-68.725
159.44	-68.6312
159.52	-68.6
159.6	-68.6312
159.68	-68.5375
159.76	-68.6312
159.84	-68.6625
159.92	-68.6625
160	-68.6937
160.08	-68.725
160.16	-68.6
160.24	-68.7562
160.32	-68.6625
160.4	-68.6937
160.48	-68.6625
160.56	-68.725
160.64	-68.6937
160.72	-68.6312
160.8	-68.6625
160.88	-68.6937
160.96	-68.725
161.04	-68.6625
161.12	-68.7875
161.2	-68.6937
161.28	-68.6625
161.36	-68.6312
161.44	-68.6625
161.52	-68.6312
161.6	-68.6312
161.68	-68.6312
161.76	-68.7875
161.84	-68.725
161.92	-68.6937
162	-68.6312
162.08	-68.6
162.16	-68.6
162.24	-68.6
162.32	-68.6312
162.4	-68.6312
162.48	-68.6312
162.56	-68.6
162.64	-68.6937
162.72	-68.6312
162.8	-68.6937
162.88	-68.6312
162.96	-68.725
163.04	-68.725
163.12	-68.6625
163.2	-68.6
163.28	-68.5688
163.36	-68.5688
163.44	-68.6
163.52	-68.6312
163.6	-68.6312
163.68	-68.6937
163.76	-68.6937
163.84	-68.6625
163.92	-68.6
164	-68.6625
164.08	-68.725
164.16	-68.725
164.24	-68.6625
164.32	-68.6625
164.4	-68.6
164.48	-68.6937
164.56	-68.6312
164.64	-68.7875
164.72	-68.6625
164.8	-68.6937
164.88	-68.6937
164.96	-68.6625
165.04	-68.6937
165.12	-68.725
165.2	-68.725
165.28	-68.6625
165.36	-68.6937
165.44	-68.6312
165.52	-68.6
165.6	-68.6
165.68	-68.6
165.76	-68.6
165.84	-68.6625
165.92	-68.6
166	-68.6625
166.08	-68.6
166.16	-68.6625
166.24	-68.5688
166.32	-68.6625
166.4	-68.6312
166.48	-68.6937
166.56	-68.725
166.64	-68.7562
166.72	-68.6625
166.8	-68.6937
166.88	-68.6
166.96	-68.7562
167.04	-68.6625
167.12	-68.6312
167.2	-68.6312
167.28	-68.5375
167.36	-68.6
167.44	-68.6625
167.52	-68.725
167.6	-68.6
167.68	-68.5688
167.76	-68.6625
167.84	-68.6312
167.92	-68.6625
168	-68.6625
168.08	-68.5062
168.16	-68.5688
168.24	-68.6
168.32	-68.6
168.4	-68.5062
168.48	-68.5688
168.56	-68.6625
168.64	-68.6625
168.72	-68.6312
168.8	-68.7562
168.88	-68.725
168.96	-68.6937
169.04	-68.725
169.12	-68.6625
169.2	-68.6312
169.28	-68.6937
169.36	-68.6625
169.44	-68.6
169.52	-68.6
169.6	-68.725
169.68	-68.6937
169.76	-68.6312
169.84	-68.5375
169.92	-68.5688
170	-68.6
170.08	-68.6937
170.16	-68.725
170.24	-68.6312
170.32	-68.7562
170.4	-68.6625
170.48	-68.7875
170.56	-68.725
170.64	-68.725
170.72	-68.6625
170.8	-68.725
170.88	-68.6937
170.96	-68.6937
171.04	-68.725
171.12	-68.6
171.2	-68.6625
171.28	-68.6625
171.36	-68.725
171.44	-68.725
171.52	-68.6625
171.6	-68.725
171.68	-68.7562
171.76	-68.6937
171.84	-68.725
171.92	-68.6937
172	-68.6937
172.08	-68.7562
172.16	-68.6625
172.24	-68.6312
172.32	-68.5688
172.4	-68.6625
172.48	-68.6937
172.56	-68.6625
172.64	-68.6625
172.72	-68.6625
172.8	-68.6312
172.88	-68.6625
172.96	-68.6625
173.04	-68.6
173.12	-68.6312
173.2	-68.6312
173.28	-68.6937
173.36	-68.6312
173.44	-68.6312
173.52	-68.6312
173.6	-68.5688
173.68	-68.6312
173.76	-68.6
173.84	-68.6625
173.92	-68.725
174	-68.6937
174.08	-68.6625
174.16	-68.725
174.24	-68.6937
174.32	-68.6312
174.4	-68.6625
174.48	-68.6
174.56	-68.6625
174.64	-68.6312
174.72	-68.7562
174.8	-68.725
174.88	-68.6625
174.96	-68.725
175.04	-68.7562
175.12	-68.6625
175.2	-68.6
175.28	-68.6625
175.36	-68.725
175.44	-68.725
175.52	-68.6625
175.6	-68.6312
175.68	-68.6625
175.76	-68.6625
175.84	-68.6625
175.92	-68.6625
176	-68.6312
176.08	-68.6625
176.16	-68.6937
176.24	-68.6312
176.32	-68.725
176.4	-68.6937
176.48	-68.725
176.56	-68.6625
176.64	-68.6937
176.72	-68.6312
176.8	-68.6625
176.88	-68.725
176.96	-68.6625
177.04	-68.6312
177.12	-68.6937
177.2	-68.7562
177.28	-68.6
177.36	-68.7875
177.44	-68.6937
177.52	-68.6937
177.6	-68.7562
177.68	-68.7562
177.76	-68.6312
177.84	-68.6312
177.92	-68.6937
178	-68.6
178.08	-68.6
178.16	-68.6937
178.24	-68.6937
178.32	-68.6625
178.4	-68.6625
178.48	-68.7562
178.56	-68.6625
178.64	-68.6625
178.72	-68.6625
178.8	-68.6
178.88	-68.5688
178.96	-68.6312
179.04	-68.6937
179.12	-68.6937
179.2	-68.5375
179.28	-68.5688
179.36	-68.6937
179.44	-68.6625
179.52	-68.7562
179.6	-68.6937
179.68	-68.725
179.76	-68.6937
179.84	-68.6937
179.92	-68.6312
180	-68.6937
180.08	-68.6625
180.16	-68.6
180.24	-68.6
180.32	-68.5375
180.4	-68.6312
180.48	-68.6937
180.56	-68.725
180.64	-68.725
180.72	-68.6625
180.8	-68.7875
180.88	-68.725
180.96	-68.7562
181.04	-68.6312
181.12	-68.725
181.2	-68.6937
181.28	-68.725
181.36	-68.85
181.44	-68.725
181.52	-68.725
181.6	-68.6937
181.68	-68.725
181.76	-68.7562
181.84	-68.6937
181.92	-68.7562
182	-68.6625
182.08	-68.6937
182.16	-68.7562
182.24	-68.725
182.32	-68.725
182.4	-68.725
182.48	-68.6937
182.56	-68.6625
182.64	-68.6625
182.72	-68.725
182.8	-68.725
182.88	-68.725
182.96	-68.6937
183.04	-68.6625
183.12	-68.7562
183.2	-68.7562
183.28	-68.725
183.36	-68.725
183.44	-68.7562
183.52	-68.6625
183.6	-68.6312
183.68	-68.725
183.76	-68.6
183.84	-68.6937
183.92	-68.6937
184	-68.7562
184.08	-68.6937
184.16	-68.6
184.24	-68.6625
184.32	-68.6937
184.4	-68.725
184.48	-68.6937
184.56	-68.6625
184.64	-68.6937
184.72	-68.725
184.8	-68.6937
184.88	-68.725
184.96	-68.725
185.04	-68.725
185.12	-68.6312
185.2	-68.725
185.28	-68.6
185.36	-68.6
185.44	-68.725
185.52	-68.5688
185.6	-68.6625
185.68	-68.6937
185.76	-68.6
185.84	-68.6937
185.92	-68.6625
186	-68.6
186.08	-68.6937
186.16	-68.6625
186.24	-68.6625
186.32	-68.6
186.4	-68.6625
186.48	-68.6625
186.56	-68.6
186.64	-68.6
186.72	-68.6937
186.8	-68.6312
186.88	-68.6
186.96	-68.6
187.04	-68.7562
187.12	-68.725
187.2	-68.6
187.28	-68.6625
187.36	-68.6
187.44	-68.6312
187.52	-68.6937
187.6	-68.725
187.68	-68.6937
187.76	-68.6625
187.84	-68.85
187.92	-68.7875
188	-68.7562
188.08	-68.725
188.16	-68.6625
188.24	-68.6937
188.32	-68.6937
188.4	-68.725
188.48	-68.7875
188.56	-68.725
188.64	-68.725
188.72	-68.725
188.8	-68.725
188.88	-68.6312
188.96	-68.725
189.04	-68.6312
189.12	-68.6937
189.2	-68.6625
189.28	-68.6937
189.36	-68.6625
189.44	-68.6
189.52	-68.6625
189.6	-68.6
189.68	-68.5688
189.76	-68.6
189.84	-68.6
189.92	-68.6625
190	-68.6312
190.08	-68.6625
190.16	-68.6
190.24	-68.6625
190.32	-68.6937
190.4	-68.725
190.48	-68.725
190.56	-68.6937
190.64	-68.7875
190.72	-68.6937
190.8	-68.6625
190.88	-68.6937
190.96	-68.6625
191.04	-68.725
191.12	-68.6937
191.2	-68.6937
191.28	-68.6625
191.36	-68.5688
191.44	-68.725
191.52	-68.6937
191.6	-68.5688
191.68	-68.5688
191.76	-68.7562
191.84	-68.6625
191.92	-68.6
192	-68.6625
192.08	-68.6
192.16	-68.6312
192.24	-68.5375
192.32	-68.7562
192.4	-68.6625
192.48	-68.6937
192.56	-68.725
192.64	-68.725
192.72	-68.8812
192.8	-68.725
192.88	-68.725
192.96	-68.6937
193.04	-68.725
193.12	-68.6937
193.2	-68.7562
193.28	-68.725
193.36	-68.6625
193.44	-68.7562
193.52	-68.725
193.6	-68.7562
193.68	-68.725
193.76	-68.725
193.84	-68.6937
193.92	-68.6937
194	-68.725
194.08	-68.6625
194.16	-68.6625
194.24	-68.6937
194.32	-68.7562
194.4	-68.6937
194.48	-68.7875
194.56	-68.725
194.64	-68.6625
194.72	-68.6312
194.8	-68.725
194.88	-68.725
194.96	-68.725
195.04	-68.725
195.12	-68.6625
195.2	-68.6625
195.28	-68.7562
195.36	-68.7562
195.44	-68.6937
195.52	-68.6937
195.6	-68.6312
195.68	-68.6
195.76	-68.6625
195.84	-68.5688
195.92	-68.5688
196	-68.5375
196.08	-68.6625
196.16	-68.6625
196.24	-68.6312
196.32	-68.6625
196.4	-68.6
196.48	-68.5688
196.56	-68.6
196.64	-68.5688
196.72	-68.6625
196.8	-68.6625
196.88	-68.6312
196.96	-68.6
197.04	-68.725
197.12	-68.725
197.2	-68.6937
197.28	-68.6625
197.36	-68.6625
197.44	-68.6625
197.52	-68.7562
197.6	-68.6625
197.68	-68.7562
197.76	-68.6937
197.84	-68.7875
197.92	-68.6937
198	-68.725
198.08	-68.6625
198.16	-68.6625
198.24	-68.7875
198.32	-68.725
198.4	-68.6625
198.48	-68.6937
198.56	-68.725
198.64	-68.725
198.72	-68.725
198.8	-68.725
198.88	-68.725
198.96	-68.725
199.04	-68.6937
199.12	-68.7875
199.2	-68.6937
199.28	-68.725
199.36	-68.7562
199.44	-68.6937
199.52	-68.6937
199.6	-68.725
199.68	-68.7875
199.76	-68.7562
199.84	-68.7562
199.92	-68.725
200	-68.7562
200.08	-68.6937
200.16	-68.725
200.24	-68.725
200.32	-68.725
200.4	-68.6
200.48	-68.6937
200.56	-68.6625
200.64	-68.5688
200.72	-68.6937
200.8	-68.6625
200.88	-68.725
200.96	-68.725
201.04	-68.7562
201.12	-68.6937
201.2	-68.6625
201.28	-68.725
201.36	-68.6937
201.44	-68.6
201.52	-68.7562
201.6	-68.7562
201.68	-68.7562
201.76	-68.6625
201.84	-68.725
201.92	-68.725
202	-68.7562
202.08	-68.725
202.16	-68.725
202.24	-68.7562
202.32	-68.6625
202.4	-68.6312
202.48	-68.725
202.56	-68.6
202.64	-68.725
202.72	-68.725
202.8	-68.6625
202.88	-68.6937
202.96	-68.725
203.04	-68.6
203.12	-68.6937
203.2	-68.6625
203.28	-68.6312
203.36	-68.6312
203.44	-68.6937
203.52	-68.6
203.6	-68.6625
203.68	-68.6
203.76	-68.6937
203.84	-68.725
203.92	-68.6937
204	-68.6625
204.08	-68.6937
204.16	-68.6937
204.24	-68.7562
204.32	-68.6937
204.4	-68.7562
204.48	-68.6937
204.56	-68.725
204.64	-68.6625
204.72	-68.6937
204.8	-68.6937
204.88	-68.7562
204.96	-68.725
205.04	-68.725
205.12	-68.7562
205.2	-68.725
205.28	-68.7562
205.36	-68.7562
205.44	-68.7562
205.52	-68.6937
205.6	-68.725
205.68	-68.6625
205.76	-68.7562
205.84	-68.6937
205.92	-68.6937
206	-68.6625
206.08	-68.6937
206.16	-68.725
206.24	-68.6
206.32	-68.6937
206.4	-68.6937
206.48	-68.725
206.56	-68.6625
206.64	-68.6937
206.72	-68.6937
206.8	-68.6625
206.88	-68.725
206.96	-68.6625
207.04	-68.6937
207.12	-68.6937
207.2	-68.725
207.28	-68.6625
207.36	-68.6
207.44	-68.7562
207.52	-68.6625
207.6	-68.6937
207.68	-68.6937
207.76	-68.7562
207.84	-68.725
207.92	-68.7562
208	-68.6625
208.08	-68.725
208.16	-68.7562
208.24	-68.7562
208.32	-68.7875
208.4	-68.725
208.48	-68.7562
208.56	-68.725
208.64	-68.7875
208.72	-68.725
208.8	-68.6937
208.88	-68.7562
208.96	-68.6625
209.04	-68.7875
209.12	-68.7562
209.2	-68.725
209.28	-68.725
209.36	-68.7562
209.44	-68.7562
209.52	-68.725
209.6	-68.725
209.68	-68.6937
209.76	-68.725
209.84	-68.6937
209.92	-68.6625
210	-68.7562
210.08	-68.6937
210.16	-68.6625
210.24	-68.725
210.32	-68.6937
210.4	-68.7875
210.48	-68.725
210.56	-68.725
210.64	-68.7562
210.72	-68.725
210.8	-68.7562
210.88	-68.8812
210.96	-68.8812
211.04	-68.725
211.12	-68.7562
211.2	-68.7562
211.28	-68.7562
211.36	-68.6937
211.44	-68.85
211.52	-68.7875
211.6	-68.725
211.68	-68.6625
211.76	-68.6625
211.84	-68.7562
211.92	-68.725
212	-68.6625
212.08	-68.6312
212.16	-68.6937
212.24	-68.7562
212.32	-68.7562
212.4	-68.725
212.48	-68.6937
212.56	-68.6312
212.64	-68.6
212.72	-68.6
212.8	-68.5375
212.88	-68.6625
212.96	-68.7562
213.04	-68.6625
213.12	-68.6937
213.2	-68.6625
213.28	-68.6
213.36	-68.7562
213.44	-68.725
213.52	-68.725
213.6	-68.7562
213.68	-68.7875
213.76	-68.725
213.84	-68.7562
213.92	-68.725
214	-68.7562
214.08	-68.8812
214.16	-68.6625
214.24	-68.85
214.32	-68.7562
214.4	-68.7562
214.48	-68.7562
214.56	-68.7875
214.64	-68.85
214.72	-68.7562
214.8	-68.6625
214.88	-68.6937
214.96	-68.7205
215.04	-68.7205
215.12	-68.7205
215.2	-68.7205
215.28	-68.7205
215.36	-68.75
215.44	-68.7812
215.52	-68.8125
215.6	-68.8125
215.68	-68.75
215.76	-68.7812
215.84	-68.9062
215.92	-68.7812
216	-68.75
216.08	-68.8125
216.16	-68.7812
216.24	-68.7812
216.32	-68.75
216.4	-68.7812
216.48	-68.7812
216.56	-68.75
216.64	-68.8438
216.72	-68.75
216.8	-68.75
216.88	-68.7812
216.96	-68.8125
217.04	-68.8438
217.12	-68.7812
217.2	-68.8125
217.28	-68.8125
217.36	-68.8125
217.44	-68.7187
217.52	-68.7812
217.6	-68.8125
217.68	-68.8438
217.76	-68.9375
217.84	-68.8438
217.92	-68.8125
218	-68.8125
218.08	-68.7812
218.16	-68.8438
218.24	-68.8438
218.32	-68.9062
218.4	-68.8125
218.48	-68.7812
218.56	-68.75
218.64	-68.8125
218.72	-68.8438
218.8	-68.7812
218.88	-68.7812
218.96	-68.8125
219.04	-68.7812
219.12	-68.7187
219.2	-68.7187
219.28	-68.7812
219.36	-68.8438
219.44	-68.7812
219.52	-68.8438
219.6	-68.8125
219.68	-68.7187
219.76	-68.7812
219.84	-68.7187
219.92	-68.8438
220	-68.75
220.08	-68.7812
220.16	-68.7187
220.24	-68.8125
220.32	-68.75
220.4	-68.7812
220.48	-68.7812
220.56	-68.7812
220.64	-68.9062
220.72	-68.8125
220.8	-68.8438
220.88	-68.7187
220.96	-68.7187
221.04	-68.7812
221.12	-68.8438
221.2	-68.8438
221.28	-68.8125
221.36	-68.7812
221.44	-68.9062
221.52	-68.8125
221.6	-68.9062
221.68	-68.8438
221.76	-68.8438
221.84	-68.7812
221.92	-68.8125
222	-68.8438
222.08	-68.8125
222.16	-68.8125
222.24	-68.8125
222.32	-68.8125
222.4	-68.75
222.48	-68.8125
222.56	-68.9375
222.64	-68.8438
222.72	-68.9375
222.8	-68.7812
222.88	-68.7812
222.96	-68.75
223.04	-68.8125
223.12	-68.8125
223.2	-68.8125
223.28	-68.75
223.36	-68.8438
223.44	-68.7812
223.52	-68.9062
223.6	-68.7812
223.68	-68.8125
223.76	-68.8438
223.84	-68.8438
223.92	-68.8438
224	-68.8438
224.08	-68.7812
224.16	-68.8125
224.24	-68.75
224.32	-68.7812
224.4	-68.7812
224.48	-68.7812
224.56	-68.8125
224.64	-68.7812
224.72	-68.8438
224.8	-68.8125
224.88	-68.75
224.96	-68.8125
225.04	-68.8125
225.12	-68.8438
225.2	-68.75
225.28	-68.7812
225.36	-68.9062
225.44	-68.9062
225.52	-68.8438
225.6	-68.7812
225.68	-68.9375
225.76	-68.9062
225.84	-68.9375
225.92	-68.9062
226	-68.9375
226.08	-68.9062
226.16	-68.8438
226.24	-68.8125
226.32	-68.7812
226.4	-68.8438
226.48	-68.8438
226.56	-68.8125
226.64	-68.9375
226.72	-69
226.8	-68.7812
226.88	-68.9062
226.96	-68.9375
227.04	-68.9062
227.12	-68.9688
227.2	-68.9062
227.28	-68.8438
227.36	-68.8438
227.44	-68.8438
227.52	-68.9062
227.6	-68.8125
227.68	-68.9375
227.76	-68.8438
227.84	-68.9062
227.92	-68.9375
228	-68.8438
228.08	-68.7812
228.16	-68.8438
228.24	-68.9062
228.32	-68.8438
228.4	-68.8438
228.48	-68.8438
228.56	-68.8438
228.64	-68.9375
228.72	-68.7812
228.8	-68.8125
228.88	-68.8438
228.96	-68.8125
229.04	-68.8125
229.12	-68.8438
229.2	-68.9062
229.28	-68.8125
229.36	-68.8125
229.44	-68.9062
229.52	-68.8438
229.6	-68.8125
229.68	-68.9062
229.76	-68.8125
229.84	-68.8125
229.92	-68.7187
230	-68.75
230.08	-68.7812
230.16	-68.8125
230.24	-68.8125
230.32	-68.8438
230.4	-68.7812
230.48	-68.8438
230.56	-68.9688
230.64	-68.8438
230.72	-68.9375
230.8	-68.9062
230.88	-68.7812
230.96	-68.9375
231.04	-68.8438
231.12	-68.9062
231.2	-68.8438
231.28	-68.9688
231.36	-68.8438
231.44	-68.9375
231.52	-68.9375
231.6	-68.9688
231.68	-68.9062
231.76	-68.9062
231.84	-68.9062
231.92	-68.8125
232	-68.8438
232.08	-68.9688
232.16	-68.7812
232.24	-68.8125
232.32	-68.8438
232.4	-68.7812
232.48	-68.8125
232.56	-68.9688
232.64	-68.9062
232.72	-68.75
232.8	-68.8438
232.88	-68.9062
232.96	-68.9688
233.04	-68.8125
233.12	-68.9062
233.2	-68.8438
233.28	-68.8125
233.36	-68.8438
233.44	-68.9062
233.52	-68.7812
233.6	-68.8125
233.68	-68.9375
233.76	-68.8438
233.84	-68.9062
233.92	-68.7812
234	-68.8438
234.08	-68.9688
234.16	-68.8125
234.24	-69.0313
234.32	-68.9062
234.4	-68.9062
234.48	-68.8438
234.56	-68.7812
234.64	-68.7812
234.72	-68.7187
234.8	-68.75
234.88	-68.8438
234.96	-68.9062
235.04	-68.7812
235.12	-68.7812
235.2	-68.8438
235.28	-68.8438
235.36	-68.7812
235.44	-68.9062
235.52	-68.8438
235.6	-68.8438
235.68	-68.8125
235.76	-68.8125
235.84	-68.7187
235.92	-68.8125
236	-68.75
236.08	-68.8125
236.16	-68.8438
236.24	-68.8125
236.32	-68.8438
236.4	-68.8438
236.48	-68.9062
236.56	-68.9375
236.64	-68.9062
236.72	-68.9062
236.8	-68.9062
236.88	-68.8438
236.96	-68.8125
237.04	-68.9375
237.12	-68.8125
237.2	-68.9062
237.28	-68.7812
237.36	-68.9375
237.44	-68.8125
237.52	-68.9062
237.6	-68.8438
237.68	-68.9375
237.76	-68.9688
237.84	-68.8438
237.92	-68.8438
238	-68.9062
238.08	-69
238.16	-68.9062
238.24	-68.9062
238.32	-68.9688
238.4	-68.9062
238.48	-68.7812
238.56	-68.8438
238.64	-68.9375
238.72	-68.8125
238.8	-68.8438
238.88	-68.8438
238.96	-68.8438
239.04	-68.9062
239.12	-68.8125
239.2	-68.7812
239.28	-68.8125
239.36	-68.8438
239.44	-68.7812
239.52	-68.75
239.6	-68.7812
239.68	-68.9062
239.76	-68.7812
239.84	-68.75
239.92	-68.9062
240	-68.7812
240.08	-68.9062
240.16	-68.8438
240.24	-68.8125
240.32	-68.75
240.4	-68.8438
240.48	-68.75
240.56	-68.8125
240.64	-68.9062
240.72	-68.8438
240.8	-68.8438
240.88	-68.9062
240.96	-68.8438
241.04	-68.9062
241.12	-68.8438
241.2	-68.8438
241.28	-69
241.36	-68.8125
241.44	-68.9375
241.52	-68.7812
241.6	-68.8125
241.68	-68.9062
241.76	-68.8125
241.84	-68.8438
241.92	-68.9062
242	-68.7812
242.08	-68.8438
242.16	-68.8438
242.24	-68.8438
242.32	-68.8438
242.4	-68.9688
242.48	-68.8125
242.56	-68.8125
242.64	-68.8438
242.72	-68.8438
242.8	-68.8125
242.88	-68.8125
242.96	-68.9375
243.04	-68.9062
243.12	-68.8438
243.2	-68.8125
243.28	-68.8438
243.36	-68.8125
243.44	-68.9688
243.52	-68.8438
243.6	-68.9375
243.68	-68.8438
243.76	-68.9375
243.84	-68.9062
243.92	-68.9375
244	-68.9375
244.08	-68.9375
244.16	-68.8125
244.24	-68.8438
244.32	-68.8438
244.4	-68.9375
244.48	-68.9062
244.56	-68.8438
244.64	-68.9375
244.72	-68.7187
244.8	-68.7812
244.88	-68.8125
244.96	-68.8438
245.04	-68.8125
245.12	-68.8125
245.2	-68.8125
245.28	-68.9062
245.36	-68.7187
245.44	-68.8125
245.52	-68.7812
245.6	-68.9062
245.68	-68.8438
245.76	-68.8125
245.84	-68.9375
245.92	-68.9375
246	-68.7812
246.08	-68.7812
246.16	-68.9062
246.24	-68.7812
246.32	-68.7812
246.4	-68.7812
246.48	-68.7812
246.56	-68.8125
246.64	-68.8438
246.72	-68.9062
246.8	-68.9062
246.88	-68.8438
246.96	-68.8125
247.04	-68.7812
247.12	-68.8125
247.2	-68.8438
247.28	-68.7812
247.36	-68.75
247.44	-68.7812
247.52	-68.7812
247.6	-68.8438
247.68	-68.8438
247.76	-68.8125
247.84	-68.8125
247.92	-68.7812
248	-68.8125
248.08	-68.8438
248.16	-68.9062
248.24	-68.9375
248.32	-68.8438
248.4	-68.9688
248.48	-68.8438
248.56	-68.7812
248.64	-68.9062
248.72	-68.9375
248.8	-68.8125
248.88	-68.9062
248.96	-68.9688
249.04	-68.8438
249.12	-68.9375
249.2	-68.9375
249.28	-68.9375
249.36	-68.8438
249.44	-68.7812
249.52	-68.8125
249.6	-68.7812
249.68	-68.9062
249.76	-68.8438
249.84	-68.9062
249.92	-68.75
250	-68.8125
250.08	-68.8125
250.16	-68.8125
250.24	-68.9062
250.32	-68.8125
250.4	-68.8438
250.48	-68.8125
250.56	-68.7812
250.64	-68.75
250.72	-68.8438
250.8	-68.8438
250.88	-68.8438
250.96	-68.8438
251.04	-68.8438
251.12	-68.8438
251.2	-68.8125
251.28	-68.7812
251.36	-68.8438
251.44	-68.9062
251.52	-68.9062
251.6	-68.8125
251.68	-68.7812
251.76	-68.9062
251.84	-68.9688
251.92	-68.9375
252	-68.9375
252.08	-68.9062
252.16	-68.9062
252.24	-68.9062
252.32	-68.9062
252.4	-68.9062
252.48	-68.8438
252.56	-68.8438
252.64	-68.8125
252.72	-68.7812
252.8	-68.7187
252.88	-68.8125
252.96	-68.7812
253.04	-68.8438
253.12	-68.7812
253.2	-68.7812
253.28	-68.8438
253.36	-68.9375
253.44	-68.7812
253.52	-68.8125
253.6	-68.8438
253.68	-68.7812
253.76	-68.8125
253.84	-68.7812
253.92	-68.75
254	-68.8125
254.08	-68.8125
254.16	-68.8125
254.24	-68.8125
254.32	-68.8125
254.4	-68.9688
254.48	-68.9688
254.56	-68.9375
254.64	-68.8438
254.72	-68.9062
254.8	-68.9062
254.88	-68.9062
254.96	-68.8438
255.04	-68.8438
255.12	-68.9375
255.2	-68.9062
255.28	-68.9688
255.36	-68.9375
255.44	-68.8438
255.52	-68.9062
255.6	-68.8438
255.68	-68.8125
255.76	-68.9375
255.84	-68.7812
255.92	-68.7187
256	-68.8438
256.08	-68.8438
256.16	-68.8438
256.24	-68.8125
256.32	-68.8438
256.4	-68.8125
256.48	-68.75
256.56	-68.8438
256.64	-68.7812
256.72	-68.8125
256.8	-68.8438
256.88	-68.9062
256.96	-68.9062
257.04	-68.7812
257.12	-68.75
257.2	-68.7812
257.28	-68.8125
257.36	-68.8438
257.44	-68.8125
257.52	-68.8438
257.6	-68.9062
257.68	-68.9375
257.76	-68.9375
257.84	-68.8438
257.92	-68.8438
258	-68.7812
258.08	-68.9688
258.16	-68.9062
258.24	-68.9375
258.32	-68.9688
258.4	-68.8438
258.48	-68.8125
258.56	-68.9375
258.64	-68.9375
258.72	-68.9375
258.8	-68.7812
258.88	-68.8125
258.96	-68.9375
259.04	-68.8438
259.12	-68.9375
259.2	-68.9375
259.28	-68.8438
259.36	-68.8438
259.44	-68.7812
259.52	-68.7812
259.6	-68.8125
259.68	-68.9375
259.76	-68.9062
259.84	-68.9062
259.92	-68.9375
260	-68.9375
260.08	-68.9375
260.16	-68.9688
260.24	-68.9062
260.32	-68.8125
260.4	-68.9062
260.48	-68.7812
260.56	-68.9062
260.64	-68.8125
260.72	-68.8438
260.8	-68.8438
260.88	-68.9062
260.96	-68.7812
261.04	-68.8438
261.12	-68.8125
261.2	-68.9062
261.28	-68.8125
261.36	-68.8438
261.44	-68.7812
261.52	-68.8125
261.6	-68.8438
261.68	-68.8438
261.76	-68.8438
261.84	-68.8125
261.92	-68.7812
262	-68.8438
262.08	-68.7812
262.16	-68.8438
262.24	-68.9062
262.32	-68.9062
262.4	-68.8125
262.48	-68.75
262.56	-68.9062
262.64	-68.9062
262.72	-68.8125
262.8	-68.8125
262.88	-68.7812
262.96	-68.8125
263.04	-68.7812
263.12	-68.7812
263.2	-68.7187
263.28	-68.7812
263.36	-68.9062
263.44	-68.7812
263.52	-68.8125
263.6	-68.7812
263.68	-68.8125
263.76	-68.7812
263.84	-68.8125
263.92	-68.8125
264	-68.8125
264.08	-68.8438
264.16	-68.7812
264.24	-68.8125
264.32	-68.8438
264.4	-68.8438
264.48	-68.75
264.56	-68.8438
264.64	-68.8125
264.72	-68.7812
264.8	-68.8438
264.88	-68.7812
264.96	-69
265.04	-68.8438
265.12	-68.8125
265.2	-68.8438
265.28	-68.7812
265.36	-68.8438
265.44	-68.7812
265.52	-68.8125
265.6	-68.9375
265.68	-68.8438
265.76	-68.9062
265.84	-68.7812
265.92	-68.8125
266	-68.9062
266.08	-68.8438
266.16	-68.8125
266.24	-68.75
266.32	-68.8125
266.4	-68.8438
266.48	-68.9062
266.56	-68.9375
266.64	-68.8125
266.72	-68.8125
266.8	-68.7812
266.88	-68.8438
266.96	-68.8438
267.04	-68.75
267.12	-68.8438
267.2	-68.8125
267.28	-68.7812
267.36	-68.7812
267.44	-68.7812
267.52	-68.75
267.6	-68.8438
267.68	-68.9062
267.76	-68.9062
267.84	-68.8125
267.92	-68.75
268	-68.8125
268.08	-68.9062
268.16	-68.8125
268.24	-68.7812
268.32	-68.9688
268.4	-68.9375
268.48	-68.9375
268.56	-68.8438
268.64	-68.8125
268.72	-68.8438
268.8	-68.9062
268.88	-68.7812
268.96	-68.8438
269.04	-68.8438
269.12	-68.7187
269.2	-68.8125
269.28	-68.75
269.36	-68.8125
269.44	-68.8438
269.52	-68.8125
269.6	-68.9062
269.68	-68.8438
269.76	-68.8438
269.84	-68.8125
269.92	-68.8438
270	-68.8125
270.08	-68.7812
270.16	-68.7187
270.24	-68.9062
270.32	-68.8438
270.4	-68.8125
270.48	-68.9062
270.56	-68.9375
270.64	-68.9062
270.72	-68.8438
270.8	-68.8438
270.88	-68.8125
270.96	-68.9062
271.04	-68.9375
271.12	-68.9688
271.2	-68.9375
271.28	-68.9062
271.36	-68.8438
271.44	-68.8125
271.52	-68.7812
271.6	-68.8438
271.68	-68.7812
271.76	-68.9062
271.84	-68.9375
271.92	-68.8438
272	-68.9062
272.08	-68.9375
272.16	-68.9375
272.24	-68.9062
272.32	-68.9062
272.4	-68.9062
272.48	-68.8438
272.56	-68.8125
272.64	-68.7812
272.72	-68.7812
272.8	-68.8125
272.88	-68.8125
272.96	-68.9062
273.04	-68.7812
273.12	-68.9375
273.2	-68.8125
273.28	-68.75
273.36	-68.75
273.44	-68.8438
273.52	-68.9062
273.6	-68.7812
273.68	-68.7812
273.76	-68.75
273.84	-68.7812
273.92	-68.7812
274	-68.7812
274.08	-68.8125
274.16	-68.7812
274.24	-68.7812
274.32	-68.8438
274.4	-68.7812
274.48	-68.7812
274.56	-68.8125
274.64	-68.9062
274.72	-68.9688
274.8	-68.8438
274.88	-68.7812
274.96	-68.8438
275.04	-68.7812
275.12	-68.8125
275.2	-68.8438
275.28	-68.7187
275.36	-68.75
275.44	-68.8125
275.52	-68.9688
275.6	-68.8125
275.68	-68.9062
275.76	-68.8438
275.84	-68.9062
275.92	-68.8125
276	-68.6875
276.08	-68.7812
276.16	-68.75
276.24	-68.9062
276.32	-68.8438
276.4	-68.8125
276.48	-68.8438
276.56	-68.9062
276.64	-68.8125
276.72	-68.8438
276.8	-68.8438
276.88	-68.7187
276.96	-68.75
277.04	-68.8125
277.12	-68.9062
277.2	-68.7812
277.28	-68.7812
277.36	-68.7812
277.44	-68.9062
277.52	-68.75
277.6	-68.9062
277.68	-68.8438
277.76	-68.8438
277.84	-68.9062
277.92	-68.9062
278	-68.9062
278.08	-68.8125
278.16	-68.8125
278.24	-68.7812
278.32	-68.8438
278.4	-68.8125
278.48	-68.75
278.56	-68.75
278.64	-68.8438
278.72	-68.7812
278.8	-68.7187
278.88	-68.8438
278.96	-68.8438
279.04	-68.9062
279.12	-68.8125
279.2	-68.8125
279.28	-68.9688
279.36	-68.8438
279.44	-68.8125
279.52	-68.8125
279.6	-68.9062
279.68	-68.8125
279.76	-68.9062
279.84	-68.7812
279.92	-68.7812
280	-68.8125
280.08	-68.7812
280.16	-68.7812
280.24	-68.75
280.32	-68.8125
280.4	-68.75
280.48	-68.8125
280.56	-68.8438
280.64	-68.7812
280.72	-68.9375
280.8	-68.9375
280.88	-68.9062
280.96	-68.8125
281.04	-68.7812
281.12	-68.9062
281.2	-68.8125
281.28	-68.9062
281.36	-68.8125
281.44	-69
281.52	-68.9062
281.6	-69
281.68	-68.8125
281.76	-68.9375
281.84	-68.9062
281.92	-68.9375
282	-68.9688
282.08	-68.9062
282.16	-68.7812
282.24	-68.9062
282.32	-68.8125
282.4	-68.8438
282.48	-68.9062
282.56	-68.8438
282.64	-68.8438
282.72	-68.9062
282.8	-68.8125
282.88	-68.8438
282.96	-68.8125
283.04	-68.7187
283.12	-68.8125
283.2	-68.7187
283.28	-68.8438
283.36	-68.75
283.44	-68.7812
283.52	-68.9062
283.6	-68.9375
283.68	-68.9375
283.76	-68.7812
283.84	-68.75
283.92	-68.7812
284	-68.7812
284.08	-68.9062
284.16	-68.9375
284.24	-68.8438
284.32	-68.7812
284.4	-68.8438
284.48	-68.8125
284.56	-68.7812
284.64	-68.7812
284.72	-68.75
284.8	-68.7812
284.88	-68.75
284.96	-68.8438
285.04	-68.8438
285.12	-68.7812
285.2	-68.75
285.28	-68.75
285.36	-68.8438
285.44	-68.8125
285.52	-68.7812
285.6	-68.75
285.68	-68.75
285.76	-68.75
285.84	-68.7812
285.92	-68.7812
286	-68.75
286.08	-68.7187
286.16	-68.75
286.24	-68.75
286.32	-68.75
286.4	-68.6875
286.48	-68.7812
286.56	-68.75
286.64	-68.6563
286.72	-68.7812
286.8	-68.8125
286.88	-68.7812
286.96	-68.7187
287.04	-68.7187
287.12	-68.6563
287.2	-68.7812
287.28	-68.75
287.36	-68.6875
287.44	-68.6875
287.52	-68.75
287.6	-68.75
287.68	-68.75
287.76	-68.75
287.84	-68.7812
287.92	-68.7812
288	-68.8438
288.08	-68.75
288.16	-68.8438
288.24	-68.9062
288.32	-68.8125
288.4	-68.8125
288.48	-68.7812
288.56	-68.7187
288.64	-68.7187
288.72	-68.6563
288.8	-68.75
288.88	-68.8125
288.96	-68.7187
289.04	-68.7812
289.12	-68.75
289.2	-68.9062
289.28	-68.8125
289.36	-68.7187
289.44	-68.8125
289.52	-68.6875
289.6	-68.75
289.68	-68.7812
289.76	-68.6875
289.84	-68.75
289.92	-68.7187
290	-68.7187
290.08	-68.6875
290.16	-68.6563
290.24	-68.7187
290.32	-68.75
290.4	-68.75
290.48	-68.7812
290.56	-68.7812
290.64	-68.75
290.72	-68.75
290.8	-68.7187
290.88	-68.75
290.96	-68.6875
291.04	-68.6875
291.12	-68.8125
291.2	-68.75
291.28	-68.7812
291.36	-68.75
291.44	-68.7812
291.52	-68.6875
291.6	-68.8125
291.68	-68.6875
291.76	-68.5937
291.84	-68.625
291.92	-68.6563
292	-68.7187
292.08	-68.6563
292.16	-68.625
292.24	-68.75
292.32	-68.625
292.4	-68.6563
292.48	-68.625
292.56	-68.7187
292.64	-68.6563
292.72	-68.5937
292.8	-68.6563
292.88	-68.6563
292.96	-68.7187
293.04	-68.8125
293.12	-68.7187
293.2	-68.7187
293.28	-68.7187
293.36	-68.6875
293.44	-68.75
293.52	-68.6875
293.6	-68.6563
293.68	-68.6563
293.76	-68.5937
293.84	-68.6563
293.92	-68.625
294	-68.6563
294.08	-68.6563
294.16	-68.625
294.24	-68.5937
294.32	-68.625
294.4	-68.625
294.48	-68.625
294.56	-68.6563
294.64	-68.625
294.72	-68.5937
294.8	-68.7187
294.88	-68.5313
294.96	-68.5625
295.04	-68.6875
295.12	-68.6875
295.2	-68.625
295.28	-68.5313
295.36	-68.625
295.44	-68.5313
295.52	-68.5625
295.6	-68.625
295.68	-68.5937
295.76	-68.5937
295.84	-68.4687
295.92	-68.5
296	-68.5937
296.08	-68.5625
296.16	-68.5313
296.24	-68.5
296.32	-68.5625
296.4	-68.5
296.48	-68.5313
296.56	-68.5313
296.64	-68.5937
296.72	-68.5937
296.8	-68.5313
296.88	-68.5937
296.96	-68.5313
297.04	-68.5937
297.12	-68.5937
297.2	-68.625
297.28	-68.625
297.36	-68.5625
297.44	-68.5937
297.52	-68.5625
297.6	-68.625
297.68	-68.5937
297.76	-68.625
297.84	-68.625
297.92	-68.5937
298	-68.625
298.08	-68.7187
298.16	-68.7187
298.24	-68.7187
298.32	-68.6875
298.4	-68.6563
298.48	-68.6563
298.56	-68.6563
298.64	-68.6563
298.72	-68.5937
298.8	-68.7187
298.88	-68.6875
298.96	-68.625
299.04	-68.625
299.12	-68.6563
299.2	-68.5937
299.28	-68.5937
299.36	-68.6563
299.44	-68.75
299.52	-68.5937
299.6	-68.6563
299.68	-68.625
299.76	-68.6875
299.84	-68.6563
299.92	-68.7187
300	-68.6563
300.08	-68.6563
300.16	-68.6563
300.24	-68.6875
300.32	-68.625
300.4	-68.7187
300.48	-68.5937
300.56	-68.625
300.64	-68.625
300.72	-68.6875
300.8	-68.5937
300.88	-68.5625
300.96	-68.625
301.04	-68.5625
301.12	-68.5937
301.2	-68.6563
301.28	-68.625
301.36	-68.5937
301.44	-68.5937
301.52	-68.6563
301.6	-68.625
301.68	-68.5625
301.76	-68.5313
301.84	-68.625
301.92	-68.5937
302	-68.5625
302.08	-68.625
302.16	-68.6563
302.24	-68.625
302.32	-68.6563
302.4	-68.6875
302.48	-68.5625
302.56	-68.5937
302.64	-68.5937
302.72	-68.625
302.8	-68.5625
302.88	-68.625
302.96	-68.5625
303.04	-68.5937
303.12	-68.5313
303.2	-68.625
303.28	-68.6563
303.36	-68.6563
303.44	-68.625
303.52	-68.5937
303.6	-68.5937
303.68	-68.625
303.76	-68.6563
303.84	-68.6563
303.92	-68.6563
304	-68.5937
304.08	-68.625
304.16	-68.6563
304.24	-68.7187
304.32	-68.75
304.4	-68.75
304.48	-68.7187
304.56	-68.7187
304.64	-68.6563
304.72	-68.6563
304.8	-68.6563
304.88	-68.7187
304.96	-68.6563
305.04	-68.7812
305.12	-68.6563
305.2	-68.7187
305.28	-68.6875
305.36	-68.7187
305.44	-68.6563
305.52	-68.7187
305.6	-68.7187
305.68	-68.625
305.76	-68.6875
305.84	-68.625
305.92	-68.6563
306	-68.5937
306.08	-68.5937
306.16	-68.5937
306.24	-68.6875
306.32	-68.5937
306.4	-68.5625
306.48	-68.625
306.56	-68.625
306.64	-68.5625
306.72	-68.5625
306.8	-68.5937
306.88	-68.4687
306.96	-68.5625
307.04	-68.5937
307.12	-68.625
307.2	-68.625
307.28	-68.625
307.36	-68.6563
307.44	-68.6563
307.52	-68.6563
307.6	-68.5937
307.68	-68.625
307.76	-68.6563
307.84	-68.75
307.92	-68.6875
308	-68.6563
308.08	-68.5625
308.16	-68.5937
308.24	-68.6563
308.32	-68.6563
308.4	-68.6875
308.48	-68.625
308.56	-68.5625
308.64	-68.625
308.72	-68.5937
308.8	-68.6563
308.88	-68.6875
308.96	-68.7812
309.04	-68.7187
309.12	-68.5937
309.2	-68.625
309.28	-68.625
309.36	-68.625
309.44	-68.75
309.52	-68.7187
309.6	-68.5937
309.68	-68.7187
309.76	-68.5937
309.84	-68.5937
309.92	-68.6875
310	-68.6875
310.08	-68.5937
310.16	-68.5937
310.24	-68.6563
310.32	-68.5937
310.4	-68.7187
310.48	-68.7187
310.56	-68.7187
310.64	-68.6563
310.72	-68.75
310.8	-68.5313
310.88	-68.7187
310.96	-68.7187
311.04	-68.7187
311.12	-68.625
311.2	-68.5937
311.28	-68.6875
311.36	-68.8125
311.44	-68.8125
311.52	-68.8125
311.6	-68.75
311.68	-68.7812
311.76	-68.75
311.84	-68.7812
311.92	-68.6875
312	-68.7812
312.08	-68.6875
312.16	-68.7187
312.24	-68.7812
312.32	-68.6875
312.4	-68.7187
312.48	-68.6563
312.56	-68.75
312.64	-68.6563
312.72	-68.5937
312.8	-68.6563
312.88	-68.6875
312.96	-68.6563
313.04	-68.6875
313.12	-68.625
313.2	-68.7187
313.28	-68.7187
313.36	-68.625
313.44	-68.5937
313.52	-68.7812
313.6	-68.625
313.68	-68.5937
313.76	-68.625
313.84	-68.6875
313.92	-68.7187
314	-68.6563
314.08	-68.6875
314.16	-68.6875
314.24	-68.625
314.32	-68.6875
314.4	-68.6875
314.48	-68.625
314.56	-68.7187
314.64	-68.6875
314.72	-68.6563
314.8	-68.7187
314.88	-68.6563
