3937 2
0	-68.9375
0.08	-68.9688
0.16	-69
0.24	-68.9688
0.32	-68.9688
0.4	-68.9688
0.48	-68.9062
0.56	-68.9375
0.64	-68.9062
0.72	-68.7812
0.8	-68.8125
0.88	-68.9062
0.96	-68.9688
1.04	-68.9062
1.12	-68.9688
1.2	-68.9688
1.28	-68.9062
1.36	-68.9375
1.44	-68.9688
1.52	-68.9375
1.6	-68.9688
1.68	-68.9688
1.76	-69
1.84	-68.9688
1.92	-68.9688
2	-68.8438
2.08	-68.9375
2.16	-68.9688
2.24	-69
2.32	-69
2.4	-69
2.48	-68.9688
2.56	-69.0313
2.64	-69.0313
2.72	-69.0625
2.8	-69.0313
2.88	-69.0625
2.96	-69
3.04	-68.9688
3.12	-69
3.2	-68.9688
3.28	-69.0313
3.36	-68.9688
3.44	-69.0625
3.52	-69.0313
3.6	-68.9688
3.68	-69.0313
3.76	-69.0313
3.84	-68.9062
3.92	-69.0625
4	-69
4.08	-69
4.16	-68.9688
4.24	-69.0625
4.32	-68.9688
4.4	-68.9375
4.48	-68.9062
4.56	-69
4.64	-68.9375
4.72	-69
4.8	-69
4.88	-69.0625
4.96	-68.9062
5.04	-68.9688
5.12	-69.0313
5.2	-68.9375
5.28	-69
5.36	-68.9062
5.44	-68.9062
5.52	-68.9375
5.6	-68.9375
5.68	-69
5.76	-68.8438
5.84	-68.8125
5.92	-68.9688
6	-68.9375
6.08	-68.9375
6.16	-69
6.24	-68.9375
6.32	-68.9688
6.4	-68.9375
6.48	-68.9375
6.56	-68.9375
6.64	-68.9688
6.72	-68.9688
6.8	-69
6.88	-68.9062
6.96	-69
7.04	-68.9375
7.12	-68.9688
7.2	-68.8438
7.28	-68.8438
7.36	-68.9688
7.44	-68.9062
7.52	-68.9062
7.6	-69
7.68	-68.9688
7.76	-68.9062
7.84	-68.9688
7.92	-68.9062
8	-69
8.08	-68.9688
8.16	-68.8125
8.24	-68.9375
8.32	-68.8438
8.4	-68.9375
8.48	-68.9062
8.56	-69.0313
8.64	-68.9062
8.72	-68.9688
8.8	-68.9375
8.88	-68.9375
8.96	-69
9.04	-68.9688
9.12	-68.9062
9.2	-68.9375
9.28	-69.0625
9.36	-69.0313
9.44	-69.0625
9.52	-68.9688
9.6	-69
9.68	-69.0313
9.76	-69.0625
9.84	-69.0313
9.92	-69.0625
10	-68.9688
10.08	-68.9375
10.16	-69
10.24	-69
10.32	-69
10.4	-68.8125
10.48	-68.9375
10.56	-68.9688
10.64	-69
10.72	-68.9375
10.8	-68.9375
10.88	-69.0313
10.96	-68.9375
11.04	-69
11.12	-69.0313
11.2	-69.0313
11.28	-69
11.36	-68.9062
11.44	-68.9062
11.52	-68.9375
11.6	-68.9062
11.68	-68.9375
11.76	-69
11.84	-68.8438
11.92	-68.9375
12	-68.8438
12.08	-69
12.16	-68.9688
12.24	-68.9375
12.32	-69.0313
12.4	-68.9688
12.48	-68.9688
12.56	-68.9688
12.64	-68.9062
12.72	-68.9375
12.8	-68.9062
12.88	-68.9375
12.96	-69.0313
13.04	-68.9375
13.12	-68.9375
13.2	-68.9688
13.28	-69.0313
13.36	-68.9375
13.44	-68.9688
13.52	-68.9688
13.6	-68.8438
13.68	-69.0313
13.76	-68.9375
13.84	-69.0625
13.92	-68.8438
14	-69
14.08	-69
14.16	-68.9688
14.24	-69
14.32	-68.9688
14.4	-68.9688
14.48	-68.9688
14.56	-68.9062
14.64	-68.9375
14.72	-68.9062
14.8	-68.9688
14.88	-68.9688
14.96	-68.955
15.04	-68.955
15.12	-68.955
15.2	-68.955
15.28	-68.955
15.36	-68.7675
15.44	-68.58
15.52	-68.4862
15.6	-68.2988
15.68	-68.2363
15.76	-68.1425
15.84	-68.0487
15.92	-67.955
16	-67.7988
16.08	-67.7988
16.16	-67.7988
16.24	-67.7675
16.32	-67.6737
16.4	-67.5175
16.48	-67.5175
16.56	-67.4863
16.64	-67.455
16.72	-67.2988
16.8	-67.2988
16.88	-67.1738
16.96	-67.2362
17.04	-67.1738
17.12	-67.1425
17.2	-67.08
17.28	-67.0487
17.36	-66.9863
17.44	-66.8925
17.52	-66.7988
17.6	-66.7675
17.68	-66.7362
17.76	-66.7362
17.84	-66.6738
17.92	-66.6738
18	-66.6112
18.08	-66.5175
18.16	-66.58
18.24	-66.4237
18.32	-66.4237
18.4	-66.3925
18.48	-66.3613
18.56	-66.33
18.64	-66.205
18.72	-66.1112
18.8	-66.08
18.88	-66.1112
18.96	-66.08
19.04	-65.9862
19.12	-66.0488
19.2	-65.9862
19.28	-65.9237
19.36	-65.9237
19.44	-65.9237
19.52	-65.83
19.6	-65.7363
19.68	-65.6738
19.76	-65.7363
19.84	-65.6738
19.92	-65.5175
20	-65.5488
20.08	-65.6425
20.16	-65.455
20.24	-65.5175
20.32	-65.455
20.4	-65.4862
20.48	-65.3925
20.56	-65.205
20.64	-65.205
20.72	-65.2363
20.8	-65.1425
20.88	-65.08
20.96	-65.0488
21.04	-65.08
21.12	-65.08
21.2	-65.0488
21.28	-65.0175
21.36	-64.955
21.44	-65.0175
21.52	-64.955
21.6	-64.83
21.68	-64.9237
21.76	-64.9863
21.84	-64.7675
21.92	-64.705
22	-64.6425
22.08	-64.6425
22.16	-64.6738
22.24	-64.58
22.32	-64.6112
22.4	-64.5175
22.48	-64.5175
22.56	-64.5175
22.64	-64.4238
22.72	-64.4238
22.8	-64.2987
22.88	-64.2675
22.96	-64.1738
23.04	-64.205
23.12	-64.1425
23.2	-64.1738
23.28	-64.1425
23.36	-64.0487
23.44	-64.0175
23.52	-63.955
23.6	-64.0175
23.68	-63.955
23.76	-63.8925
23.84	-63.8925
23.92	-63.7675
24	-63.7362
24.08	-63.7362
24.16	-63.6737
24.24	-63.7362
24.32	-63.6737
24.4	-63.705
24.48	-63.58
24.56	-63.4863
24.64	-63.4863
24.72	-63.4237
24.8	-63.455
24.88	-63.3613
24.96	-63.3925
25.04	-63.3925
25.12	-63.3613
25.2	-63.3613
25.28	-63.33
25.36	-63.2988
25.44	-63.2988
25.52	-63.2363
25.6	-63.2363
25.68	-63.1425
25.76	-63.1425
25.84	-63.0488
25.92	-63.1112
26	-62.9863
26.08	-63.0175
26.16	-62.9238
26.24	-62.955
26.32	-62.8925
26.4	-62.9238
26.48	-62.83
26.56	-62.83
26.64	-62.7675
26.72	-62.6738
26.8	-62.6112
26.88	-62.705
26.96	-62.6112
27.04	-62.6425
27.12	-62.6112
27.2	-62.5175
27.28	-62.58
27.36	-62.4863
27.44	-62.58
27.52	-62.455
27.6	-62.3613
27.68	-62.2987
27.76	-62.3925
27.84	-62.4238
27.92	-62.2987
28	-62.1113
28.08	-62.2362
28.16	-62.1425
28.24	-62.1425
28.32	-62.08
28.4	-62.1425
28.48	-62.08
28.56	-62.08
28.64	-62.0175
28.72	-61.8925
28.8	-61.9862
28.88	-61.8925
28.96	-61.9237
29.04	-61.9237
29.12	-61.8925
29.2	-61.7988
29.28	-61.7362
29.36	-61.83
29.44	-61.7362
29.52	-61.7362
29.6	-61.705
29.68	-61.6737
29.76	-61.6737
29.84	-61.6113
29.92	-61.705
30	-61.58
30.08	-61.6425
30.16	-61.58
30.24	-61.5488
30.32	-61.4237
30.4	-61.4237
30.48	-61.4237
30.56	-61.33
30.64	-61.3925
30.72	-61.33
30.8	-61.2363
30.88	-61.2363
30.96	-61.2363
31.04	-61.2363
31.12	-61.2363
31.2	-61.1738
31.28	-61.205
31.36	-61.08
31.44	-61.1425
31.52	-61.1112
31.6	-61.08
31.68	-61.1112
31.76	-61.0175
31.84	-60.9863
31.92	-60.955
32	-60.9238
32.08	-60.955
32.16	-60.9238
32.24	-60.8612
32.32	-60.83
32.4	-60.7675
32.48	-60.7363
32.56	-60.705
32.64	-60.6738
32.72	-60.6738
32.8	-60.6425
32.88	-60.6113
32.96	-60.6113
33.04	-60.5487
33.12	-60.455
33.2	-60.3925
33.28	-60.5487
33.36	-60.5175
33.44	-60.5175
33.52	-60.3613
33.6	-60.4238
33.68	-60.3925
33.76	-60.2988
33.84	-60.2362
33.92	-60.2988
34	-60.205
34.08	-60.2362
34.16	-60.1738
34.24	-60.1738
34.32	-60.08
34.4	-60.1425
34.48	-60.0488
34.56	-60.0488
34.64	-59.9862
34.72	-60.08
34.8	-59.955
34.88	-60.08
34.96	-59.955
35.04	-59.9237
35.12	-59.83
35.2	-59.83
35.28	-59.7675
35.36	-59.83
35.44	-59.7988
35.52	-59.7988
35.6	-59.7988
35.68	-59.6737
35.76	-59.6737
35.84	-59.7363
35.92	-59.7675
36	-59.6425
36.08	-59.58
36.16	-59.6112
36.24	-59.6737
36.32	-59.6425
36.4	-59.6112
36.48	-59.4863
36.56	-59.4863
36.64	-59.2988
36.72	-59.3925
36.8	-59.33
36.88	-59.455
36.96	-59.2363
37.04	-59.33
37.12	-59.2363
37.2	-59.2675
37.28	-59.1738
37.36	-59.205
37.44	-59.1738
37.52	-59.1738
37.6	-59.1112
37.68	-59.1112
37.76	-59.08
37.84	-59.1112
37.92	-59.08
38	-58.9863
38.08	-58.9863
38.16	-58.955
38.24	-58.8925
38.32	-58.955
38.4	-58.8925
38.48	-58.955
38.56	-58.7987
38.64	-58.7675
38.72	-58.7987
38.8	-58.6738
38.88	-58.6425
38.96	-58.7675
39.04	-58.6425
39.12	-58.6425
39.2	-58.6738
39.28	-58.58
39.36	-58.58
39.44	-58.455
39.52	-58.5175
39.6	-58.4862
39.68	-58.455
39.76	-58.3925
39.84	-58.3613
39.92	-58.4238
40	-58.3613
40.08	-58.2675
40.16	-58.2675
40.24	-58.2675
40.32	-58.2362
40.4	-58.2362
40.48	-58.205
40.56	-58.205
40.64	-58.2362
40.72	-58.1737
40.8	-58.1425
40.88	-58.1737
40.96	-58.08
41.04	-58.1113
41.12	-58.0175
41.2	-57.83
41.28	-58.1113
41.36	-57.9863
41.44	-57.9863
41.52	-57.955
41.6	-57.955
41.68	-57.8613
41.76	-57.83
41.84	-57.7675
41.92	-57.705
42	-57.7675
42.08	-57.7363
42.16	-57.8613
42.24	-57.7988
42.32	-57.83
42.4	-57.6112
42.48	-57.6737
42.56	-57.6425
42.64	-57.6425
42.72	-57.6737
42.8	-57.6737
42.88	-57.58
42.96	-57.58
43.04	-57.4863
43.12	-57.4863
43.2	-57.5175
43.28	-57.3925
43.36	-57.33
43.44	-57.2987
43.52	-57.33
43.6	-57.2987
43.68	-57.2987
43.76	-57.2675
43.84	-57.2675
43.92	-57.2363
44	-57.205
44.08	-57.08
44.16	-57.0487
44.24	-57.1112
44.32	-57.0487
44.4	-56.9863
44.48	-56.955
44.56	-56.955
44.64	-56.9238
44.72	-56.8925
44.8	-56.9238
44.88	-56.7987
44.96	-56.7362
45.04	-56.8613
45.12	-56.7362
45.2	-56.83
45.28	-56.83
45.36	-56.7675
45.44	-56.6738
45.52	-56.6425
45.6	-56.6738
45.68	-56.7362
45.76	-56.6425
45.84	-56.7362
45.92	-56.5488
46	-56.5488
46.08	-56.5488
46.16	-56.58
46.24	-56.5175
46.32	-56.5488
46.4	-56.4237
46.48	-56.455
46.56	-56.4237
46.64	-56.3925
46.72	-56.3925
46.8	-56.4862
46.88	-56.2988
46.96	-56.33
47.04	-56.2362
47.12	-56.2362
47.2	-56.1425
47.28	-56.2675
47.36	-56.1113
47.44	-56.1113
47.52	-56.205
47.6	-56.2362
47.68	-56.1425
47.76	-56.1425
47.84	-56.0488
47.92	-56.08
48	-55.9863
48.08	-55.9237
48.16	-56.0488
48.24	-55.9863
48.32	-55.9237
48.4	-55.8612
48.48	-55.8612
48.56	-55.7988
48.64	-55.7675
48.72	-55.7675
48.8	-55.705
48.88	-55.6738
48.96	-55.6738
49.04	-55.7363
49.12	-55.6738
49.2	-55.7363
49.28	-55.58
49.36	-55.5488
49.44	-55.58
49.52	-55.6738
49.6	-55.4863
49.68	-55.4863
49.76	-55.5175
49.84	-55.5488
49.92	-55.3925
50	-55.4863
50.08	-55.4238
50.16	-55.2363
50.24	-55.205
50.32	-55.205
50.4	-55.2363
50.48	-55.1738
50.56	-55.2363
50.64	-55.2363
50.72	-55.1113
50.8	-55.1425
50.88	-55.08
50.96	-54.9862
51.04	-54.955
51.12	-54.8925
51.2	-54.955
51.28	-54.9862
51.36	-54.8925
51.44	-54.9238
51.52	-54.83
51.6	-54.8613
51.68	-54.83
51.76	-54.705
51.84	-54.7675
51.92	-54.6738
52	-54.6738
52.08	-54.6738
52.16	-54.6113
52.24	-54.7362
52.32	-54.6113
52.4	-54.58
52.48	-54.5175
52.56	-54.58
52.64	-54.58
52.72	-54.455
52.8	-54.4237
52.88	-54.3613
52.96	-54.4237
53.04	-54.2988
53.12	-54.4237
53.2	-54.2988
53.28	-54.2988
53.36	-54.205
53.44	-54.2363
53.52	-54.205
53.6	-54.2363
53.68	-54.205
53.76	-54.1737
53.84	-54.1425
53.92	-54.08
54	-54.08
54.08	-54.0175
54.16	-53.8612
54.24	-53.9237
54.32	-53.9237
54.4	-53.8612
54.48	-53.8925
54.56	-53.83
54.64	-53.7675
54.72	-53.83
54.8	-53.7988
54.88	-53.7988
54.96	-53.6738
55.04	-53.705
55.12	-53.6425
55.2	-53.6425
55.28	-53.5487
55.36	-53.5175
55.44	-53.5175
55.52	-53.4863
55.6	-53.5175
55.68	-53.33
55.76	-53.3925
55.84	-53.3613
55.92	-53.33
56	-53.2362
56.08	-53.205
56.16	-53.2362
56.24	-53.1738
56.32	-53.08
56.4	-53.0487
56.48	-52.9862
56.56	-53.0175
56.64	-52.9862
56.72	-53.0175
56.8	-52.9238
56.88	-52.83
56.96	-52.7988
57.04	-52.83
57.12	-52.7362
57.2	-52.705
57.28	-52.7675
57.36	-52.7362
57.44	-52.6737
57.52	-52.6425
57.6	-52.4863
57.68	-52.455
57.76	-52.5488
57.84	-52.5175
57.92	-52.5175
58	-52.4237
58.08	-52.3925
58.16	-52.3613
58.24	-52.2988
58.32	-52.33
58.4	-52.2675
58.48	-52.2675
58.56	-52.1425
58.64	-52.1425
58.72	-52.0175
58.8	-52.0488
58.88	-51.9863
58.96	-51.9238
59.04	-52.0175
59.12	-51.83
59.2	-51.9863
59.28	-51.9238
59.36	-51.7675
59.44	-51.7675
59.52	-51.7363
59.6	-51.6738
59.68	-51.6425
59.76	-51.58
59.84	-51.5175
59.92	-51.58
60	-51.5175
60.08	-51.4863
60.16	-51.3925
60.24	-51.4238
60.32	-51.4238
60.4	-51.33
60.48	-51.3613
60.56	-51.2675
60.64	-51.1113
60.72	-51.1425
60.8	-50.8925
60.88	-50.9237
60.96	-50.9237
61.04	-50.83
61.12	-50.83
61.2	-50.7675
61.28	-50.7675
61.36	-50.6737
61.44	-50.5488
61.52	-50.6113
61.6	-50.4237
61.68	-50.3925
61.76	-50.3925
61.84	-50.3612
61.92	-50.33
62	-50.1738
62.08	-50.1425
62.16	-50.0175
62.24	-50.0488
62.32	-50.0488
62.4	-49.9863
62.48	-49.9238
62.56	-49.83
62.64	-49.7675
62.72	-49.6738
62.8	-49.6738
62.88	-49.5487
62.96	-49.4862
63.04	-49.455
63.12	-49.3925
63.2	-49.33
63.28	-49.205
63.36	-49.1425
63.44	-49.08
63.52	-48.955
63.6	-48.955
63.68	-48.8613
63.76	-48.7988
63.84	-48.6737
63.92	-48.705
64	-48.5175
64.08	-48.3925
64.16	-48.1425
64.24	-47.9863
64.32	-47.6425
64.4	-46.705
64.48	-43.0175
64.56	-36.6738
64.64	-29.3613
64.72	-20.3925
64.8	-8.3925
64.88	4.76375
64.96	15.295
65.04	22.3262
65.12	26.17
65.2	27.6075
65.28	27.2637
65.36	25.545
65.44	22.8575
65.52	19.5762
65.6	16.0137
65.68	12.2637
65.76	8.4825
65.84	4.63875
65.92	0.70125
66	-3.2675
66.08	-7.2675
66.16	-11.455
66.24	-15.6738
66.32	-19.83
66.4	-24.0175
66.48	-27.9863
66.56	-31.6425
66.64	-35.0487
66.72	-38.1113
66.8	-40.7363
66.88	-42.9237
66.96	-44.8925
67.04	-46.5488
67.12	-47.8925
67.2	-49.2987
67.28	-50.2363
67.36	-51.0175
67.44	-51.7675
67.52	-52.3925
67.6	-53.0175
67.68	-53.3925
67.76	-53.6738
67.84	-54.08
67.92	-54.2363
68	-54.5488
68.08	-54.7362
68.16	-54.7362
68.24	-54.8925
68.32	-54.9862
68.4	-55.0487
68.48	-55.1113
68.56	-55.1113
68.64	-55.1738
68.72	-55.2987
68.8	-55.205
68.88	-55.1738
68.96	-55.1113
69.04	-55.0487
69.12	-55.0175
69.2	-54.8925
69.28	-54.9862
69.36	-54.8925
69.44	-54.9238
69.52	-54.7675
69.6	-54.6738
69.68	-54.705
69.76	-54.58
69.84	-54.4862
69.92	-54.3925
70	-54.33
70.08	-54.205
70.16	-54.1425
70.24	-54.1112
70.32	-53.9863
70.4	-53.9863
70.48	-53.9237
70.56	-53.7988
70.64	-53.7988
70.72	-53.6112
70.8	-53.5487
70.88	-53.455
70.96	-53.4238
71.04	-53.4863
71.12	-53.3613
71.2	-53.33
71.28	-53.2987
71.36	-53.2362
71.44	-53.205
71.52	-53.1113
71.6	-52.9862
71.68	-52.955
71.76	-52.9238
71.84	-52.7988
71.92	-52.7675
72	-52.7988
72.08	-52.705
72.16	-52.705
72.24	-52.6113
72.32	-52.6737
72.4	-52.6425
72.48	-52.5488
72.56	-52.455
72.64	-52.4237
72.72	-52.3613
72.8	-52.33
72.88	-52.2675
72.96	-52.2363
73.04	-52.2675
73.12	-52.1425
73.2	-52.0488
73.28	-52.08
73.36	-52.0488
73.44	-52.0175
73.52	-51.8612
73.6	-51.955
73.68	-51.9238
73.76	-51.8612
73.84	-51.7363
73.92	-51.6738
74	-51.7363
74.08	-51.5487
74.16	-51.5175
74.24	-51.5175
74.32	-51.455
74.4	-51.4863
74.48	-51.4238
74.56	-51.4238
74.64	-51.3925
74.72	-51.3925
74.8	-51.4238
74.88	-51.2987
74.96	-51.2675
75.04	-51.1738
75.12	-51.2362
75.2	-51.2362
75.28	-51.2675
75.36	-51.1425
75.44	-51.08
75.52	-51.1425
75.6	-51.08
75.68	-51.08
75.76	-51.0488
75.84	-50.955
75.92	-50.955
76	-50.9237
76.08	-50.8613
76.16	-50.8613
76.24	-50.8613
76.32	-50.83
76.4	-50.7988
76.48	-50.7362
76.56	-50.6425
76.64	-50.6737
76.72	-50.705
76.8	-50.58
76.88	-50.5488
76.96	-50.4863
77.04	-50.4237
77.12	-50.58
77.2	-50.5488
77.28	-50.455
77.36	-50.4237
77.44	-50.4237
77.52	-50.3612
77.6	-50.3612
77.68	-50.2988
77.76	-50.2675
77.84	-50.2675
77.92	-50.2675
78	-50.205
78.08	-50.1738
78.16	-50.1112
78.24	-50.1425
78.32	-50.0488
78.4	-50.08
78.48	-50.0175
78.56	-50.1112
78.64	-50.0488
78.72	-49.9863
78.8	-49.9238
78.88	-49.9238
78.96	-49.9863
79.04	-49.9238
79.12	-49.9238
79.2	-49.83
79.28	-49.8925
79.36	-49.8925
79.44	-49.8925
79.52	-49.83
79.6	-49.83
79.68	-49.705
79.76	-49.7675
79.84	-49.6738
79.92	-49.7987
80	-49.7363
80.08	-49.7987
80.16	-49.705
80.24	-49.7675
80.32	-49.6738
80.4	-49.705
80.48	-49.6738
80.56	-49.705
80.64	-49.705
80.72	-49.6425
80.8	-49.4862
80.88	-49.455
80.96	-49.4862
81.04	-49.4238
81.12	-49.3925
81.2	-49.3925
81.28	-49.4862
81.36	-49.455
81.44	-49.5175
81.52	-49.4238
81.6	-49.4862
81.68	-49.4238
81.76	-49.3925
81.84	-49.33
81.92	-49.4238
82	-49.455
82.08	-49.455
82.16	-49.33
82.24	-49.33
82.32	-49.2675
82.4	-49.2362
82.48	-49.205
82.56	-49.2675
82.64	-49.2675
82.72	-49.2675
82.8	-49.2362
82.88	-49.1425
82.96	-49.1113
83.04	-49.1425
83.12	-49.1425
83.2	-49.1113
83.28	-49.08
83.36	-49.08
83.44	-49.0175
83.52	-48.9862
83.6	-49.0175
83.68	-48.955
83.76	-48.8925
83.84	-48.8925
83.92	-48.83
84	-48.7988
84.08	-48.7363
84.16	-48.705
84.24	-48.6737
84.32	-48.6112
84.4	-48.6425
84.48	-48.6737
84.56	-48.6112
84.64	-48.455
84.72	-48.6112
84.8	-48.58
84.88	-48.4237
84.96	-48.3612
85.04	-48.455
85.12	-48.4237
85.2	-48.3612
85.28	-48.33
85.36	-48.4237
85.44	-48.33
85.52	-48.33
85.6	-48.33
85.68	-48.33
85.76	-48.205
85.84	-48.2363
85.92	-48.2363
86	-48.205
86.08	-48.205
86.16	-48.1112
86.24	-48.1112
86.32	-48.0487
86.4	-48.0175
86.48	-48.0487
86.56	-48.0487
86.64	-48.0175
86.72	-47.9863
86.8	-48.0175
86.88	-48.0175
86.96	-47.955
87.04	-47.9863
87.12	-47.9863
87.2	-47.9238
87.28	-47.9238
87.36	-47.83
87.44	-47.7675
87.52	-47.7675
87.6	-47.705
87.68	-47.7675
87.76	-47.7675
87.84	-47.7363
87.92	-47.705
88	-47.6113
88.08	-47.58
88.16	-47.5175
88.24	-47.5175
88.32	-47.4862
88.4	-47.455
88.48	-47.4238
88.56	-47.455
88.64	-47.33
88.72	-47.3613
88.8	-47.3613
88.88	-47.2675
88.96	-47.205
89.04	-47.08
89.12	-47.0488
89.2	-47.08
89.28	-47.0488
89.36	-46.8925
89.44	-46.9862
89.52	-46.8613
89.6	-46.8925
89.68	-46.955
89.76	-46.7988
89.84	-46.8613
89.92	-46.9237
90	-46.8613
90.08	-46.705
90.16	-46.6737
90.24	-46.58
90.32	-46.5175
90.4	-46.4863
90.48	-46.2987
90.56	-46.205
90.64	-46.33
90.72	-46.205
90.8	-46.1112
90.88	-46.0487
90.96	-45.955
91.04	-45.8925
91.12	-45.83
91.2	-45.58
91.28	-45.3925
91.36	-45.1737
91.44	-44.6738
91.52	-42.83
91.6	-38.705
91.68	-33.58
91.76	-28.0488
91.84	-21.83
91.92	-13.5175
92	-3.2675
92.08	6.70125
92.16	14.4825
92.24	19.7325
92.32	22.67
92.4	24.1075
92.48	24.0138
92.56	23.2012
92.64	21.6075
92.72	19.6075
92.8	17.17
92.88	14.67
92.96	12.0762
93.04	9.32625
93.12	6.545
93.2	3.70125
93.28	0.82625
93.36	-2.08
93.44	-4.955
93.52	-7.8925
93.6	-10.8925
93.68	-13.7988
93.76	-16.6113
93.84	-19.33
93.92	-22.08
94	-24.7988
94.08	-27.3925
94.16	-29.8925
94.24	-32.1425
94.32	-34.2675
94.4	-36.2988
94.48	-38.1113
94.56	-39.7675
94.64	-41.1425
94.72	-42.455
94.8	-43.5175
94.88	-44.7363
94.96	-45.6113
95.04	-46.5488
95.12	-47.2362
95.2	-48.0175
95.28	-48.705
95.36	-49.205
95.44	-49.6425
95.52	-50.0488
95.6	-50.4863
95.68	-50.8613
95.76	-51.08
95.84	-51.5487
95.92	-51.705
96	-52.0175
96.08	-52.1737
96.16	-52.33
96.24	-52.5488
96.32	-52.6113
96.4	-52.7362
96.48	-52.8925
96.56	-52.9238
96.64	-53.0487
96.72	-53.2987
96.8	-53.33
96.88	-53.3613
96.96	-53.5175
97.04	-53.4863
97.12	-53.5175
97.2	-53.455
97.28	-53.4863
97.36	-53.4863
97.44	-53.5175
97.52	-53.6425
97.6	-53.6738
97.68	-53.6425
97.76	-53.6738
97.84	-53.7363
97.92	-53.7675
98	-53.7988
98.08	-53.6738
98.16	-53.8612
98.24	-53.8612
98.32	-53.7675
98.4	-53.7988
98.48	-53.7675
98.56	-53.7988
98.64	-53.7363
98.72	-53.7675
98.8	-53.705
98.88	-53.705
98.96	-53.705
99.04	-53.83
99.12	-53.7363
99.2	-53.705
99.28	-53.7988
99.36	-53.7675
99.44	-53.7988
99.52	-53.7988
99.6	-53.7363
99.68	-53.7675
99.76	-53.705
99.84	-53.6738
99.92	-53.6738
100	-53.6425
100.08	-53.6738
100.16	-53.6425
100.24	-53.6425
100.32	-53.6425
100.4	-53.58
100.48	-53.5175
100.56	-53.58
100.64	-53.5487
100.72	-53.5175
100.8	-53.5487
100.88	-53.6425
100.96	-53.4863
101.04	-53.58
101.12	-53.5175
101.2	-53.6425
101.28	-53.5175
101.36	-53.4238
101.44	-53.5487
101.52	-53.5175
101.6	-53.5175
101.68	-53.4238
101.76	-53.5175
101.84	-53.5487
101.92	-53.455
102	-53.6112
102.08	-53.5175
102.16	-53.455
102.24	-53.58
102.32	-53.5487
102.4	-53.5487
102.48	-53.6425
102.56	-53.6425
102.64	-53.6738
102.72	-53.58
102.8	-53.5487
102.88	-53.6112
102.96	-53.5487
103.04	-53.58
103.12	-53.5175
103.2	-53.6112
103.28	-53.58
103.36	-53.6425
103.44	-53.58
103.52	-53.6425
103.6	-53.6112
103.68	-53.5487
103.76	-53.4863
103.84	-53.6112
103.92	-53.5487
104	-53.6112
104.08	-53.5487
104.16	-53.5175
104.24	-53.4863
104.32	-53.4238
104.4	-53.5175
104.48	-53.5487
104.56	-53.5487
104.64	-53.58
104.72	-53.5487
104.8	-53.5175
104.88	-53.5487
104.96	-53.58
105.04	-53.58
105.12	-53.4863
105.2	-53.5175
105.28	-53.5487
105.36	-53.4863
105.44	-53.4863
105.52	-53.5175
105.6	-53.58
105.68	-53.5487
105.76	-53.4863
105.84	-53.58
105.92	-53.5175
106	-53.58
106.08	-53.5487
106.16	-53.5487
106.24	-53.58
106.32	-53.5175
106.4	-53.58
106.48	-53.5175
106.56	-53.58
106.64	-53.5487
106.72	-53.5175
106.8	-53.5487
106.88	-53.5175
106.96	-53.58
107.04	-53.5487
107.12	-53.5487
107.2	-53.6738
107.28	-53.6112
107.36	-53.58
107.44	-53.58
107.52	-53.6425
107.6	-53.705
107.68	-53.6738
107.76	-53.6425
107.84	-53.6738
107.92	-53.6738
108	-53.6425
108.08	-53.6425
108.16	-53.6425
108.24	-53.705
108.32	-53.6738
108.4	-53.6738
108.48	-53.7363
108.56	-53.83
108.64	-53.7675
108.72	-53.7988
108.8	-53.705
108.88	-53.7363
108.96	-53.7675
109.04	-53.705
109.12	-53.7675
109.2	-53.8612
109.28	-53.7988
109.36	-53.83
109.44	-53.83
109.52	-53.7988
109.6	-53.8925
109.68	-53.8612
109.76	-53.8612
109.84	-53.83
109.92	-53.8925
110	-53.8612
110.08	-53.8612
110.16	-53.8612
110.24	-53.7675
110.32	-53.8612
110.4	-53.8612
110.48	-53.8925
110.56	-53.83
110.64	-53.83
110.72	-53.83
110.8	-53.7675
110.88	-53.7363
110.96	-53.8612
111.04	-53.8612
111.12	-53.83
111.2	-53.7675
111.28	-53.83
111.36	-53.7675
111.44	-53.83
111.52	-53.7675
111.6	-53.7675
111.68	-53.7675
111.76	-53.8925
111.84	-53.7988
111.92	-53.8925
112	-53.83
112.08	-53.8612
112.16	-53.8612
112.24	-53.9237
112.32	-53.9863
112.4	-53.8925
112.48	-54.0175
112.56	-54.0175
112.64	-53.83
112.72	-53.83
112.8	-53.9237
112.88	-53.9237
112.96	-53.8925
113.04	-53.9237
113.12	-53.9237
113.2	-53.9863
113.28	-53.9237
113.36	-54.0175
113.44	-53.9237
113.52	-53.9237
113.6	-53.8612
113.68	-53.9863
113.76	-53.9863
113.84	-53.9237
113.92	-53.9863
114	-53.8612
114.08	-54.0175
114.16	-53.8612
114.24	-54.0175
114.32	-53.9863
114.4	-53.9863
114.48	-53.9863
114.56	-53.83
114.64	-53.9237
114.72	-53.9863
114.8	-53.8925
114.88	-53.9863
114.96	-53.9863
115.04	-53.9863
115.12	-53.8925
115.2	-53.83
115.28	-53.9237
115.36	-53.9863
115.44	-53.9863
115.52	-54.0175
115.6	-53.8925
115.68	-53.8925
115.76	-53.9863
115.84	-53.9863
115.92	-53.9237
116	-53.9237
116.08	-53.9237
116.16	-54.0488
116.24	-53.9863
116.32	-53.9863
116.4	-53.9863
116.48	-54.0488
116.56	-53.9237
116.64	-53.8925
116.72	-53.8612
116.8	-53.9237
116.88	-53.8925
116.96	-53.8612
117.04	-54.0175
117.12	-54.0175
117.2	-54.0175
117.28	-53.9863
117.36	-53.8925
117.44	-54.0175
117.52	-53.9863
117.6	-53.8925
117.68	-53.9237
117.76	-53.9237
117.84	-53.8925
117.92	-53.9863
118	-53.9237
118.08	-54.0175
118.16	-54.0175
118.24	-53.9863
118.32	-54.0175
118.4	-54.0175
118.48	-53.8612
118.56	-53.9863
118.64	-53.8925
118.72	-53.8612
118.8	-53.83
118.88	-53.9863
118.96	-53.8612
119.04	-53.8612
119.12	-53.8925
119.2	-53.8612
119.28	-53.9237
119.36	-53.8925
119.44	-53.8925
119.52	-53.9237
119.6	-53.9863
119.68	-53.9237
119.76	-53.9863
119.84	-54.0175
119.92	-53.9863
120	-53.8925
120.08	-53.9237
120.16	-53.9863
120.24	-54.0488
120.32	-53.8925
120.4	-53.8925
120.48	-53.8925
120.56	-53.7988
120.64	-53.9237
120.72	-53.9237
120.8	-53.9237
120.88	-53.9237
120.96	-53.83
121.04	-53.9237
121.12	-53.8925
121.2	-53.8612
121.28	-53.8925
121.36	-53.83
121.44	-53.83
121.52	-53.7675
121.6	-53.83
121.68	-53.7988
121.76	-53.7363
121.84	-53.705
121.92	-53.7675
122	-53.6738
122.08	-53.705
122.16	-53.6738
122.24	-53.705
122.32	-53.7363
122.4	-53.7675
122.48	-53.83
122.56	-53.7988
122.64	-53.7675
122.72	-53.7988
122.8	-53.705
122.88	-53.7675
122.96	-53.705
123.04	-53.7363
123.12	-53.7988
123.2	-53.7363
123.28	-53.7988
123.36	-53.705
123.44	-53.705
123.52	-53.7675
123.6	-53.7363
123.68	-53.7363
123.76	-53.7675
123.84	-53.6112
123.92	-53.705
124	-53.705
124.08	-53.6738
124.16	-53.6425
124.24	-53.6738
124.32	-53.7675
124.4	-53.6425
124.48	-53.7363
124.56	-53.7363
124.64	-53.6738
124.72	-53.7675
124.8	-53.6738
124.88	-53.6738
124.96	-53.705
125.04	-53.705
125.12	-53.7675
125.2	-53.7675
125.28	-53.705
125.36	-53.6738
125.44	-53.7675
125.52	-53.7675
125.6	-53.705
125.68	-53.705
125.76	-53.705
125.84	-53.7675
125.92	-53.6425
126	-53.6425
126.08	-53.6738
126.16	-53.6112
126.24	-53.705
126.32	-53.6425
126.4	-53.6112
126.48	-53.6738
126.56	-53.6112
126.64	-53.58
126.72	-53.6112
126.8	-53.6425
126.88	-53.6425
126.96	-53.5175
127.04	-53.58
127.12	-53.5487
127.2	-53.58
127.28	-53.5175
127.36	-53.3925
127.44	-53.4863
127.52	-53.5487
127.6	-53.58
127.68	-53.4238
127.76	-53.4863
127.84	-53.455
127.92	-53.4863
128	-53.455
128.08	-53.4238
128.16	-53.3925
128.24	-53.4863
128.32	-53.3925
128.4	-53.3925
128.48	-53.3613
128.56	-53.3925
128.64	-53.4238
128.72	-53.3613
128.8	-53.3925
128.88	-53.3925
128.96	-53.3925
129.04	-53.3925
129.12	-53.4238
129.2	-53.33
129.28	-53.4238
129.36	-53.2987
129.44	-53.2362
129.52	-53.2987
129.6	-53.33
129.68	-53.33
129.76	-53.33
129.84	-53.455
129.92	-53.3925
130	-53.33
130.08	-53.3925
130.16	-53.33
130.24	-53.33
130.32	-53.2987
130.4	-53.2362
130.48	-53.2362
130.56	-53.205
130.64	-53.33
130.72	-53.33
130.8	-53.2362
130.88	-53.2362
130.96	-53.1738
131.04	-53.2362
131.12	-53.2987
131.2	-53.2987
131.28	-53.0487
131.36	-53.1113
131.44	-53.1425
131.52	-53.205
131.6	-53.1425
131.68	-53.1425
131.76	-53.08
131.84	-53.1425
131.92	-53.1425
132	-53.0487
132.08	-53.08
132.16	-53.1425
132.24	-53.1113
132.32	-53.0487
132.4	-52.955
132.48	-53.08
132.56	-53.1425
132.64	-53.0487
132.72	-52.9862
132.8	-53.0487
132.88	-53.08
132.96	-53.1738
133.04	-53.0487
133.12	-53.0175
133.2	-53.08
133.28	-53.0175
133.36	-53.0487
133.44	-53.0487
133.52	-52.9238
133.6	-52.955
133.68	-52.9862
133.76	-53.0175
133.84	-52.8925
133.92	-52.955
134	-52.9862
134.08	-53.0175
134.16	-52.955
134.24	-52.8925
134.32	-52.9238
134.4	-52.8925
134.48	-52.8613
134.56	-52.8925
134.64	-52.8613
134.72	-52.83
134.8	-52.8925
134.88	-52.83
134.96	-52.8925
135.04	-52.8925
135.12	-52.8613
135.2	-52.7988
135.28	-52.7675
135.36	-52.7675
135.44	-52.7988
135.52	-52.7362
135.6	-52.7675
135.68	-52.7988
135.76	-52.7988
135.84	-52.7675
135.92	-52.7675
136	-52.705
136.08	-52.6737
136.16	-52.7362
136.24	-52.6737
136.32	-52.7362
136.4	-52.7362
136.48	-52.705
136.56	-52.6425
136.64	-52.7362
136.72	-52.6737
136.8	-52.7362
136.88	-52.705
136.96	-52.6737
137.04	-52.6425
137.12	-52.6737
137.2	-52.6425
137.28	-52.6113
137.36	-52.6425
137.44	-52.5175
137.52	-52.5488
137.6	-52.6113
137.68	-52.5488
137.76	-52.5175
137.84	-52.6113
137.92	-52.455
138	-52.4863
138.08	-52.4237
138.16	-52.5488
138.24	-52.5175
138.32	-52.5175
138.4	-52.4237
138.48	-52.4237
138.56	-52.455
138.64	-52.3925
138.72	-52.455
138.8	-52.3925
138.88	-52.3925
138.96	-52.2988
139.04	-52.3925
139.12	-52.2675
139.2	-52.3613
139.28	-52.3613
139.36	-52.2675
139.44	-52.2988
139.52	-52.2988
139.6	-52.33
139.68	-52.205
139.76	-52.2363
139.84	-52.1737
139.92	-52.1737
140	-52.205
140.08	-52.2363
140.16	-52.1425
140.24	-52.205
140.32	-52.1737
140.4	-52.2363
140.48	-52.1425
140.56	-52.0175
140.64	-52.1112
140.72	-52.1112
140.8	-52.08
140.88	-52.0488
140.96	-52.1425
141.04	-52.0488
141.12	-52.0488
141.2	-52.1112
141.28	-52.08
141.36	-51.9863
141.44	-51.9863
141.52	-52.08
141.6	-52.0488
141.68	-52.08
141.76	-51.9238
141.84	-51.9238
141.92	-51.83
142	-51.7987
142.08	-51.8612
142.16	-51.7987
142.24	-51.9238
142.32	-51.83
142.4	-51.8612
142.48	-51.83
142.56	-51.7987
142.64	-51.8612
142.72	-51.7987
142.8	-51.7987
142.88	-51.7987
142.96	-51.7363
143.04	-51.705
143.12	-51.7987
143.2	-51.7987
143.28	-51.7987
143.36	-51.83
143.44	-51.7675
143.52	-51.7987
143.6	-51.7363
143.68	-51.7363
143.76	-51.6112
143.84	-51.6738
143.92	-51.6738
144	-51.58
144.08	-51.6112
144.16	-51.6112
144.24	-51.58
144.32	-51.6112
144.4	-51.6425
144.48	-51.5175
144.56	-51.5175
144.64	-51.4863
144.72	-51.5175
144.8	-51.5487
144.88	-51.4863
144.96	-51.3925
145.04	-51.5175
145.12	-51.455
145.2	-51.3613
145.28	-51.3925
145.36	-51.4238
145.44	-51.3613
145.52	-51.4238
145.6	-51.455
145.68	-51.33
145.76	-51.3613
145.84	-51.33
145.92	-51.2987
146	-51.2675
146.08	-51.33
146.16	-51.1738
146.24	-51.1113
146.32	-51.1113
146.4	-51.1738
146.48	-51.08
146.56	-51.1425
146.64	-51.08
146.72	-51.08
146.8	-51.0488
146.88	-51.0488
146.96	-51.08
147.04	-51.0175
147.12	-50.955
147.2	-50.955
147.28	-51.0175
147.36	-50.955
147.44	-50.8925
147.52	-51.0488
147.6	-50.8925
147.68	-50.9237
147.76	-50.9237
147.84	-50.9237
147.92	-50.9237
148	-50.83
148.08	-50.8925
148.16	-50.83
148.24	-50.7675
148.32	-50.8613
148.4	-50.8613
148.48	-50.83
148.56	-50.83
148.64	-50.8613
148.72	-50.83
148.8	-50.7362
148.88	-50.705
148.96	-50.83
149.04	-50.6737
149.12	-50.6737
149.2	-50.58
149.28	-50.6737
149.36	-50.6737
149.44	-50.6113
149.52	-50.6113
149.6	-50.6113
149.68	-50.5488
149.76	-50.58
149.84	-50.5488
149.92	-50.4863
150	-50.58
150.08	-50.4237
150.16	-50.3925
150.24	-50.3925
150.32	-50.3612
150.4	-50.3925
150.48	-50.2988
150.56	-50.2363
150.64	-50.1425
150.72	-50.1425
150.8	-50.1425
150.88	-50.08
150.96	-50.08
151.04	-49.9863
151.12	-50.1738
151.2	-50.1425
151.28	-50.0175
151.36	-50.0175
151.44	-50.1112
151.52	-50.08
151.6	-50.0175
151.68	-50.0488
151.76	-50.0175
151.84	-50.0175
151.92	-49.955
152	-49.9863
152.08	-49.955
152.16	-50.0175
152.24	-49.9238
152.32	-49.83
152.4	-49.9238
152.48	-49.7987
152.56	-49.83
152.64	-49.83
152.72	-49.7675
152.8	-49.8925
152.88	-49.7987
152.96	-49.7363
153.04	-49.7675
153.12	-49.705
153.2	-49.6738
153.28	-49.7363
153.36	-49.6738
153.44	-49.5175
153.52	-49.5175
153.6	-49.58
153.68	-49.5175
153.76	-49.455
153.84	-49.455
153.92	-49.4862
154	-49.4862
154.08	-49.4862
154.16	-49.5487
154.24	-49.4238
154.32	-49.5175
154.4	-49.3925
154.48	-49.3925
154.56	-49.3613
154.64	-49.3925
154.72	-49.4238
154.8	-49.2362
154.88	-49.2675
154.96	-49.2675
155.04	-49.2362
155.12	-49.2987
155.2	-49.1425
155.28	-49.205
155.36	-49.1425
155.44	-49.0488
155.52	-49.0488
155.6	-48.9862
155.68	-48.955
155.76	-49.0175
155.84	-48.955
155.92	-48.9862
156	-48.9237
156.08	-48.9237
156.16	-48.8613
156.24	-48.8925
156.32	-48.8613
156.4	-48.9237
156.48	-48.9237
156.56	-48.83
156.64	-48.83
156.72	-48.7675
156.8	-48.705
156.88	-48.8613
156.96	-48.705
157.04	-48.6737
157.12	-48.7363
157.2	-48.6737
157.28	-48.5488
157.36	-48.5488
157.44	-48.455
157.52	-48.5175
157.6	-48.455
157.68	-48.455
157.76	-48.3612
157.84	-48.33
157.92	-48.3612
158	-48.3925
158.08	-48.2363
158.16	-48.2363
158.24	-48.3612
158.32	-48.2988
158.4	-48.205
158.48	-48.1738
158.56	-48.205
158.64	-48.2363
158.72	-48.1425
158.8	-48.1112
158.88	-48.0487
158.96	-47.9238
159.04	-47.8613
159.12	-47.705
159.2	-47.8613
159.28	-47.83
159.36	-47.7363
159.44	-47.6738
159.52	-47.6113
159.6	-47.6738
159.68	-47.5175
159.76	-47.4238
159.84	-47.455
159.92	-47.4862
160	-47.4862
160.08	-47.4862
160.16	-47.3925
160.24	-47.33
160.32	-47.3925
160.4	-47.2362
160.48	-47.2988
160.56	-47.2988
160.64	-47.08
160.72	-47.205
160.8	-47.08
160.88	-47.08
160.96	-47.0488
161.04	-46.9862
161.12	-46.8925
161.2	-46.83
161.28	-46.705
161.36	-46.6737
161.44	-46.6737
161.52	-46.5488
161.6	-46.58
161.68	-46.3612
161.76	-46.3612
161.84	-46.2675
161.92	-46.2675
162	-46.205
162.08	-46.0487
162.16	-45.8613
162.24	-45.7987
162.32	-45.5175
162.4	-45.205
162.48	-44.1738
162.56	-40.7675
162.64	-35.455
162.72	-29.5175
162.8	-22.6738
162.88	-13.33
162.96	-2.04875
163.04	8.76375
163.12	17.0137
163.2	22.17
163.28	25.2012
163.36	26.42
163.44	26.295
163.52	25.1388
163.6	23.2638
163.68	21.0762
163.76	18.5138
163.84	15.795
163.92	12.7637
164	9.92
164.08	6.7325
164.16	3.51375
164.24	0.45125
164.32	-2.86125
164.4	-6.11125
164.48	-9.36125
164.56	-12.58
164.64	-15.8613
164.72	-18.955
164.8	-22.1425
164.88	-25.1737
164.96	-28.08
165.04	-30.83
165.12	-33.2363
165.2	-35.58
165.28	-37.5488
165.36	-39.455
165.44	-41.1112
165.52	-42.6112
165.6	-43.8613
165.68	-45.1425
165.76	-46.1738
165.84	-47.1737
165.92	-47.955
166	-48.7363
166.08	-49.3613
166.16	-49.955
166.24	-50.5488
166.32	-51.0488
166.4	-51.3925
166.48	-51.7675
166.56	-52.0488
166.64	-52.33
166.72	-52.6425
166.8	-52.8613
166.88	-53.08
166.96	-53.2362
167.04	-53.455
167.12	-53.6425
167.2	-53.705
167.28	-53.7988
167.36	-53.9863
167.44	-54.0488
167.52	-54.1112
167.6	-54.205
167.68	-54.205
167.76	-54.3925
167.84	-54.5175
167.92	-54.4862
168	-54.4862
168.08	-54.4862
168.16	-54.6738
168.24	-54.6113
168.32	-54.6738
168.4	-54.5488
168.48	-54.705
168.56	-54.6738
168.64	-54.8613
168.72	-54.83
168.8	-54.8613
168.88	-54.83
168.96	-54.9238
169.04	-54.8613
169.12	-54.83
169.2	-54.955
169.28	-54.8925
169.36	-54.9238
169.44	-54.9238
169.52	-54.955
169.6	-54.8925
169.68	-54.955
169.76	-54.9238
169.84	-54.9238
169.92	-54.955
170	-54.955
170.08	-54.955
170.16	-54.9862
170.24	-54.8613
170.32	-54.8613
170.4	-54.8925
170.48	-54.8613
170.56	-54.9238
170.64	-54.955
170.72	-54.8925
170.8	-54.955
170.88	-54.955
170.96	-54.9862
171.04	-54.9238
171.12	-54.955
171.2	-54.955
171.28	-54.8925
171.36	-54.955
171.44	-54.9238
171.52	-54.83
171.6	-54.9238
171.68	-54.9862
171.76	-54.8925
171.84	-54.955
171.92	-54.955
172	-54.8925
172.08	-54.8925
172.16	-54.9862
172.24	-55.0175
172.32	-54.9238
172.4	-54.8925
172.48	-54.955
172.56	-54.955
172.64	-54.9862
172.72	-55.0487
172.8	-54.955
172.88	-55.0487
172.96	-54.9862
173.04	-54.9862
173.12	-55.0175
173.2	-54.9862
173.28	-55.0487
173.36	-55.0487
173.44	-55.1738
173.52	-55.0487
173.6	-55.0175
173.68	-55.1113
173.76	-55.08
173.84	-55.1425
173.92	-55.0175
174	-55.1113
174.08	-55.0487
174.16	-55.0175
174.24	-55.1113
174.32	-55.1425
174.4	-55.1113
174.48	-55.1425
174.56	-55.0487
174.64	-55.205
174.72	-55.205
174.8	-55.0487
174.88	-55.1425
174.96	-55.1425
175.04	-55.1738
175.12	-55.2363
175.2	-55.1425
175.28	-55.1425
175.36	-55.2675
175.44	-55.2363
175.52	-55.2675
175.6	-55.2363
175.68	-55.2675
175.76	-55.2363
175.84	-55.2363
175.92	-55.2987
176	-55.3925
176.08	-55.455
176.16	-55.4238
176.24	-55.3612
176.32	-55.3612
176.4	-55.2675
176.48	-55.3925
176.56	-55.5175
176.64	-55.4238
176.72	-55.2987
176.8	-55.3925
176.88	-55.3925
176.96	-55.455
177.04	-55.3612
177.12	-55.3925
177.2	-55.3612
177.28	-55.4238
177.36	-55.3925
177.44	-55.455
177.52	-55.455
177.6	-55.4863
177.68	-55.4863
177.76	-55.4238
177.84	-55.3925
177.92	-55.3925
178	-55.2675
178.08	-55.3925
178.16	-55.4238
178.24	-55.4238
178.32	-55.4238
178.4	-55.455
178.48	-55.3925
178.56	-55.4863
178.64	-55.5175
178.72	-55.455
178.8	-55.3612
178.88	-55.5175
178.96	-55.455
179.04	-55.4863
179.12	-55.4863
179.2	-55.5175
179.28	-55.58
179.36	-55.58
179.44	-55.58
179.52	-55.5488
179.6	-55.5488
179.68	-55.6425
179.76	-55.58
179.84	-55.58
179.92	-55.6425
180	-55.5488
180.08	-55.58
180.16	-55.5488
180.24	-55.6112
180.32	-55.58
180.4	-55.6112
180.48	-55.58
180.56	-55.5488
180.64	-55.5175
180.72	-55.5175
180.8	-55.4863
180.88	-55.455
180.96	-55.5175
181.04	-55.5175
181.12	-55.5488
181.2	-55.4863
181.28	-55.5488
181.36	-55.5488
181.44	-55.5175
181.52	-55.5488
181.6	-55.5175
181.68	-55.6112
181.76	-55.6738
181.84	-55.6112
181.92	-55.6425
182	-55.6112
182.08	-55.58
182.16	-55.6112
182.24	-55.58
182.32	-55.5488
182.4	-55.5488
182.48	-55.5488
182.56	-55.5488
182.64	-55.58
182.72	-55.6112
182.8	-55.5488
182.88	-55.58
182.96	-55.6112
183.04	-55.4863
183.12	-55.6112
183.2	-55.58
183.28	-55.6112
183.36	-55.6738
183.44	-55.6112
183.52	-55.6112
183.6	-55.58
183.68	-55.5488
183.76	-55.58
183.84	-55.58
183.92	-55.6112
184	-55.58
184.08	-55.58
184.16	-55.58
184.24	-55.5175
184.32	-55.455
184.4	-55.5175
184.48	-55.455
184.56	-55.5488
184.64	-55.4863
184.72	-55.4863
184.8	-55.58
184.88	-55.5175
184.96	-55.58
185.04	-55.5488
185.12	-55.455
185.2	-55.5488
185.28	-55.6425
185.36	-55.6425
185.44	-55.58
185.52	-55.58
185.6	-55.58
185.68	-55.5175
185.76	-55.4863
185.84	-55.5175
185.92	-55.6112
186	-55.4863
186.08	-55.6112
186.16	-55.5488
186.24	-55.4863
186.32	-55.6112
186.4	-55.5175
186.48	-55.5175
186.56	-55.455
186.64	-55.58
186.72	-55.5488
186.8	-55.4863
186.88	-55.58
186.96	-55.5175
187.04	-55.455
187.12	-55.455
187.2	-55.5175
187.28	-55.5175
187.36	-55.58
187.44	-55.5488
187.52	-55.5488
187.6	-55.5175
187.68	-55.5488
187.76	-55.5175
187.84	-55.5175
187.92	-55.5488
188	-55.4238
188.08	-55.4863
188.16	-55.4863
188.24	-55.5175
188.32	-55.5175
188.4	-55.455
188.48	-55.3925
188.56	-55.455
188.64	-55.4238
188.72	-55.455
188.8	-55.455
188.88	-55.3612
188.96	-55.3925
189.04	-55.4238
189.12	-55.4863
189.2	-55.3925
189.28	-55.3925
189.36	-55.2987
189.44	-55.3925
189.52	-55.2675
189.6	-55.4238
189.68	-55.3612
189.76	-55.2363
189.84	-55.3925
189.92	-55.3612
190	-55.3612
190.08	-55.455
190.16	-55.3925
190.24	-55.3612
190.32	-55.2987
190.4	-55.205
190.48	-55.2675
190.56	-55.2675
190.64	-55.1738
190.72	-55.205
190.8	-55.2675
190.88	-55.3612
190.96	-55.2675
191.04	-55.4238
191.12	-55.2675
191.2	-55.2675
191.28	-55.2675
191.36	-55.205
191.44	-55.1738
191.52	-55.2363
191.6	-55.2363
191.68	-55.2675
191.76	-55.2675
191.84	-55.2363
191.92	-55.1425
192	-55.2675
192.08	-55.2363
192.16	-55.3925
192.24	-55.2675
192.32	-55.2987
192.4	-55.2363
192.48	-55.1738
192.56	-55.205
192.64	-55.2363
192.72	-55.205
192.8	-55.1425
192.88	-55.1738
192.96	-55.1113
193.04	-55.1738
193.12	-55.1425
193.2	-55.1738
193.28	-55.1425
193.36	-55.1425
193.44	-55.205
193.52	-55.1425
193.6	-55.205
193.68	-55.0487
193.76	-55.1113
193.84	-55.0487
193.92	-55.0487
194	-55.08
194.08	-55.0487
194.16	-55.0487
194.24	-55.1113
194.32	-55.0487
194.4	-55.0175
194.48	-55.0175
194.56	-54.9238
194.64	-55.0487
194.72	-55.0487
194.8	-54.9862
194.88	-54.955
194.96	-54.9862
195.04	-54.8925
195.12	-54.955
195.2	-54.9238
195.28	-54.83
195.36	-54.7362
195.44	-54.9238
195.52	-54.9238
195.6	-54.9238
195.68	-54.9238
195.76	-54.8925
195.84	-54.9238
195.92	-54.955
196	-54.9238
196.08	-54.8613
196.16	-54.8613
196.24	-54.83
196.32	-54.8613
196.4	-54.8613
196.48	-54.955
196.56	-54.9238
196.64	-54.8613
196.72	-54.7987
196.8	-54.7675
196.88	-54.83
196.96	-54.7675
197.04	-54.7675
197.12	-54.7675
197.2	-54.8613
197.28	-54.705
197.36	-54.7362
197.44	-54.705
197.52	-54.7362
197.6	-54.7362
197.68	-54.83
197.76	-54.7675
197.84	-54.7362
197.92	-54.705
198	-54.705
198.08	-54.6738
198.16	-54.7675
198.24	-54.6113
198.32	-54.705
198.4	-54.7362
198.48	-54.7362
198.56	-54.705
198.64	-54.6113
198.72	-54.58
198.8	-54.6113
198.88	-54.5488
198.96	-54.58
199.04	-54.6113
199.12	-54.58
199.2	-54.5488
199.28	-54.6738
199.36	-54.5488
199.44	-54.6738
199.52	-54.5488
199.6	-54.4862
199.68	-54.5488
199.76	-54.5175
199.84	-54.4237
199.92	-54.5175
200	-54.4237
200.08	-54.3925
200.16	-54.455
200.24	-54.4237
200.32	-54.4237
200.4	-54.455
200.48	-54.3925
200.56	-54.4237
200.64	-54.33
200.72	-54.3925
200.8	-54.3925
200.88	-54.4237
200.96	-54.3613
201.04	-54.2988
201.12	-54.3613
201.2	-54.2675
201.28	-54.3925
201.36	-54.4237
201.44	-54.33
201.52	-54.2988
201.6	-54.455
201.68	-54.2988
201.76	-54.205
201.84	-54.2988
201.92	-54.2363
202	-54.2675
202.08	-54.2675
202.16	-54.2988
202.24	-54.2988
202.32	-54.2363
202.4	-54.205
202.48	-54.205
202.56	-54.1425
202.64	-54.1737
202.72	-54.205
202.8	-54.2675
202.88	-54.1425
202.96	-54.2675
203.04	-54.1737
203.12	-54.1112
203.2	-54.2988
203.28	-54.205
203.36	-54.1112
203.44	-54.205
203.52	-54.1112
203.6	-54.1425
203.68	-54.1737
203.76	-54.0488
203.84	-54.0488
203.92	-54.08
204	-54.0488
204.08	-54.1112
204.16	-54.08
204.24	-54.0488
204.32	-54.0175
204.4	-53.9237
204.48	-53.83
204.56	-53.8925
204.64	-53.9863
204.72	-53.9863
204.8	-53.8925
204.88	-53.8925
204.96	-53.9237
205.04	-53.83
205.12	-53.9237
205.2	-53.9237
205.28	-53.9863
205.36	-53.9237
205.44	-53.8612
205.52	-53.9237
205.6	-54.0175
205.68	-53.9237
205.76	-53.8612
205.84	-53.9237
205.92	-53.83
206	-53.7675
206.08	-53.83
206.16	-53.7988
206.24	-53.8925
206.32	-53.7988
206.4	-53.7988
206.48	-53.7675
206.56	-53.83
206.64	-53.7675
206.72	-53.7363
206.8	-53.705
206.88	-53.6738
206.96	-53.6112
207.04	-53.58
207.12	-53.6738
207.2	-53.6425
207.28	-53.6425
207.36	-53.58
207.44	-53.6112
207.52	-53.6112
207.6	-53.58
207.68	-53.5487
207.76	-53.6112
207.84	-53.5487
207.92	-53.4863
208	-53.58
208.08	-53.5175
208.16	-53.5487
208.24	-53.5487
208.32	-53.58
208.4	-53.58
208.48	-53.5175
208.56	-53.4863
208.64	-53.455
208.72	-53.5175
208.8	-53.4863
208.88	-53.4238
208.96	-53.5175
209.04	-53.5175
209.12	-53.5487
209.2	-53.4863
209.28	-53.4863
209.36	-53.5175
209.44	-53.4238
209.52	-53.3613
209.6	-53.3925
209.68	-53.455
209.76	-53.3925
209.84	-53.2987
209.92	-53.3613
210	-53.2987
210.08	-53.2362
210.16	-53.2987
210.24	-53.2362
210.32	-53.4238
210.4	-53.33
210.48	-53.2987
210.56	-53.2362
210.64	-53.1738
210.72	-53.1738
210.8	-53.1425
210.88	-53.1425
210.96	-53.1113
211.04	-53.1425
211.12	-53.1113
211.2	-53.1425
211.28	-53.08
211.36	-53.0487
211.44	-53.0487
211.52	-53.0487
211.6	-53.0487
211.68	-53.0487
211.76	-53.0175
211.84	-53.0487
211.92	-53.0487
212	-52.955
212.08	-53.0175
212.16	-52.9862
212.24	-52.9862
212.32	-53.0487
212.4	-52.9862
212.48	-52.9238
212.56	-52.9238
212.64	-53.0175
212.72	-52.955
212.8	-53.0487
212.88	-53.0175
212.96	-53.0175
213.04	-53.08
213.12	-52.9862
213.2	-53.0487
213.28	-52.9862
213.36	-52.9238
213.44	-52.9238
213.52	-52.9238
213.6	-52.9238
213.68	-52.9238
213.76	-52.9238
213.84	-52.9238
213.92	-52.9238
214	-52.83
214.08	-52.9238
214.16	-52.955
214.24	-52.83
214.32	-52.9238
214.4	-52.955
214.48	-52.8613
214.56	-52.7988
214.64	-52.7675
214.72	-52.8613
214.8	-52.7675
214.88	-52.7675
214.96	-53.3353
215.04	-53.3353
215.12	-53.3353
215.2	-53.3353
215.28	-53.3353
215.36	-53
215.44	-53.125
215.52	-53.3438
215.6	-53.375
215.68	-53.4375
215.76	-53.5313
215.84	-53.6563
215.92	-53.6563
216	-53.7812
216.08	-53.7812
216.16	-53.8125
216.24	-53.9687
216.32	-54
216.4	-54.1875
216.48	-54.1875
216.56	-54.1875
216.64	-54.2188
216.72	-54.2188
216.8	-54.25
216.88	-54.3125
216.96	-54.4063
217.04	-54.3125
217.12	-54.4688
217.2	-54.5313
217.28	-54.625
217.36	-54.75
217.44	-54.5937
217.52	-54.6562
217.6	-54.7188
217.68	-54.75
217.76	-54.8437
217.84	-54.8125
217.92	-54.875
218	-54.8125
218.08	-54.875
218.16	-54.875
218.24	-54.9375
218.32	-55.0625
218.4	-55.1562
218.48	-55.125
218.56	-55.1562
218.64	-55.2187
218.72	-55.2813
218.8	-55.2187
218.88	-55.3125
218.96	-55.4375
219.04	-55.4375
219.12	-55.4375
219.2	-55.4063
219.28	-55.5625
219.36	-55.4687
219.44	-55.5625
219.52	-55.5625
219.6	-55.5625
219.68	-55.6875
219.76	-55.75
219.84	-55.75
219.92	-55.75
220	-55.9063
220.08	-55.8437
220.16	-55.9063
220.24	-55.9375
220.32	-55.9063
220.4	-55.9063
220.48	-56
220.56	-55.9688
220.64	-56.0312
220.72	-56.1563
220.8	-56.2188
220.88	-56.2188
220.96	-56.1875
221.04	-56.2812
221.12	-56.2812
221.2	-56.2812
221.28	-56.3125
221.36	-56.375
221.44	-56.4375
221.52	-56.4062
221.6	-56.4688
221.68	-56.5
221.76	-56.5313
221.84	-56.5313
221.92	-56.5
222	-56.6875
222.08	-56.7813
222.16	-56.7188
222.24	-56.6875
222.32	-56.6875
222.4	-56.7813
222.48	-56.75
222.56	-56.75
222.64	-56.875
222.72	-56.9687
222.8	-56.9062
222.88	-56.9062
222.96	-56.9687
223.04	-56.9687
223.12	-57.0938
223.2	-56.9687
223.28	-57.0938
223.36	-57.125
223.44	-57.0938
223.52	-57.1562
223.6	-57.2187
223.68	-57.2187
223.76	-57.125
223.84	-57.1875
223.92	-57.3125
224	-57.4687
224.08	-57.375
224.16	-57.4375
224.24	-57.375
224.32	-57.4063
224.4	-57.4375
224.48	-57.4687
224.56	-57.5312
224.64	-57.625
224.72	-57.625
224.8	-57.625
224.88	-57.5625
224.96	-57.5938
225.04	-57.6563
225.12	-57.6563
225.2	-57.7188
225.28	-57.7812
225.36	-57.7812
225.44	-57.8125
225.52	-57.8437
225.6	-57.9688
225.68	-57.9688
225.76	-57.9063
225.84	-57.9688
225.92	-58.0937
226	-58.0937
226.08	-58.0937
226.16	-58.125
226.24	-58.0625
226.32	-58.1875
226.4	-58.1562
226.48	-58.2813
226.56	-58.25
226.64	-58.3125
226.72	-58.2813
226.8	-58.25
226.88	-58.3437
226.96	-58.4375
227.04	-58.3125
227.12	-58.4062
227.2	-58.375
227.28	-58.375
227.36	-58.4062
227.44	-58.4688
227.52	-58.5
227.6	-58.5313
227.68	-58.6562
227.76	-58.6875
227.84	-58.6562
227.92	-58.7187
228	-58.5625
228.08	-58.5625
228.16	-58.6875
228.24	-58.7187
228.32	-58.75
228.4	-58.8125
228.48	-58.7813
228.56	-58.7813
228.64	-58.8125
228.72	-58.8438
228.8	-58.9062
228.88	-59
228.96	-59.0313
229.04	-59
229.12	-59.0313
229.2	-59.0938
229.28	-59.0938
229.36	-59.0625
229.44	-59.125
229.52	-59.1875
229.6	-59.2187
229.68	-59.1875
229.76	-59.2187
229.84	-59.1875
229.92	-59.2187
230	-59.3438
230.08	-59.4375
230.16	-59.4063
230.24	-59.375
230.32	-59.4063
230.4	-59.4687
230.48	-59.4375
230.56	-59.4687
230.64	-59.4687
230.72	-59.5
230.8	-59.5625
230.88	-59.5937
230.96	-59.5625
231.04	-59.5937
231.12	-59.7188
231.2	-59.7188
231.28	-59.6875
231.36	-59.625
231.44	-59.7188
231.52	-59.6563
231.6	-59.875
231.68	-59.7812
231.76	-59.8125
231.84	-59.75
231.92	-59.7812
232	-59.875
232.08	-59.8125
232.16	-59.875
232.24	-59.9063
232.32	-59.9375
232.4	-59.9688
232.48	-60.0625
232.56	-60.125
232.64	-60.0313
232.72	-60.0937
232.8	-60.1875
232.88	-60.1562
232.96	-60.0937
233.04	-60.1875
233.12	-60.2188
233.2	-60.2188
233.28	-60.2188
233.36	-60.2188
233.44	-60.25
233.52	-60.4062
233.6	-60.2813
233.68	-60.3437
233.76	-60.375
233.84	-60.3437
233.92	-60.375
234	-60.375
234.08	-60.375
234.16	-60.4687
234.24	-60.4375
234.32	-60.375
234.4	-60.4062
234.48	-60.4687
234.56	-60.4687
234.64	-60.4687
234.72	-60.625
234.8	-60.5938
234.88	-60.5
234.96	-60.625
235.04	-60.6562
235.12	-60.625
235.2	-60.7187
235.28	-60.5938
235.36	-60.6562
235.44	-60.7187
235.52	-60.75
235.6	-60.75
235.68	-60.875
235.76	-60.875
235.84	-60.8438
235.92	-60.9063
236	-60.9375
236.08	-60.875
236.16	-60.9375
236.24	-60.9687
236.32	-61
236.4	-61
236.48	-61.0938
236.56	-61.0625
236.64	-61.1875
236.72	-61.0938
236.8	-61.0938
236.88	-61.125
236.96	-61.125
237.04	-61.0938
237.12	-61.1875
237.2	-61.1875
237.28	-61.1875
237.36	-61.25
237.44	-61.2812
237.52	-61.2812
237.6	-61.25
237.68	-61.2812
237.76	-61.2812
237.84	-61.3125
237.92	-61.4375
238	-61.4063
238.08	-61.4375
238.16	-61.4375
238.24	-61.4375
238.32	-61.5
238.4	-61.5625
238.48	-61.5625
238.56	-61.5625
238.64	-61.5
238.72	-61.5625
238.8	-61.625
238.88	-61.5937
238.96	-61.7188
239.04	-61.6875
239.12	-61.6875
239.2	-61.6563
239.28	-61.75
239.36	-61.7812
239.44	-61.75
239.52	-61.7812
239.6	-61.8125
239.68	-61.7812
239.76	-61.875
239.84	-62.0937
239.92	-61.8437
240	-61.8437
240.08	-61.9062
240.16	-61.9375
240.24	-61.9375
240.32	-62
240.4	-61.9375
240.48	-61.9688
240.56	-62.0937
240.64	-62.125
240.72	-61.9688
240.8	-62.0625
240.88	-62.1875
240.96	-62.0625
241.04	-62.125
241.12	-62.1875
241.2	-62.1562
241.28	-62.1875
241.36	-62.1562
241.44	-62.1562
241.52	-62.2188
241.6	-62.2188
241.68	-62.25
241.76	-62.2813
241.84	-62.2813
241.92	-62.3438
242	-62.3125
242.08	-62.3125
242.16	-62.375
242.24	-62.4375
242.32	-62.4062
242.4	-62.4687
242.48	-62.5
242.56	-62.5312
242.64	-62.5938
242.72	-62.5
242.8	-62.5938
242.88	-62.5312
242.96	-62.5938
243.04	-62.6563
243.12	-62.625
243.2	-62.5938
243.28	-62.6563
243.36	-62.6875
243.44	-62.6563
243.52	-62.75
243.6	-62.6563
243.68	-62.6875
243.76	-62.6875
243.84	-62.75
243.92	-62.7813
244	-62.6563
244.08	-62.7813
244.16	-62.875
244.24	-62.7813
244.32	-62.7813
244.4	-62.8125
244.48	-62.8125
244.56	-62.7813
244.64	-62.9063
244.72	-62.9063
244.8	-62.9063
244.88	-62.9063
244.96	-62.9375
245.04	-62.9063
245.12	-62.9375
245.2	-63
245.28	-63.0312
245.36	-63.0312
245.44	-63.0625
245.52	-63.0625
245.6	-63.0625
245.68	-63.0625
245.76	-63.0312
245.84	-63.0938
245.92	-63.125
246	-63.0938
246.08	-63.1562
246.16	-63.1562
246.24	-63.125
246.32	-63.1875
246.4	-63.2188
246.48	-63.1875
246.56	-63.2813
246.64	-63.2813
246.72	-63.2813
246.8	-63.3437
246.88	-63.4375
246.96	-63.375
247.04	-63.3437
247.12	-63.375
247.2	-63.4375
247.28	-63.4375
247.36	-63.375
247.44	-63.4375
247.52	-63.5
247.6	-63.375
247.68	-63.4687
247.76	-63.5938
247.84	-63.5625
247.92	-63.5312
248	-63.5312
248.08	-63.4375
248.16	-63.5312
248.24	-63.625
248.32	-63.625
248.4	-63.5312
248.48	-63.6562
248.56	-63.6875
248.64	-63.6562
248.72	-63.6562
248.8	-63.5938
248.88	-63.7188
248.96	-63.7188
249.04	-63.75
249.12	-63.7188
249.2	-63.7188
249.28	-63.7188
249.36	-63.75
249.44	-63.75
249.52	-63.8125
249.6	-63.875
249.68	-63.8125
249.76	-63.875
249.84	-63.875
249.92	-63.8437
250	-63.9063
250.08	-63.9063
250.16	-63.875
250.24	-64
250.32	-63.9687
250.4	-63.9687
250.48	-63.8437
250.56	-63.9375
250.64	-63.9375
250.72	-64
250.8	-64
250.88	-64
250.96	-64.0313
251.04	-63.9375
251.12	-64
251.2	-64
251.28	-64.0313
251.36	-64.0313
251.44	-64
251.52	-64.1562
251.6	-64.125
251.68	-64.0625
251.76	-64.125
251.84	-64.1562
251.92	-64.0625
252	-64.2188
252.08	-64.25
252.16	-64.1562
252.24	-64.2188
252.32	-64.2812
252.4	-64.3438
252.48	-64.3438
252.56	-64.375
252.64	-64.2812
252.72	-64.2812
252.8	-64.4063
252.88	-64.3438
252.96	-64.4375
253.04	-64.4063
253.12	-64.4375
253.2	-64.5
253.28	-64.375
253.36	-64.375
253.44	-64.4375
253.52	-64.4375
253.6	-64.5313
253.68	-64.5625
253.76	-64.5
253.84	-64.5625
253.92	-64.5313
254	-64.4687
254.08	-64.5937
254.16	-64.625
254.24	-64.5937
254.32	-64.6875
254.4	-64.5625
254.48	-64.6875
254.56	-64.625
254.64	-64.5625
254.72	-64.6563
254.8	-64.6563
254.88	-64.6875
254.96	-64.75
255.04	-64.6563
255.12	-64.6563
255.2	-64.6563
255.28	-64.75
255.36	-64.7188
255.44	-64.75
255.52	-64.6875
255.6	-64.7188
255.68	-64.8125
255.76	-64.8438
255.84	-64.8438
255.92	-64.8125
256	-64.75
256.08	-64.875
256.16	-64.875
256.24	-64.875
256.32	-64.8125
256.4	-64.75
256.48	-64.875
256.56	-64.9687
256.64	-64.9375
256.72	-64.9687
256.8	-64.9375
256.88	-65
256.96	-65.0625
257.04	-64.9687
257.12	-65
257.2	-64.9687
257.28	-65.0625
257.36	-65.0625
257.44	-65.0313
257.52	-65.0937
257.6	-65.125
257.68	-65.0625
257.76	-65
257.84	-65.0937
257.92	-65.125
258	-65.1563
258.08	-65.125
258.16	-65.1875
258.24	-65.2187
258.32	-65.2812
258.4	-65.1563
258.48	-65.25
258.56	-65.25
258.64	-65.2187
258.72	-65.375
258.8	-65.2187
258.88	-65.2812
258.96	-65.3125
259.04	-65.3125
259.12	-65.3438
259.2	-65.3438
259.28	-65.3125
259.36	-65.25
259.44	-65.3438
259.52	-65.4062
259.6	-65.4375
259.68	-65.4375
259.76	-65.4375
259.84	-65.4062
259.92	-65.5
260	-65.5625
260.08	-65.5937
260.16	-65.5
260.24	-65.5
260.32	-65.4375
260.4	-65.5625
260.48	-65.4375
260.56	-65.5
260.64	-65.5312
260.72	-65.5937
260.8	-65.5625
260.88	-65.5937
260.96	-65.5937
261.04	-65.6563
261.12	-65.625
261.2	-65.5312
261.28	-65.5625
261.36	-65.625
261.44	-65.625
261.52	-65.5937
261.6	-65.6875
261.68	-65.6563
261.76	-65.625
261.84	-65.5937
261.92	-65.625
262	-65.6875
262.08	-65.5937
262.16	-65.75
262.24	-65.7187
262.32	-65.75
262.4	-65.7813
262.48	-65.75
262.56	-65.7187
262.64	-65.9062
262.72	-65.7813
262.8	-65.75
262.88	-65.8125
262.96	-65.875
263.04	-65.7813
263.12	-65.7813
263.2	-65.8438
263.28	-65.8125
263.36	-65.875
263.44	-65.9375
263.52	-65.9688
263.6	-66.0312
263.68	-65.9062
263.76	-65.9688
263.84	-65.875
263.92	-66
264	-65.9688
264.08	-65.9688
264.16	-65.8438
264.24	-66
264.32	-65.9375
264.4	-66.0312
264.48	-65.9688
264.56	-65.9688
264.64	-66.0312
264.72	-66.0625
264.8	-66.0312
264.88	-66.0938
264.96	-66.1875
265.04	-65.9688
265.12	-66.1875
265.2	-66.125
265.28	-66.1875
265.36	-66.0938
265.44	-66.1875
265.52	-66.0312
265.6	-66.1875
265.68	-66.125
265.76	-66.125
265.84	-66.2187
265.92	-66.0938
266	-66.0312
266.08	-66.25
266.16	-66.1875
266.24	-66.25
266.32	-66.25
266.4	-66.25
266.48	-66.2813
266.56	-66.2813
266.64	-66.3125
266.72	-66.25
266.8	-66.3125
266.88	-66.4375
266.96	-66.3437
267.04	-66.2813
267.12	-66.3125
267.2	-66.4063
267.28	-66.3125
267.36	-66.3437
267.44	-66.3125
267.52	-66.375
267.6	-66.375
267.68	-66.4063
267.76	-66.375
267.84	-66.3437
267.92	-66.4063
268	-66.4063
268.08	-66.375
268.16	-66.4375
268.24	-66.3437
268.32	-66.5
268.4	-66.4375
268.48	-66.4063
268.56	-66.4688
268.64	-66.5
268.72	-66.5312
268.8	-66.5
268.88	-66.4375
268.96	-66.5625
269.04	-66.5
269.12	-66.4688
269.2	-66.5312
269.28	-66.5
269.36	-66.5625
269.44	-66.625
269.52	-66.5938
269.6	-66.5938
269.68	-66.5938
269.76	-66.5938
269.84	-66.5938
269.92	-66.5625
270	-66.6562
270.08	-66.625
270.16	-66.5938
270.24	-66.6562
270.32	-66.5625
270.4	-66.7187
270.48	-66.6875
270.56	-66.6875
270.64	-66.625
270.72	-66.6875
270.8	-66.6875
270.88	-66.6875
270.96	-66.7813
271.04	-66.7187
271.12	-66.7187
271.2	-66.6875
271.28	-66.7187
271.36	-66.8125
271.44	-66.75
271.52	-66.6875
271.6	-66.6875
271.68	-66.6875
271.76	-66.7813
271.84	-66.7813
271.92	-66.7813
272	-66.7813
272.08	-66.9375
272.16	-66.7813
272.24	-66.875
272.32	-66.8125
272.4	-66.8125
272.48	-66.8125
272.56	-66.9063
272.64	-66.875
272.72	-66.9063
272.8	-66.9063
272.88	-66.9375
272.96	-66.9687
273.04	-66.8125
273.12	-66.9063
273.2	-66.9375
273.28	-66.875
273.36	-66.9375
273.44	-66.9375
273.52	-66.9063
273.6	-66.9687
273.68	-67.0312
273.76	-67
273.84	-66.9687
273.92	-66.9687
274	-66.9687
274.08	-67.0312
274.16	-66.9687
274.24	-67
274.32	-67
274.4	-67.0312
274.48	-67.0312
274.56	-66.9687
274.64	-67.0312
274.72	-67.0625
274.8	-67.125
274.88	-67.0625
274.96	-67.0938
275.04	-67
275.12	-67.0625
275.2	-67.0625
275.28	-67.0625
275.36	-67.0938
275.44	-67.0938
275.52	-67.1562
275.6	-67.125
275.68	-67.0938
275.76	-67.1562
275.84	-67.1562
275.92	-67.2188
276	-67.2188
276.08	-67.1875
276.16	-67.0938
276.24	-67.2188
276.32	-67.2813
276.4	-67.2813
276.48	-67.25
276.56	-67.3125
276.64	-67.2188
276.72	-67.2188
276.8	-67.2813
276.88	-67.25
276.96	-67.25
277.04	-67.3125
277.12	-67.25
277.2	-67.25
277.28	-67.2188
277.36	-67.2188
277.44	-67.25
277.52	-67.2813
277.6	-67.25
277.68	-67.2813
277.76	-67.2188
277.84	-67.25
277.92	-67.2813
278	-67.375
278.08	-67.375
278.16	-67.3437
278.24	-67.3125
278.32	-67.375
278.4	-67.5
278.48	-67.375
278.56	-67.4063
278.64	-67.375
278.72	-67.375
278.8	-67.4687
278.88	-67.3437
278.96	-67.4063
279.04	-67.4375
279.12	-67.4375
279.2	-67.4063
279.28	-67.5625
279.36	-67.4375
279.44	-67.4375
279.52	-67.4687
279.6	-67.5
279.68	-67.4063
279.76	-67.4375
279.84	-67.4063
279.92	-67.5
280	-67.4687
280.08	-67.5
280.16	-67.4687
280.24	-67.5938
280.32	-67.5625
280.4	-67.5625
280.48	-67.5625
280.56	-67.4687
280.64	-67.5938
280.72	-67.5938
280.8	-67.5938
280.88	-67.6562
280.96	-67.5938
281.04	-67.5625
281.12	-67.625
281.2	-67.6875
281.28	-67.5938
281.36	-67.7812
281.44	-67.625
281.52	-67.5938
281.6	-67.7188
281.68	-67.7188
281.76	-67.6562
281.84	-67.75
281.92	-67.7188
282	-67.6562
282.08	-67.6562
282.16	-67.6875
282.24	-67.7188
282.32	-67.6875
282.4	-67.7188
282.48	-67.6875
282.56	-67.7188
282.64	-67.6562
282.72	-67.625
282.8	-67.5938
282.88	-67.7188
282.96	-67.7188
283.04	-67.7812
283.12	-67.75
283.2	-67.75
283.28	-67.7812
283.36	-67.75
283.44	-67.7188
283.52	-67.75
283.6	-67.7812
283.68	-67.8125
283.76	-67.8438
283.84	-67.8438
283.92	-67.75
284	-67.7812
284.08	-67.7812
284.16	-67.875
284.24	-67.7812
284.32	-67.8125
284.4	-67.875
284.48	-67.8438
284.56	-67.875
284.64	-67.8438
284.72	-67.875
284.8	-67.8125
284.88	-67.8125
284.96	-67.8438
285.04	-67.9063
285.12	-67.9063
285.2	-67.9063
285.28	-67.9063
285.36	-67.875
285.44	-68.0313
285.52	-67.9375
285.6	-67.9687
285.68	-67.9063
285.76	-67.9687
285.84	-67.9687
285.92	-68
286	-68.0313
286.08	-67.9687
286.16	-67.9687
286.24	-68
286.32	-68.0625
286.4	-68.1562
286.48	-68.0625
286.56	-67.9375
286.64	-68.0937
286.72	-68.0937
286.8	-68.0313
286.88	-68.125
286.96	-68.0625
287.04	-68.0937
287.12	-68.0625
287.2	-68.0625
287.28	-68.0625
287.36	-68.0313
287.44	-68.0313
287.52	-68.1562
287.6	-68.0937
287.68	-68.0313
287.76	-68.1875
287.84	-68.125
287.92	-68.1562
288	-68.125
288.08	-68.1562
288.16	-68.0937
288.24	-68.1562
288.32	-68.25
288.4	-68.1562
288.48	-68.1562
288.56	-68.125
288.64	-68.125
288.72	-68.2812
288.8	-68.2812
288.88	-68.1562
288.96	-68.125
289.04	-68.25
289.12	-68.25
289.2	-68.1562
289.28	-68.1562
289.36	-68.125
289.44	-68.1875
289.52	-68.2812
289.6	-68.125
289.68	-68.25
289.76	-68.1562
289.84	-68.125
289.92	-68.125
290	-68.25
290.08	-68.3125
290.16	-68.25
290.24	-68.2812
290.32	-68.3125
290.4	-68.3438
290.48	-68.3125
290.56	-68.25
290.64	-68.2812
290.72	-68.25
290.8	-68.2812
290.88	-68.1875
290.96	-68.1875
291.04	-68.25
291.12	-68.3438
291.2	-68.3438
291.28	-68.2812
291.36	-68.3438
291.44	-68.4062
291.52	-68.3438
291.6	-68.3438
291.68	-68.3438
291.76	-68.4062
291.84	-68.4062
291.92	-68.4062
292	-68.2812
292.08	-68.4062
292.16	-68.4375
292.24	-68.2812
292.32	-68.4062
292.4	-68.4062
292.48	-68.375
292.56	-68.375
292.64	-68.4062
292.72	-68.4062
292.8	-68.3438
292.88	-68.4687
292.96	-68.4375
293.04	-68.4062
293.12	-68.4375
293.2	-68.3438
293.28	-68.4687
293.36	-68.4375
293.44	-68.4375
293.52	-68.4062
293.6	-68.4375
293.68	-68.4062
293.76	-68.4375
293.84	-68.4687
293.92	-68.4687
294	-68.4687
294.08	-68.4375
294.16	-68.5
294.24	-68.4687
294.32	-68.5
294.4	-68.4687
294.48	-68.4375
294.56	-68.4687
294.64	-68.4687
294.72	-68.4062
294.8	-68.5
294.88	-68.5313
294.96	-68.5313
295.04	-68.5
295.12	-68.4375
295.2	-68.5313
295.28	-68.5
295.36	-68.5313
295.44	-68.5937
295.52	-68.5625
295.6	-68.6563
295.68	-68.5313
295.76	-68.5
295.84	-68.625
295.92	-68.5
296	-68.5937
296.08	-68.625
296.16	-68.5313
296.24	-68.625
296.32	-68.5937
296.4	-68.625
296.48	-68.6563
296.56	-68.625
296.64	-68.5937
296.72	-68.5937
296.8	-68.6563
296.88	-68.625
296.96	-68.5937
297.04	-68.625
297.12	-68.6563
297.2	-68.625
297.28	-68.625
297.36	-68.7187
297.44	-68.75
297.52	-68.75
297.6	-68.7187
297.68	-68.7187
297.76	-68.7187
297.84	-68.6875
297.92	-68.75
298	-68.7187
298.08	-68.6563
298.16	-68.7812
298.24	-68.75
298.32	-68.6563
298.4	-68.6563
298.48	-68.7812
298.56	-68.7187
298.64	-68.75
298.72	-68.7812
298.8	-68.7812
298.88	-68.7187
298.96	-68.8125
299.04	-68.7812
299.12	-68.9062
299.2	-68.9062
299.28	-68.75
299.36	-68.7812
299.44	-68.8125
299.52	-68.8125
299.6	-68.8125
299.68	-68.7812
299.76	-68.7187
299.84	-68.8438
299.92	-68.8125
300	-68.9375
300.08	-68.9062
300.16	-68.9688
300.24	-68.7812
300.32	-68.8438
300.4	-68.8125
300.48	-68.7812
300.56	-68.8438
300.64	-68.75
300.72	-68.8125
300.8	-68.7812
300.88	-68.8125
300.96	-68.9375
301.04	-69
301.12	-68.8438
301.2	-68.9375
301.28	-68.8438
301.36	-68.8438
301.44	-68.9375
301.52	-69
301.6	-68.9375
301.68	-68.8438
301.76	-68.9062
301.84	-68.9062
301.92	-68.8438
302	-68.9688
302.08	-68.9375
302.16	-68.8438
302.24	-68.8438
302.32	-68.8438
302.4	-68.9688
302.48	-68.9062
302.56	-68.9375
302.64	-68.8438
302.72	-68.9375
302.8	-69.0625
302.88	-68.8438
302.96	-68.9688
303.04	-68.9062
303.12	-69.0625
303.2	-68.9375
303.28	-69.0313
303.36	-68.9688
303.44	-68.9062
303.52	-69
303.6	-69.0313
303.68	-68.9688
303.76	-68.9688
303.84	-69.0313
303.92	-68.9375
304	-68.9375
304.08	-68.9688
304.16	-69.0313
304.24	-69
304.32	-68.9062
304.4	-69
304.48	-69.0313
304.56	-69
304.64	-69.0313
304.72	-68.9688
304.8	-68.9062
304.88	-68.9375
304.96	-69.0313
305.04	-69
305.12	-68.9688
305.2	-69.0625
305.28	-69.0625
305.36	-69
305.44	-68.9688
305.52	-69.0313
305.6	-69.0313
305.68	-69.0625
305.76	-69.0625
305.84	-69.0937
305.92	-69.0937
306	-69
306.08	-69.0937
306.16	-69.125
306.24	-69.0313
306.32	-69.0625
306.4	-69.0937
306.48	-69.0625
306.56	-69.0937
306.64	-69.0937
306.72	-69.125
306.8	-69.0313
306.88	-69.0625
306.96	-69.0625
307.04	-69.0313
307.12	-69.1563
307.2	-69.125
307.28	-69.125
307.36	-69.0937
307.44	-69.125
307.52	-69.0313
307.6	-69.0625
307.68	-69.2187
307.76	-69.1875
307.84	-69.0313
307.92	-69.0625
308	-69.1563
308.08	-69.0625
308.16	-69.125
308.24	-69.125
308.32	-69.125
308.4	-69.1563
308.48	-69.125
308.56	-69.0937
308.64	-69.2187
308.72	-69.2187
308.8	-69.2187
308.88	-69.25
308.96	-69.25
309.04	-69.1875
309.12	-69.25
309.2	-69.2187
309.28	-69.3125
309.36	-69.3125
309.44	-69.25
309.52	-69.25
309.6	-69.2813
309.68	-69.1563
309.76	-69.1875
309.84	-69.1875
309.92	-69.1563
310	-69.25
310.08	-69.25
310.16	-69.2813
310.24	-69.2813
310.32	-69.2187
310.4	-69.2187
310.48	-69.1563
310.56	-69.2813
310.64	-69.25
310.72	-69.1563
310.8	-69.25
310.88	-69.1563
310.96	-69.1563
311.04	-69.25
311.12	-69.2813
311.2	-69.1563
311.28	-69.1875
311.36	-69.1875
311.44	-69.125
311.52	-69.2187
311.6	-69.2813
311.68	-69.25
311.76	-69.2813
311.84	-69.1875
311.92	-69.125
312	-69.1875
312.08	-69.25
312.16	-69.1563
312.24	-69.1563
312.32	-69.1563
312.4	-69.1875
312.48	-69.1563
312.56	-69.0937
312.64	-69.1563
312.72	-69.125
312.8	-69.0937
312.88	-69.0625
312.96	-69.1875
313.04	-69.1563
313.12	-69.0937
313.2	-69.1563
313.28	-69.1563
313.36	-69.1875
313.44	-69.125
313.52	-69.1875
313.6	-69.125
313.68	-69.1563
313.76	-69.0937
313.84	-69.1875
313.92	-69.1875
314	-69.2187
314.08	-69.1875
314.16	-69.1563
314.24	-69.2187
314.32	-69.1875
314.4	-69.1563
314.48	-69.1563
314.56	-69.1563
314.64	-69.2187
314.72	-69.2187
314.8	-69.2187
314.88	-69.2187
