3937 2
0	-68.4375
0.08	-68.4687
0.16	-68.4375
0.24	-68.4062
0.32	-68.5
0.4	-68.5
0.48	-68.5313
0.56	-68.5625
0.64	-68.5
0.72	-68.5
0.8	-68.5313
0.88	-68.4687
0.96	-68.4687
1.04	-68.4687
1.12	-68.4062
1.2	-68.4062
1.28	-68.4062
1.36	-68.4375
1.44	-68.5
1.52	-68.4687
1.6	-68.4375
1.68	-68.5
1.76	-68.375
1.84	-68.5
1.92	-68.4062
2	-68.4687
2.08	-68.4687
2.16	-68.5
2.24	-68.5313
2.32	-68.4687
2.4	-68.4062
2.48	-68.5
2.56	-68.5937
2.64	-68.5313
2.72	-68.4687
2.8	-68.4687
2.88	-68.375
2.96	-68.4062
3.04	-68.4062
3.12	-68.5313
3.2	-68.5
3.28	-68.4375
3.36	-68.4062
3.44	-68.4687
3.52	-68.5
3.6	-68.375
3.68	-68.3125
3.76	-68.4375
3.84	-68.5
3.92	-68.4375
4	-68.4062
4.08	-68.5
4.16	-68.4062
4.24	-68.375
4.32	-68.4062
4.4	-68.375
4.48	-68.4062
4.56	-68.4062
4.64	-68.4062
4.72	-68.3438
4.8	-68.375
4.88	-68.5
4.96	-68.3438
5.04	-68.375
5.12	-68.4062
5.2	-68.3438
5.28	-68.3438
5.36	-68.4375
5.44	-68.375
5.52	-68.4062
5.6	-68.375
5.68	-68.4375
5.76	-68.3438
5.84	-68.3438
5.92	-68.2812
6	-68.4375
6.08	-68.4062
6.16	-68.375
6.24	-68.4062
6.32	-68.4687
6.4	-68.4687
6.48	-68.3125
6.56	-68.4062
6.64	-68.3125
6.72	-68.375
6.8	-68.375
6.88	-68.4062
6.96	-68.375
7.04	-68.3438
7.12	-68.4062
7.2	-68.3438
7.28	-68.3438
7.36	-68.3125
7.44	-68.3438
7.52	-68.4062
7.6	-68.375
7.68	-68.375
7.76	-68.3125
7.84	-68.375
7.92	-68.2812
8	-68.25
8.08	-68.3125
8.16	-68.3125
8.24	-68.1875
8.32	-68.1562
8.4	-68.3125
8.48	-68.25
8.56	-68.25
8.64	-68.25
8.72	-68.1562
8.8	-68.25
8.88	-68.3125
8.96	-68.125
9.04	-68.1875
9.12	-68.3125
9.2	-68.3438
9.28	-68.1562
9.36	-68.2812
9.44	-68.2812
9.52	-68.2812
9.6	-68.25
9.68	-68.1875
9.76	-68.125
9.84	-68.125
9.92	-68.1875
10	-68.1875
10.08	-68.1875
10.16	-68.3125
10.24	-68.25
10.32	-68.1562
10.4	-68.25
10.48	-68.1562
10.56	-68.1562
10.64	-68.1562
10.72	-68.25
10.8	-68.125
10.88	-68.1562
10.96	-68.25
11.04	-68.1875
11.12	-68.0937
11.2	-68.25
11.28	-68.125
11.36	-68.25
11.44	-68.1562
11.52	-68.125
11.6	-68.25
11.68	-68.3125
11.76	-68.25
11.84	-68.25
11.92	-68.0937
12	-68.25
12.08	-68.125
12.16	-68.1562
12.24	-68.125
12.32	-68.125
12.4	-68.0937
12.48	-68.25
12.56	-68.25
12.64	-68.1875
12.72	-68.125
12.8	-68.2812
12.88	-68.125
12.96	-68.125
13.04	-68.3125
13.12	-68.375
13.2	-68.2812
13.28	-68.3125
13.36	-68.3125
13.44	-68.3125
13.52	-68.2812
13.6	-68.3438
13.68	-68.1875
13.76	-68.1875
13.84	-68.3125
13.92	-68.2812
14	-68.2812
14.08	-68.3125
14.16	-68.125
14.24	-68.25
14.32	-68.25
14.4	-68.2812
14.48	-68.3438
14.56	-68.1875
14.64	-68.1562
14.72	-68.1562
14.8	-68.25
14.88	-68.1562
14.96	-68.2673
15.04	-68.2673
15.12	-68.2673
15.2	-68.2673
15.28	-68.2673
15.36	-68.5172
15.44	-68.6735
15.52	-68.6735
15.6	-68.7673
15.68	-68.861
15.76	-69.0172
15.84	-69.0485
15.92	-69.1422
16	-69.111
16.08	-69.1422
16.16	-69.2047
16.24	-69.2985
16.32	-69.3297
16.4	-69.3923
16.48	-69.4235
16.56	-69.611
16.64	-69.5485
16.72	-69.5798
16.8	-69.611
16.88	-69.6422
16.96	-69.6735
17.04	-69.7673
17.12	-69.7673
17.2	-69.736
17.28	-69.8297
17.36	-69.7673
17.44	-69.8923
17.52	-69.9547
17.6	-69.986
17.68	-70.0798
17.76	-70.111
17.84	-70.0485
17.92	-70.0485
18	-70.1422
18.08	-70.2048
18.16	-70.236
18.24	-70.3923
18.32	-70.361
18.4	-70.361
18.48	-70.4547
18.56	-70.4547
18.64	-70.4235
18.72	-70.486
18.8	-70.4547
18.88	-70.4547
18.96	-70.5173
19.04	-70.6422
19.12	-70.6735
19.2	-70.7048
19.28	-70.8922
19.36	-70.7985
19.44	-70.7672
19.52	-70.8298
19.6	-70.8922
19.68	-70.8298
19.76	-70.8298
19.84	-70.986
19.92	-70.9547
20	-70.9547
20.08	-71.0485
20.16	-70.9235
20.24	-71.0797
20.32	-71.111
20.4	-71.111
20.48	-71.1423
20.56	-71.1423
20.64	-71.236
20.72	-71.2047
20.8	-71.2985
20.88	-71.2672
20.96	-71.236
21.04	-71.2985
21.12	-71.361
21.2	-71.4235
21.28	-71.4548
21.36	-71.3922
21.44	-71.4548
21.52	-71.5173
21.6	-71.5173
21.68	-71.611
21.76	-71.5797
21.84	-71.6423
21.92	-71.611
22	-71.6423
22.08	-71.611
22.16	-71.6735
22.24	-71.7047
22.32	-71.861
22.4	-71.8298
22.48	-71.8298
22.56	-71.9235
22.64	-71.986
22.72	-71.9548
22.8	-71.986
22.88	-71.9235
22.96	-72.0485
23.04	-72.111
23.12	-72.0485
23.2	-72.1735
23.28	-72.111
23.36	-72.1423
23.44	-72.2047
23.52	-72.2673
23.6	-72.2985
23.68	-72.361
23.76	-72.361
23.84	-72.361
23.92	-72.361
24	-72.4548
24.08	-72.4235
24.16	-72.4235
24.24	-72.4235
24.32	-72.5485
24.4	-72.486
24.48	-72.5485
24.56	-72.611
24.64	-72.486
24.72	-72.5172
24.8	-72.6735
24.88	-72.6422
24.96	-72.7047
25.04	-72.611
25.12	-72.6735
25.2	-72.7047
25.28	-72.7673
25.36	-72.7985
25.44	-72.861
25.52	-72.7985
25.6	-72.7985
25.68	-72.7673
25.76	-72.861
25.84	-72.9548
25.92	-72.861
26	-72.9548
26.08	-72.9548
26.16	-72.9548
26.24	-72.861
26.32	-73.0172
26.4	-73.1422
26.48	-73.0172
26.56	-73.0798
26.64	-73.111
26.72	-73.0798
26.8	-73.1422
26.88	-73.111
26.96	-73.2047
27.04	-73.2673
27.12	-73.236
27.2	-73.2673
27.28	-73.2673
27.36	-73.236
27.44	-73.3297
27.52	-73.361
27.6	-73.3297
27.68	-73.361
27.76	-73.3297
27.84	-73.4235
27.92	-73.361
28	-73.4235
28.08	-73.4547
28.16	-73.4235
28.24	-73.4547
28.32	-73.486
28.4	-73.486
28.48	-73.5798
28.56	-73.6422
28.64	-73.6422
28.72	-73.7048
28.8	-73.6735
28.88	-73.7672
28.96	-73.7672
29.04	-73.7048
29.12	-73.8297
29.2	-73.8297
29.28	-73.7985
29.36	-73.7672
29.44	-73.861
29.52	-73.861
29.6	-73.861
29.68	-73.8923
29.76	-73.861
29.84	-73.8923
29.92	-73.8923
30	-73.9235
30.08	-73.9547
30.16	-74.0173
30.24	-74.0173
30.32	-74.0797
30.4	-73.986
30.48	-74.0485
30.56	-74.0173
30.64	-74.1422
30.72	-74.111
30.8	-74.0485
30.88	-74.0797
30.96	-74.1422
31.04	-74.2048
31.12	-74.0797
31.2	-74.111
31.28	-74.1735
31.36	-74.1735
31.44	-74.236
31.52	-74.236
31.6	-74.2048
31.68	-74.2985
31.76	-74.361
31.84	-74.2985
31.92	-74.361
32	-74.3922
32.08	-74.3922
32.16	-74.4235
32.24	-74.3298
32.32	-74.3922
32.4	-74.4235
32.48	-74.5173
32.56	-74.5173
32.64	-74.5485
32.72	-74.5797
32.8	-74.5485
32.88	-74.486
32.96	-74.5797
33.04	-74.611
33.12	-74.611
33.2	-74.7048
33.28	-74.6423
33.36	-74.5797
33.44	-74.6423
33.52	-74.611
33.6	-74.7048
33.68	-74.7048
33.76	-74.6735
33.84	-74.7672
33.92	-74.7672
34	-74.7985
34.08	-74.8298
34.16	-74.861
34.24	-74.7672
34.32	-74.8922
34.4	-74.7985
34.48	-74.8922
34.56	-74.861
34.64	-74.8298
34.72	-74.861
34.8	-74.8922
34.88	-74.8922
34.96	-75.0485
35.04	-75.0485
35.12	-75.0797
35.2	-75.0485
35.28	-75.0173
35.36	-75.0797
35.44	-75.111
35.52	-75.1423
35.6	-75.1735
35.68	-75.1735
35.76	-75.111
35.84	-75.1735
35.92	-75.1423
36	-75.1735
36.08	-75.1735
36.16	-75.111
36.24	-75.1423
36.32	-75.2047
36.4	-75.236
36.48	-75.2047
36.56	-75.2047
36.64	-75.236
36.72	-75.361
36.8	-75.236
36.88	-75.2672
36.96	-75.2985
37.04	-75.361
37.12	-75.3922
37.2	-75.3298
37.28	-75.2985
37.36	-75.3298
37.44	-75.3922
37.52	-75.4235
37.6	-75.4235
37.68	-75.3922
37.76	-75.361
37.84	-75.2985
37.92	-75.3922
38	-75.361
38.08	-75.486
38.16	-75.5172
38.24	-75.4235
38.32	-75.5485
38.4	-75.5797
38.48	-75.5797
38.56	-75.5797
38.64	-75.486
38.72	-75.4548
38.8	-75.5485
38.88	-75.486
38.96	-75.611
39.04	-75.736
39.12	-75.7047
39.2	-75.611
39.28	-75.7047
39.36	-75.736
39.44	-75.7047
39.52	-75.7047
39.6	-75.736
39.68	-75.736
39.76	-75.736
39.84	-75.736
39.92	-75.7673
40	-75.7985
40.08	-75.9235
40.16	-75.7673
40.24	-75.7985
40.32	-75.7985
40.4	-75.9235
40.48	-75.9548
40.56	-75.9235
40.64	-75.8297
40.72	-75.9548
40.8	-75.9548
40.88	-75.9235
40.96	-75.8922
41.04	-75.861
41.12	-75.861
41.2	-75.9235
41.28	-75.9235
41.36	-76.0172
41.44	-76.0172
41.52	-75.986
41.6	-75.986
41.68	-75.9548
41.76	-75.986
41.84	-75.9235
41.92	-76.0172
42	-76.0172
42.08	-75.9548
42.16	-75.9548
42.24	-76.0172
42.32	-76.0485
42.4	-76.0172
42.48	-76.0485
42.56	-76.111
42.64	-76.111
42.72	-76.1735
42.8	-76.1423
42.88	-76.111
42.96	-76.111
43.04	-76.236
43.12	-76.0798
43.2	-76.111
43.28	-76.111
43.36	-76.1423
43.44	-76.0485
43.52	-76.111
43.6	-76.2047
43.68	-76.2047
43.76	-76.2673
43.84	-76.2673
43.92	-76.236
44	-76.2047
44.08	-76.1423
44.16	-76.1735
44.24	-76.2047
44.32	-76.236
44.4	-76.2047
44.48	-76.1735
44.56	-76.1735
44.64	-76.2047
44.72	-76.2047
44.8	-76.2047
44.88	-76.236
44.96	-76.111
45.04	-76.1423
45.12	-76.1735
45.2	-76.2047
45.28	-76.1423
45.36	-76.1423
45.44	-76.111
45.52	-76.236
45.6	-76.2673
45.68	-76.2985
45.76	-76.2673
45.84	-76.2673
45.92	-76.2985
46	-76.236
46.08	-76.2985
46.16	-76.2985
46.24	-76.2985
46.32	-76.236
46.4	-76.2985
46.48	-76.236
46.56	-76.361
46.64	-76.4548
46.72	-76.3922
46.8	-76.361
46.88	-76.2985
46.96	-76.3922
47.04	-76.4235
47.12	-76.4548
47.2	-76.4235
47.28	-76.3922
47.36	-76.3922
47.44	-76.486
47.52	-76.4235
47.6	-76.361
47.68	-76.4235
47.76	-76.2985
47.84	-76.486
47.92	-76.3922
48	-76.4235
48.08	-76.5485
48.16	-76.4235
48.24	-76.4548
48.32	-76.4235
48.4	-76.486
48.48	-76.5798
48.56	-76.4548
48.64	-76.486
48.72	-76.486
48.8	-76.4548
48.88	-76.5798
48.96	-76.6422
49.04	-76.5485
49.12	-76.5485
49.2	-76.486
49.28	-76.5172
49.36	-76.611
49.44	-76.5172
49.52	-76.4548
49.6	-76.5485
49.68	-76.5798
49.76	-76.486
49.84	-76.611
49.92	-76.5172
50	-76.611
50.08	-76.6422
50.16	-76.5485
50.24	-76.6422
50.32	-76.5485
50.4	-76.611
50.48	-76.6422
50.56	-76.5798
50.64	-76.611
50.72	-76.611
50.8	-76.611
50.88	-76.611
50.96	-76.6422
51.04	-76.7047
51.12	-76.7047
51.2	-76.7673
51.28	-76.6735
51.36	-76.7673
51.44	-76.7047
51.52	-76.7985
51.6	-76.7985
51.68	-76.7047
51.76	-76.7985
51.84	-76.8297
51.92	-76.8297
52	-76.736
52.08	-76.7985
52.16	-76.8297
52.24	-76.7985
52.32	-76.861
52.4	-76.7985
52.48	-76.736
52.56	-76.736
52.64	-76.7985
52.72	-76.7985
52.8	-76.8923
52.88	-76.861
52.96	-76.9235
53.04	-76.8923
53.12	-76.8923
53.2	-76.8923
53.28	-76.861
53.36	-76.861
53.44	-76.9235
53.52	-76.9235
53.6	-76.861
53.68	-76.986
53.76	-76.9235
53.84	-76.9235
53.92	-76.861
54	-76.9547
54.08	-76.9235
54.16	-76.9547
54.24	-76.861
54.32	-76.9547
54.4	-76.9235
54.48	-76.8923
54.56	-76.9547
54.64	-76.9547
54.72	-76.986
54.8	-76.8923
54.88	-76.9235
54.96	-76.9235
55.04	-77.0485
55.12	-76.8923
55.2	-76.9547
55.28	-76.9235
55.36	-76.986
55.44	-76.986
55.52	-76.986
55.6	-76.986
55.68	-77.0798
55.76	-76.986
55.84	-77.111
55.92	-77.0485
56	-77.0485
56.08	-77.1422
56.16	-77.1735
56.24	-77.111
56.32	-77.0798
56.4	-77.2672
56.48	-77.1735
56.56	-77.236
56.64	-77.2048
56.72	-77.236
56.8	-77.1735
56.88	-77.1735
56.96	-77.1735
57.04	-77.0798
57.12	-77.1422
57.2	-77.1422
57.28	-77.1735
57.36	-77.111
57.44	-77.2672
57.52	-77.1735
57.6	-77.1422
57.68	-77.1422
57.76	-77.1422
57.84	-77.2048
57.92	-77.1422
58	-77.2048
58.08	-77.1422
58.16	-77.1735
58.24	-77.1735
58.32	-77.2048
58.4	-77.2672
58.48	-77.2985
58.56	-77.236
58.64	-77.2672
58.72	-77.1422
58.8	-77.236
58.88	-77.2048
58.96	-77.2048
59.04	-77.236
59.12	-77.2048
59.2	-77.2985
59.28	-77.3297
59.36	-77.236
59.44	-77.236
59.52	-77.2985
59.6	-77.2985
59.68	-77.2048
59.76	-77.361
59.84	-77.2985
59.92	-77.2048
60	-77.236
60.08	-77.236
60.16	-77.3297
60.24	-77.236
60.32	-77.3297
60.4	-77.2985
60.48	-77.2672
60.56	-77.2672
60.64	-77.3297
60.72	-77.2985
60.8	-77.2985
60.88	-77.2672
60.96	-77.361
61.04	-77.361
61.12	-77.3297
61.2	-77.2985
61.28	-77.2048
61.36	-77.2672
61.44	-77.2048
61.52	-77.2985
61.6	-77.2048
61.68	-77.3297
61.76	-77.2985
61.84	-77.361
61.92	-77.2985
62	-77.2985
62.08	-77.361
62.16	-77.361
62.24	-77.2985
62.32	-77.3923
62.4	-77.3297
62.48	-77.3923
62.56	-77.3923
62.64	-77.3297
62.72	-77.2985
62.8	-77.4235
62.88	-77.2672
62.96	-77.3923
63.04	-77.486
63.12	-77.4547
63.2	-77.3923
63.28	-77.486
63.36	-77.4547
63.44	-77.486
63.52	-77.3923
63.6	-77.486
63.68	-77.4235
63.76	-77.3923
63.84	-77.5173
63.92	-77.4235
64	-77.3297
64.08	-77.3923
64.16	-77.361
64.24	-77.2985
64.32	-77.4235
64.4	-77.486
64.48	-77.4235
64.56	-77.3923
64.64	-77.4235
64.72	-77.5173
64.8	-77.5173
64.88	-77.4547
64.96	-77.4235
65.04	-77.361
65.12	-77.3923
65.2	-77.3923
65.28	-77.4235
65.36	-77.4235
65.44	-77.4235
65.52	-77.4235
65.6	-77.3923
65.68	-77.4547
65.76	-77.4547
65.84	-77.486
65.92	-77.5173
66	-77.486
66.08	-77.486
66.16	-77.486
66.24	-77.4547
66.32	-77.4235
66.4	-77.486
66.48	-77.4547
66.56	-77.4235
66.64	-77.486
66.72	-77.5173
66.8	-77.5173
66.88	-77.5798
66.96	-77.486
67.04	-77.5798
67.12	-77.4547
67.2	-77.5798
67.28	-77.5798
67.36	-77.5485
67.44	-77.5798
67.52	-77.5173
67.6	-77.5485
67.68	-77.5173
67.76	-77.5173
67.84	-77.5173
67.92	-77.4547
68	-77.486
68.08	-77.611
68.16	-77.611
68.24	-77.5798
68.32	-77.5485
68.4	-77.5485
68.48	-77.611
68.56	-77.611
68.64	-77.6422
68.72	-77.6422
68.8	-77.611
68.88	-77.611
68.96	-77.5173
69.04	-77.5798
69.12	-77.611
69.2	-77.5798
69.28	-77.5173
69.36	-77.5173
69.44	-77.486
69.52	-77.5173
69.6	-77.5173
69.68	-77.5798
69.76	-77.5798
69.84	-77.5798
69.92	-77.5798
70	-77.5798
70.08	-77.611
70.16	-77.5173
70.24	-77.5485
70.32	-77.611
70.4	-77.5485
70.48	-77.6422
70.56	-77.6422
70.64	-77.486
70.72	-77.5485
70.8	-77.4547
70.88	-77.5798
70.96	-77.611
71.04	-77.6422
71.12	-77.611
71.2	-77.6422
71.28	-77.5173
71.36	-77.6422
71.44	-77.486
71.52	-77.5485
71.6	-77.5798
71.68	-77.5173
71.76	-77.6422
71.84	-77.611
71.92	-77.5798
72	-77.611
72.08	-77.6422
72.16	-77.6735
72.24	-77.6422
72.32	-77.5173
72.4	-77.6735
72.48	-77.6422
72.56	-77.736
72.64	-77.6735
72.72	-77.5798
72.8	-77.6422
72.88	-77.6735
72.96	-77.611
73.04	-77.6735
73.12	-77.736
73.2	-77.6735
73.28	-77.6735
73.36	-77.6735
73.44	-77.6735
73.52	-77.736
73.6	-77.736
73.68	-77.7672
73.76	-77.736
73.84	-77.736
73.92	-77.736
74	-77.7672
74.08	-77.6735
74.16	-77.7672
74.24	-77.736
74.32	-77.611
74.4	-77.611
74.48	-77.6422
74.56	-77.736
74.64	-77.736
74.72	-77.6735
74.8	-77.611
74.88	-77.6735
74.96	-77.6422
75.04	-77.7672
75.12	-77.6422
75.2	-77.7672
75.28	-77.6735
75.36	-77.611
75.44	-77.736
75.52	-77.736
75.6	-77.7672
75.68	-77.736
75.76	-77.6735
75.84	-77.6422
75.92	-77.6735
76	-77.736
76.08	-77.7985
76.16	-77.7985
76.24	-77.736
76.32	-77.736
76.4	-77.736
76.48	-77.7672
76.56	-77.7985
76.64	-77.6422
76.72	-77.7672
76.8	-77.7672
76.88	-77.6735
76.96	-77.5798
77.04	-77.6735
77.12	-77.611
77.2	-77.6422
77.28	-77.8297
77.36	-77.7672
77.44	-77.736
77.52	-77.736
77.6	-77.6735
77.68	-77.6735
77.76	-77.736
77.84	-77.6735
77.92	-77.7985
78	-77.736
78.08	-77.6735
78.16	-77.7985
78.24	-77.6735
78.32	-77.736
78.4	-77.6735
78.48	-77.736
78.56	-77.7672
78.64	-77.6735
78.72	-77.7672
78.8	-77.8297
78.88	-77.611
78.96	-77.8297
79.04	-77.7985
79.12	-77.6735
79.2	-77.6422
79.28	-77.6735
79.36	-77.736
79.44	-77.7672
79.52	-77.7985
79.6	-77.7672
79.68	-77.736
79.76	-77.7672
79.84	-77.7672
79.92	-77.6422
80	-77.7985
80.08	-77.8923
80.16	-77.736
80.24	-77.7985
80.32	-77.736
80.4	-77.7985
80.48	-77.7985
80.56	-77.7985
80.64	-77.8297
80.72	-77.8297
80.8	-77.7985
80.88	-77.736
80.96	-77.8297
81.04	-77.861
81.12	-77.736
81.2	-77.7672
81.28	-77.7672
81.36	-77.7985
81.44	-77.736
81.52	-77.6422
81.6	-77.6735
81.68	-77.7985
81.76	-77.736
81.84	-77.7672
81.92	-77.736
82	-77.611
82.08	-77.7672
82.16	-77.736
82.24	-77.7985
82.32	-77.7985
82.4	-77.7672
82.48	-77.736
82.56	-77.861
82.64	-77.8923
82.72	-77.736
82.8	-77.736
82.88	-77.861
82.96	-77.7672
83.04	-77.7985
83.12	-77.7672
83.2	-77.7985
83.28	-77.736
83.36	-77.7672
83.44	-77.736
83.52	-77.8923
83.6	-77.7672
83.68	-77.736
83.76	-77.861
83.84	-77.7985
83.92	-77.7672
84	-77.7985
84.08	-77.861
84.16	-77.7985
84.24	-77.8297
84.32	-77.861
84.4	-77.736
84.48	-77.7985
84.56	-77.861
84.64	-77.7985
84.72	-77.8297
84.8	-77.8923
84.88	-77.861
84.96	-77.7985
85.04	-77.8297
85.12	-77.8923
85.2	-77.8297
85.28	-77.8923
85.36	-77.8297
85.44	-77.8297
85.52	-77.9235
85.6	-77.8923
85.68	-77.8297
85.76	-77.8297
85.84	-77.7672
85.92	-77.7672
86	-77.6422
86.08	-77.8297
86.16	-77.8297
86.24	-77.7672
86.32	-77.8297
86.4	-77.861
86.48	-77.7672
86.56	-77.7985
86.64	-77.736
86.72	-77.8923
86.8	-77.861
86.88	-77.8297
86.96	-77.8297
87.04	-77.7672
87.12	-77.7672
87.2	-77.861
87.28	-77.7985
87.36	-77.8297
87.44	-77.861
87.52	-77.861
87.6	-77.7672
87.68	-77.8923
87.76	-77.8297
87.84	-77.861
87.92	-77.736
88	-77.861
88.08	-77.7985
88.16	-77.7985
88.24	-77.8297
88.32	-77.861
88.4	-77.8297
88.48	-77.8297
88.56	-77.6735
88.64	-77.6735
88.72	-77.6735
88.8	-77.8297
88.88	-77.8297
88.96	-77.6735
89.04	-77.7985
89.12	-77.8297
89.2	-77.8923
89.28	-77.7672
89.36	-77.7985
89.44	-77.7985
89.52	-77.861
89.6	-77.6735
89.68	-77.7672
89.76	-77.861
89.84	-77.861
89.92	-77.861
90	-77.8923
90.08	-77.7985
90.16	-77.8923
90.24	-77.9235
90.32	-77.8297
90.4	-77.8923
90.48	-77.7672
90.56	-77.9547
90.64	-77.8297
90.72	-77.8297
90.8	-77.8297
90.88	-77.7672
90.96	-77.861
91.04	-77.7985
91.12	-77.9547
91.2	-77.8923
91.28	-77.861
91.36	-77.8297
91.44	-77.861
91.52	-77.861
91.6	-77.9235
91.68	-77.9235
91.76	-77.7672
91.84	-77.7985
91.92	-77.7672
92	-77.7985
92.08	-77.8297
92.16	-77.7985
92.24	-77.9235
92.32	-77.8923
92.4	-77.736
92.48	-77.8297
92.56	-77.8297
92.64	-77.6735
92.72	-77.7672
92.8	-77.7985
92.88	-77.7985
92.96	-77.7985
93.04	-77.8297
93.12	-77.6422
93.2	-77.7672
93.28	-77.7985
93.36	-77.8297
93.44	-77.8297
93.52	-77.8297
93.6	-77.7985
93.68	-77.8923
93.76	-77.8923
93.84	-77.861
93.92	-77.8297
94	-77.7672
94.08	-77.861
94.16	-77.7985
94.24	-77.8297
94.32	-77.861
94.4	-77.7985
94.48	-77.8923
94.56	-77.7672
94.64	-77.7985
94.72	-77.7985
94.8	-77.861
94.88	-77.736
94.96	-77.8297
95.04	-77.861
95.12	-77.7985
95.2	-77.861
95.28	-77.8923
95.36	-77.8297
95.44	-77.736
95.52	-77.6735
95.6	-77.8297
95.68	-77.861
95.76	-77.7672
95.84	-77.7985
95.92	-77.7672
96	-77.8297
96.08	-77.7985
96.16	-77.8297
96.24	-77.8297
96.32	-77.861
96.4	-77.8297
96.48	-77.861
96.56	-77.861
96.64	-77.8923
96.72	-77.861
96.8	-77.8923
96.88	-77.8297
96.96	-77.861
97.04	-77.7985
97.12	-77.7672
97.2	-77.861
97.28	-77.8923
97.36	-77.7985
97.44	-77.8923
97.52	-77.9235
97.6	-77.8923
97.68	-77.7672
97.76	-77.7985
97.84	-77.8297
97.92	-77.861
98	-77.8297
98.08	-77.7985
98.16	-77.8297
98.24	-77.7985
98.32	-77.7985
98.4	-77.8297
98.48	-77.736
98.56	-77.7985
98.64	-77.7985
98.72	-77.736
98.8	-77.736
98.88	-77.8297
98.96	-77.7672
99.04	-77.7672
99.12	-77.7672
99.2	-77.736
99.28	-77.736
99.36	-77.8297
99.44	-77.7672
99.52	-77.7985
99.6	-77.861
99.68	-77.7672
99.76	-77.7672
99.84	-77.8297
99.92	-77.8297
100	-77.7672
100.08	-77.8297
100.16	-77.861
100.24	-77.7985
100.32	-77.7985
100.4	-77.8297
100.48	-77.7672
100.56	-77.8297
100.64	-77.7672
100.72	-77.8297
100.8	-77.7985
100.88	-77.8297
100.96	-77.861
101.04	-77.7672
101.12	-77.7985
101.2	-77.7672
101.28	-77.7672
101.36	-77.8297
101.44	-77.6735
101.52	-77.736
101.6	-77.7985
101.68	-77.7985
101.76	-77.8297
101.84	-77.8297
101.92	-77.7985
102	-77.7672
102.08	-77.7672
102.16	-77.861
102.24	-77.7985
102.32	-77.7985
102.4	-77.7985
102.48	-77.8297
102.56	-77.8297
102.64	-77.8297
102.72	-77.7985
102.8	-77.8297
102.88	-77.861
102.96	-77.7672
103.04	-77.8297
103.12	-77.736
103.2	-77.7672
103.28	-77.7985
103.36	-77.8297
103.44	-77.7985
103.52	-77.8297
103.6	-77.8923
103.68	-77.7672
103.76	-77.8297
103.84	-77.8297
103.92	-77.7985
104	-77.736
104.08	-77.7985
104.16	-77.736
104.24	-77.736
104.32	-77.7985
104.4	-77.7985
104.48	-77.6735
104.56	-77.7672
104.64	-77.7985
104.72	-77.861
104.8	-77.7672
104.88	-77.736
104.96	-77.7985
105.04	-77.7672
105.12	-77.7985
105.2	-77.5798
105.28	-77.6422
105.36	-77.5485
105.44	-77.611
105.52	-77.7672
105.6	-77.736
105.68	-77.7672
105.76	-77.6735
105.84	-77.7672
105.92	-77.6735
106	-77.6735
106.08	-77.7672
106.16	-77.7672
106.24	-77.736
106.32	-77.736
106.4	-77.736
106.48	-77.736
106.56	-77.7985
106.64	-77.6735
106.72	-77.7672
106.8	-77.7672
106.88	-77.861
106.96	-77.7985
107.04	-77.8923
107.12	-77.8297
107.2	-77.7985
107.28	-77.7985
107.36	-77.7985
107.44	-77.7985
107.52	-77.8297
107.6	-77.8923
107.68	-77.7672
107.76	-77.7985
107.84	-77.7672
107.92	-77.8297
108	-77.7672
108.08	-77.7985
108.16	-77.736
108.24	-77.7672
108.32	-77.7672
108.4	-77.7672
108.48	-77.8923
108.56	-77.736
108.64	-77.736
108.72	-77.736
108.8	-77.6735
108.88	-77.9235
108.96	-77.7985
109.04	-77.8297
109.12	-77.8297
109.2	-77.7985
109.28	-77.8297
109.36	-77.7985
109.44	-77.7672
109.52	-77.7672
109.6	-77.6735
109.68	-77.736
109.76	-77.7985
109.84	-77.8923
109.92	-77.7672
110	-77.6735
110.08	-77.8297
110.16	-77.7672
110.24	-77.736
110.32	-77.7985
110.4	-77.8297
110.48	-77.7672
110.56	-77.7672
110.64	-77.7985
110.72	-77.7672
110.8	-77.6735
110.88	-77.736
110.96	-77.6735
111.04	-77.736
111.12	-77.736
111.2	-77.7672
111.28	-77.7672
111.36	-77.7672
111.44	-77.7672
111.52	-77.7672
111.6	-77.736
111.68	-77.7672
111.76	-77.7672
111.84	-77.7672
111.92	-77.736
112	-77.7985
112.08	-77.6735
112.16	-77.6735
112.24	-77.6735
112.32	-77.6735
112.4	-77.7672
112.48	-77.7985
112.56	-77.7672
112.64	-77.736
112.72	-77.7672
112.8	-77.736
112.88	-77.736
112.96	-77.6735
113.04	-77.6735
113.12	-77.7672
113.2	-77.6422
113.28	-77.736
113.36	-77.6735
113.44	-77.736
113.52	-77.6735
113.6	-77.6735
113.68	-77.7672
113.76	-77.6735
113.84	-77.7672
113.92	-77.7672
114	-77.7672
114.08	-77.7672
114.16	-77.6735
114.24	-77.6735
114.32	-77.8297
114.4	-77.6735
114.48	-77.611
114.56	-77.736
114.64	-77.6735
114.72	-77.736
114.8	-77.7985
114.88	-77.6735
114.96	-77.6735
115.04	-77.6735
115.12	-77.736
115.2	-77.6735
115.28	-77.736
115.36	-77.6735
115.44	-77.6422
115.52	-77.736
115.6	-77.736
115.68	-77.736
115.76	-77.6422
115.84	-77.7672
115.92	-77.736
116	-77.6422
116.08	-77.6422
116.16	-77.6735
116.24	-77.611
116.32	-77.7672
116.4	-77.7985
116.48	-77.7985
116.56	-77.6735
116.64	-77.6422
116.72	-77.5798
116.8	-77.6735
116.88	-77.6422
116.96	-77.7672
117.04	-77.5798
117.12	-77.736
117.2	-77.6735
117.28	-77.736
117.36	-77.6735
117.44	-77.611
117.52	-77.6422
117.6	-77.6735
117.68	-77.611
117.76	-77.6422
117.84	-77.611
117.92	-77.736
118	-77.6735
118.08	-77.7672
118.16	-77.611
118.24	-77.6422
118.32	-77.6735
118.4	-77.611
118.48	-77.6735
118.56	-77.611
118.64	-77.6735
118.72	-77.611
118.8	-77.736
118.88	-77.6735
118.96	-77.736
119.04	-77.6735
119.12	-77.736
119.2	-77.6735
119.28	-77.736
119.36	-77.6422
119.44	-77.611
119.52	-77.6422
119.6	-77.611
119.68	-77.6735
119.76	-77.6735
119.84	-77.736
119.92	-77.7672
120	-77.611
120.08	-77.6422
120.16	-77.7672
120.24	-77.6422
120.32	-77.7672
120.4	-77.736
120.48	-77.6735
120.56	-77.6735
120.64	-77.6422
120.72	-77.6422
120.8	-77.6735
120.88	-77.6735
120.96	-77.6735
121.04	-77.5798
121.12	-77.611
121.2	-77.6422
121.28	-77.5798
121.36	-77.5798
121.44	-77.6422
121.52	-77.611
121.6	-77.611
121.68	-77.6735
121.76	-77.6735
121.84	-77.5798
121.92	-77.611
122	-77.611
122.08	-77.6422
122.16	-77.5798
122.24	-77.6735
122.32	-77.611
122.4	-77.6735
122.48	-77.611
122.56	-77.6422
122.64	-77.611
122.72	-77.6422
122.8	-77.5798
122.88	-77.8297
122.96	-77.6422
123.04	-77.5798
123.12	-77.6422
123.2	-77.736
123.28	-77.6735
123.36	-77.6422
123.44	-77.6422
123.52	-77.736
123.6	-77.736
123.68	-77.736
123.76	-77.736
123.84	-77.7672
123.92	-77.6422
124	-77.6735
124.08	-77.736
124.16	-77.6422
124.24	-77.6422
124.32	-77.6735
124.4	-77.736
124.48	-77.6422
124.56	-77.6735
124.64	-77.6422
124.72	-77.6422
124.8	-77.611
124.88	-77.611
124.96	-77.611
125.04	-77.6422
125.12	-77.5798
125.2	-77.6422
125.28	-77.736
125.36	-77.6422
125.44	-77.611
125.52	-77.6422
125.6	-77.5798
125.68	-77.6422
125.76	-77.6422
125.84	-77.736
125.92	-77.611
126	-77.611
126.08	-77.611
126.16	-77.5798
126.24	-77.611
126.32	-77.5173
126.4	-77.5798
126.48	-77.6422
126.56	-77.5173
126.64	-77.5173
126.72	-77.5798
126.8	-77.4547
126.88	-77.4235
126.96	-77.486
127.04	-77.4547
127.12	-77.5173
127.2	-77.4235
127.28	-77.486
127.36	-77.4547
127.44	-77.4547
127.52	-77.4235
127.6	-77.4235
127.68	-77.3923
127.76	-77.361
127.84	-77.4547
127.92	-77.3297
128	-77.3297
128.08	-77.3923
128.16	-77.3923
128.24	-77.3923
128.32	-77.361
128.4	-77.3923
128.48	-77.4547
128.56	-77.361
128.64	-77.2985
128.72	-77.3297
128.8	-77.4235
128.88	-77.486
128.96	-77.5173
129.04	-77.361
129.12	-77.361
129.2	-77.486
129.28	-77.3923
129.36	-77.3923
129.44	-77.3923
129.52	-77.3297
129.6	-77.361
129.68	-77.2985
129.76	-77.4235
129.84	-77.3923
129.92	-77.3923
130	-77.4235
130.08	-77.3297
130.16	-77.361
130.24	-77.3923
130.32	-77.361
130.4	-77.3297
130.48	-77.4235
130.56	-77.2985
130.64	-77.3297
130.72	-77.2985
130.8	-77.2985
130.88	-77.3297
130.96	-77.2985
131.04	-77.3297
131.12	-77.2048
131.2	-77.3297
131.28	-77.3297
131.36	-77.2672
131.44	-77.2672
131.52	-77.236
131.6	-77.3297
131.68	-77.361
131.76	-77.2985
131.84	-77.2985
131.92	-77.3297
132	-77.3297
132.08	-77.2672
132.16	-77.2985
132.24	-77.2672
132.32	-77.236
132.4	-77.3297
132.48	-77.2048
132.56	-77.2985
132.64	-77.2672
132.72	-77.2985
132.8	-77.2672
132.88	-77.2672
132.96	-77.3297
133.04	-77.2985
133.12	-77.2985
133.2	-77.2985
133.28	-77.2672
133.36	-77.2985
133.44	-77.3923
133.52	-77.236
133.6	-77.3297
133.68	-77.361
133.76	-77.3297
133.84	-77.361
133.92	-77.3923
134	-77.2985
134.08	-77.3923
134.16	-77.361
134.24	-77.3297
134.32	-77.3297
134.4	-77.361
134.48	-77.2985
134.56	-77.3923
134.64	-77.2672
134.72	-77.3297
134.8	-77.2985
134.88	-77.2985
134.96	-77.361
135.04	-77.4235
135.12	-77.3923
135.2	-77.361
135.28	-77.3923
135.36	-77.3297
135.44	-77.361
135.52	-77.361
135.6	-77.2985
135.68	-77.3297
135.76	-77.361
135.84	-77.2048
135.92	-77.2985
136	-77.2048
136.08	-77.2985
136.16	-77.2985
136.24	-77.2672
136.32	-77.1735
136.4	-77.2672
136.48	-77.2672
136.56	-77.236
136.64	-77.2048
136.72	-77.236
136.8	-77.1422
136.88	-77.1735
136.96	-77.2672
137.04	-77.236
137.12	-77.2985
137.2	-77.1422
137.28	-77.111
137.36	-77.2048
137.44	-77.1735
137.52	-77.2048
137.6	-77.236
137.68	-77.236
137.76	-77.2672
137.84	-77.1735
137.92	-77.111
138	-77.1735
138.08	-77.1422
138.16	-77.1735
138.24	-77.2048
138.32	-77.2672
138.4	-77.236
138.48	-77.236
138.56	-77.236
138.64	-77.236
138.72	-77.1735
138.8	-77.1422
138.88	-77.1735
138.96	-77.1735
139.04	-77.2048
139.12	-77.236
139.2	-77.2672
139.28	-77.1422
139.36	-77.2048
139.44	-77.2672
139.52	-77.2672
139.6	-77.236
139.68	-77.2672
139.76	-77.236
139.84	-77.3297
139.92	-77.361
140	-77.361
140.08	-77.2985
140.16	-77.3297
140.24	-77.2985
140.32	-77.361
140.4	-77.2672
140.48	-77.3297
140.56	-77.3297
140.64	-77.3297
140.72	-77.2985
140.8	-77.361
140.88	-77.1735
140.96	-77.3297
141.04	-77.2985
141.12	-77.2985
141.2	-77.3297
141.28	-77.361
141.36	-77.3297
141.44	-77.2985
141.52	-77.3297
141.6	-77.3297
141.68	-77.236
141.76	-77.2985
141.84	-77.361
141.92	-77.2672
142	-77.2985
142.08	-77.236
142.16	-77.2048
142.24	-77.2048
142.32	-77.2672
142.4	-77.3297
142.48	-77.2672
142.56	-77.2672
142.64	-77.2672
142.72	-77.2985
142.8	-77.2985
142.88	-77.2048
142.96	-77.236
143.04	-77.236
143.12	-77.2048
143.2	-77.3297
143.28	-77.2985
143.36	-77.3297
143.44	-77.2048
143.52	-77.361
143.6	-77.2985
143.68	-77.2985
143.76	-77.361
143.84	-77.236
143.92	-77.2048
144	-77.2985
144.08	-77.236
144.16	-77.3297
144.24	-77.3297
144.32	-77.2048
144.4	-77.236
144.48	-77.236
144.56	-77.2985
144.64	-77.2672
144.72	-77.2048
144.8	-77.2672
144.88	-77.2985
144.96	-77.2048
145.04	-77.236
145.12	-77.3297
145.2	-77.236
145.28	-77.3297
145.36	-77.2985
145.44	-77.2672
145.52	-77.2672
145.6	-77.236
145.68	-77.1735
145.76	-77.2048
145.84	-77.2672
145.92	-77.2048
146	-77.2985
146.08	-77.2985
146.16	-77.2985
146.24	-77.236
146.32	-77.2985
146.4	-77.2672
146.48	-77.2985
146.56	-77.3297
146.64	-77.3297
146.72	-77.3923
146.8	-77.2985
146.88	-77.361
146.96	-77.361
147.04	-77.3923
147.12	-77.3297
147.2	-77.2985
147.28	-77.3297
147.36	-77.2985
147.44	-77.361
147.52	-77.2985
147.6	-77.3923
147.68	-77.3297
147.76	-77.2985
147.84	-77.2672
147.92	-77.361
148	-77.2985
148.08	-77.2985
148.16	-77.2672
148.24	-77.2985
148.32	-77.2985
148.4	-77.2672
148.48	-77.361
148.56	-77.2985
148.64	-77.2048
148.72	-77.2672
148.8	-77.2672
148.88	-77.236
148.96	-77.2985
149.04	-77.2985
149.12	-77.2672
149.2	-77.2672
149.28	-77.2672
149.36	-77.361
149.44	-77.3297
149.52	-77.2985
149.6	-77.3297
149.68	-77.2672
149.76	-77.2672
149.84	-77.2672
149.92	-77.2672
150	-77.361
150.08	-77.3297
150.16	-77.2985
150.24	-77.236
150.32	-77.236
150.4	-77.2048
150.48	-77.2048
150.56	-77.2672
150.64	-77.2672
150.72	-77.236
150.8	-77.2672
150.88	-77.2048
150.96	-77.2672
151.04	-77.2985
151.12	-77.236
151.2	-77.1735
151.28	-77.236
151.36	-77.236
151.44	-77.3297
151.52	-77.2985
151.6	-77.3923
151.68	-77.2048
151.76	-77.236
151.84	-77.2672
151.92	-77.3297
152	-77.3297
152.08	-77.2985
152.16	-77.2672
152.24	-77.361
152.32	-77.2985
152.4	-77.2985
152.48	-77.2985
152.56	-77.3923
152.64	-77.4235
152.72	-77.3297
152.8	-77.2985
152.88	-77.2672
152.96	-77.4235
153.04	-77.2985
153.12	-77.3297
153.2	-77.3297
153.28	-77.3297
153.36	-77.2985
153.44	-77.3297
153.52	-77.236
153.6	-77.2672
153.68	-77.236
153.76	-77.2672
153.84	-77.236
153.92	-77.236
154	-77.3297
154.08	-77.2985
154.16	-77.361
154.24	-77.3297
154.32	-77.4235
154.4	-77.361
154.48	-77.3297
154.56	-77.2048
154.64	-77.2672
154.72	-77.2985
154.8	-77.2672
154.88	-77.2672
154.96	-77.2985
155.04	-77.2672
155.12	-77.361
155.2	-77.2672
155.28	-77.1735
155.36	-77.2985
155.44	-77.236
155.52	-77.236
155.6	-77.2985
155.68	-77.2985
155.76	-77.361
155.84	-77.2672
155.92	-77.2985
156	-77.2985
156.08	-77.2985
156.16	-77.236
156.24	-77.236
156.32	-77.3297
156.4	-77.361
156.48	-77.2985
156.56	-77.2985
156.64	-77.361
156.72	-77.361
156.8	-77.361
156.88	-77.361
156.96	-77.3297
157.04	-77.2672
157.12	-77.3297
157.2	-77.3923
157.28	-77.3923
157.36	-77.3923
157.44	-77.2985
157.52	-77.3297
157.6	-77.2985
157.68	-77.2985
157.76	-77.2985
157.84	-77.236
157.92	-77.2672
158	-77.236
158.08	-77.236
158.16	-77.3923
158.24	-77.2672
158.32	-77.3297
158.4	-77.2985
158.48	-77.361
158.56	-77.236
158.64	-77.2985
158.72	-77.361
158.8	-77.2672
158.88	-77.2985
158.96	-77.236
159.04	-77.2672
159.12	-77.3297
159.2	-77.3297
159.28	-77.2985
159.36	-77.2672
159.44	-77.2048
159.52	-77.2672
159.6	-77.2672
159.68	-77.361
159.76	-77.2672
159.84	-77.236
159.92	-77.2985
160	-77.3297
160.08	-77.3297
160.16	-77.236
160.24	-77.1735
160.32	-77.3297
160.4	-77.2672
160.48	-77.2048
160.56	-77.236
160.64	-77.2985
160.72	-77.2672
160.8	-77.2985
160.88	-77.2672
160.96	-77.2672
161.04	-77.3297
161.12	-77.236
161.2	-77.2048
161.28	-77.2672
161.36	-77.1735
161.44	-77.361
161.52	-77.236
161.6	-77.2672
161.68	-77.3297
161.76	-77.236
161.84	-77.236
161.92	-77.3297
162	-77.2985
162.08	-77.3297
162.16	-77.2672
162.24	-77.2672
162.32	-77.2672
162.4	-77.361
162.48	-77.3297
162.56	-77.2672
162.64	-77.236
162.72	-77.3297
162.8	-77.2985
162.88	-77.2048
162.96	-77.2672
163.04	-77.236
163.12	-77.2048
163.2	-77.3923
163.28	-77.3297
163.36	-77.236
163.44	-77.236
163.52	-77.2672
163.6	-77.361
163.68	-77.2985
163.76	-77.2672
163.84	-77.2985
163.92	-77.3923
164	-77.236
164.08	-77.2985
164.16	-77.1422
164.24	-77.236
164.32	-77.2048
164.4	-77.2048
164.48	-77.2672
164.56	-77.236
164.64	-77.2048
164.72	-77.2985
164.8	-77.111
164.88	-77.2048
164.96	-77.2048
165.04	-77.2672
165.12	-77.236
165.2	-77.3297
165.28	-77.2985
165.36	-77.2672
165.44	-77.2048
165.52	-77.2672
165.6	-77.1422
165.68	-77.2672
165.76	-77.111
165.84	-77.2672
165.92	-77.1422
166	-77.2048
166.08	-77.2048
166.16	-77.236
166.24	-77.2048
166.32	-77.1735
166.4	-77.2672
166.48	-77.1735
166.56	-77.2048
166.64	-77.2048
166.72	-77.2048
166.8	-77.1735
166.88	-77.236
166.96	-77.2048
167.04	-77.236
167.12	-77.2048
167.2	-77.1422
167.28	-77.2048
167.36	-77.2985
167.44	-77.2672
167.52	-77.3297
167.6	-77.2672
167.68	-77.2985
167.76	-77.1735
167.84	-77.1422
167.92	-77.1422
168	-77.236
168.08	-77.236
168.16	-77.2048
168.24	-77.3297
168.32	-77.236
168.4	-77.3297
168.48	-77.236
168.56	-77.2985
168.64	-77.2985
168.72	-77.2985
168.8	-77.2672
168.88	-77.2048
168.96	-77.2048
169.04	-77.2672
169.12	-77.236
169.2	-77.1735
169.28	-77.236
169.36	-77.2985
169.44	-77.236
169.52	-77.2048
169.6	-77.2048
169.68	-77.2048
169.76	-77.236
169.84	-77.2048
169.92	-77.2048
170	-77.236
170.08	-77.2985
170.16	-77.2672
170.24	-77.2048
170.32	-77.2985
170.4	-77.2672
170.48	-77.2985
170.56	-77.236
170.64	-77.2985
170.72	-77.2048
170.8	-77.3297
170.88	-77.2672
170.96	-77.1735
171.04	-77.236
171.12	-77.2048
171.2	-77.3297
171.28	-77.2048
171.36	-77.1735
171.44	-77.1735
171.52	-77.2048
171.6	-77.1422
171.68	-77.236
171.76	-77.236
171.84	-77.2048
171.92	-77.1735
172	-77.236
172.08	-77.2048
172.16	-77.2985
172.24	-77.2048
172.32	-77.2048
172.4	-77.1735
172.48	-77.1735
172.56	-77.1735
172.64	-77.2048
172.72	-77.2985
172.8	-77.2672
172.88	-77.236
172.96	-77.2048
173.04	-77.2048
173.12	-77.2048
173.2	-77.2985
173.28	-77.3297
173.36	-77.2672
173.44	-77.236
173.52	-77.2048
173.6	-77.1422
173.68	-77.1422
173.76	-77.1422
173.84	-77.236
173.92	-77.2672
174	-77.2672
174.08	-77.236
174.16	-77.236
174.24	-77.2985
174.32	-77.3297
174.4	-77.3923
174.48	-77.2672
174.56	-77.2672
174.64	-77.1735
174.72	-77.2672
174.8	-77.236
174.88	-77.236
174.96	-77.2048
175.04	-77.2048
175.12	-77.236
175.2	-77.2048
175.28	-77.236
175.36	-77.236
175.44	-77.2672
175.52	-77.236
175.6	-77.1735
175.68	-77.2048
175.76	-77.236
175.84	-77.1735
175.92	-77.2048
176	-77.2048
176.08	-77.2048
176.16	-77.111
176.24	-77.236
176.32	-77.1735
176.4	-77.1422
176.48	-77.1735
176.56	-77.236
176.64	-77.1735
176.72	-77.111
176.8	-77.2048
176.88	-77.111
176.96	-77.236
177.04	-77.236
177.12	-77.2048
177.2	-77.1422
177.28	-77.1735
177.36	-77.1422
177.44	-77.236
177.52	-77.236
177.6	-77.1422
177.68	-77.2048
177.76	-77.1422
177.84	-77.111
177.92	-77.1735
178	-77.1422
178.08	-77.2048
178.16	-77.236
178.24	-77.2048
178.32	-77.1422
178.4	-77.1735
178.48	-77.1422
178.56	-77.1422
178.64	-77.2672
178.72	-77.2672
178.8	-77.1735
178.88	-77.2048
178.96	-77.1735
179.04	-77.236
179.12	-77.236
179.2	-77.2672
179.28	-77.236
179.36	-77.236
179.44	-77.2048
179.52	-77.2985
179.6	-77.2672
179.68	-77.2672
179.76	-77.1735
179.84	-77.3297
179.92	-77.3297
180	-77.2672
180.08	-77.2672
180.16	-77.236
180.24	-77.2672
180.32	-77.236
180.4	-77.0798
180.48	-77.2048
180.56	-77.2672
180.64	-77.2048
180.72	-77.2048
180.8	-77.236
180.88	-77.1422
180.96	-77.2048
181.04	-77.236
181.12	-77.236
181.2	-77.2672
181.28	-77.236
181.36	-77.236
181.44	-77.1735
181.52	-77.1422
181.6	-77.1422
181.68	-77.2048
181.76	-77.1735
181.84	-77.2048
181.92	-77.1422
182	-77.111
182.08	-77.0798
182.16	-77.1422
182.24	-77.1735
182.32	-77.1735
182.4	-77.0798
182.48	-77.236
182.56	-77.2048
182.64	-77.111
182.72	-77.111
182.8	-77.1422
182.88	-77.1735
182.96	-77.1735
183.04	-77.2048
183.12	-77.1735
183.2	-77.1422
183.28	-77.1422
183.36	-77.1735
183.44	-77.2048
183.52	-77.2048
183.6	-77.2672
183.68	-77.1422
183.76	-77.2048
183.84	-77.236
183.92	-77.2048
184	-77.2672
184.08	-77.236
184.16	-77.236
184.24	-77.236
184.32	-77.2672
184.4	-77.236
184.48	-77.1422
184.56	-77.1735
184.64	-77.1422
184.72	-77.1735
184.8	-77.111
184.88	-77.1735
184.96	-77.1735
185.04	-77.2672
185.12	-77.2048
185.2	-77.2048
185.28	-77.2048
185.36	-77.1735
185.44	-77.2048
185.52	-77.236
185.6	-77.2985
185.68	-77.1735
185.76	-77.2048
185.84	-77.1735
185.92	-77.236
186	-77.2672
186.08	-77.2672
186.16	-77.2048
186.24	-77.236
186.32	-77.236
186.4	-77.236
186.48	-77.236
186.56	-77.236
186.64	-77.236
186.72	-77.1735
186.8	-77.2048
186.88	-77.2048
186.96	-77.2672
187.04	-77.1422
187.12	-77.2048
187.2	-77.2048
187.28	-77.2048
187.36	-77.1735
187.44	-77.1735
187.52	-77.1422
187.6	-77.1422
187.68	-77.1422
187.76	-77.1422
187.84	-77.0798
187.92	-76.9547
188	-77.111
188.08	-77.111
188.16	-77.111
188.24	-77.1422
188.32	-77.1735
188.4	-77.111
188.48	-77.1735
188.56	-77.236
188.64	-77.1422
188.72	-77.236
188.8	-77.1735
188.88	-77.0485
188.96	-77.1735
189.04	-77.111
189.12	-77.1735
189.2	-77.1735
189.28	-77.1422
189.36	-77.1735
189.44	-77.1422
189.52	-77.111
189.6	-77.1422
189.68	-77.1735
189.76	-77.2048
189.84	-77.1422
189.92	-77.236
190	-77.236
190.08	-77.236
190.16	-77.236
190.24	-77.2048
190.32	-77.2048
190.4	-77.1735
190.48	-77.2985
190.56	-77.236
190.64	-77.236
190.72	-77.236
190.8	-77.2048
190.88	-77.2048
190.96	-77.236
191.04	-77.2048
191.12	-77.1735
191.2	-77.2048
191.28	-77.2048
191.36	-77.1735
191.44	-77.1422
191.52	-77.2985
191.6	-77.111
191.68	-77.0798
191.76	-77.111
191.84	-77.2048
191.92	-77.2048
192	-77.1422
192.08	-77.236
192.16	-77.111
192.24	-77.1422
192.32	-77.1422
192.4	-77.1735
192.48	-77.236
192.56	-77.0798
192.64	-77.236
192.72	-77.2048
192.8	-77.2985
192.88	-77.236
192.96	-77.236
193.04	-77.236
193.12	-77.2048
193.2	-77.1422
193.28	-77.1735
193.36	-77.236
193.44	-77.111
193.52	-77.1735
193.6	-77.1422
193.68	-77.2048
193.76	-77.111
193.84	-77.0485
193.92	-77.1422
194	-77.1735
194.08	-77.1422
194.16	-77.0798
194.24	-77.1735
194.32	-77.0798
194.4	-77.0798
194.48	-77.0485
194.56	-77.1422
194.64	-77.111
194.72	-77.111
194.8	-77.0798
194.88	-77.0485
194.96	-77.1422
195.04	-77.2048
195.12	-77.1422
195.2	-77.1735
195.28	-77.2048
195.36	-77.111
195.44	-77.1735
195.52	-77.111
195.6	-77.1735
195.68	-77.1735
195.76	-77.1735
195.84	-77.1422
195.92	-77.236
196	-77.2672
196.08	-77.111
196.16	-77.2048
196.24	-77.2672
196.32	-77.1735
196.4	-77.236
196.48	-77.2048
196.56	-77.236
196.64	-77.1422
196.72	-77.111
196.8	-77.2048
196.88	-77.236
196.96	-77.2048
197.04	-77.2048
197.12	-77.1735
197.2	-77.1422
197.28	-77.1735
197.36	-77.1422
197.44	-77.1422
197.52	-77.111
197.6	-77.111
197.68	-77.111
197.76	-77.1422
197.84	-77.1422
197.92	-77.2048
198	-77.1422
198.08	-77.1422
198.16	-77.1422
198.24	-77.1422
198.32	-77.111
198.4	-77.1422
198.48	-77.1735
198.56	-77.1422
198.64	-77.111
198.72	-77.1422
198.8	-77.111
198.88	-77.0485
198.96	-77.1735
199.04	-77.1422
199.12	-77.1422
199.2	-77.0798
199.28	-77.1735
199.36	-76.986
199.44	-76.986
199.52	-77.0485
199.6	-77.0798
199.68	-77.1422
199.76	-77.0798
199.84	-77.1422
199.92	-77.0798
200	-77.0798
200.08	-76.986
200.16	-77.111
200.24	-77.2048
200.32	-77.111
200.4	-77.111
200.48	-76.9547
200.56	-77.1422
200.64	-77.2048
200.72	-77.2048
200.8	-77.0798
200.88	-77.1735
200.96	-77.111
201.04	-77.1422
201.12	-77.0798
201.2	-77.2048
201.28	-77.111
201.36	-77.111
201.44	-77.111
201.52	-77.1735
201.6	-76.986
201.68	-77.0798
201.76	-77.1422
201.84	-77.1422
201.92	-77.0798
202	-77.111
202.08	-77.0798
202.16	-77.0798
202.24	-77.0798
202.32	-77.111
202.4	-77.1735
202.48	-77.0798
202.56	-77.1422
202.64	-77.0798
202.72	-77.0798
202.8	-77.1735
202.88	-77.111
202.96	-77.1422
203.04	-77.0798
203.12	-77.0798
203.2	-77.2048
203.28	-77.111
203.36	-77.1735
203.44	-77.0485
203.52	-77.2048
203.6	-77.1735
203.68	-77.0798
203.76	-77.0798
203.84	-76.9547
203.92	-77.1735
204	-77.0485
204.08	-77.0798
204.16	-77.111
204.24	-77.1422
204.32	-77.111
204.4	-77.111
204.48	-77.111
204.56	-77.1422
204.64	-77.111
204.72	-77.0798
204.8	-76.986
204.88	-76.986
204.96	-76.9235
205.04	-76.9547
205.12	-76.986
205.2	-77.0485
205.28	-77.0485
205.36	-76.9235
205.44	-77.111
205.52	-77.1735
205.6	-76.986
205.68	-76.8923
205.76	-76.9235
205.84	-77.0485
205.92	-76.9547
206	-76.9547
206.08	-77.0798
206.16	-77.111
206.24	-77.0798
206.32	-77.111
206.4	-77.0798
206.48	-76.9547
206.56	-77.1422
206.64	-76.9547
206.72	-76.9547
206.8	-77.0485
206.88	-76.986
206.96	-76.9235
207.04	-76.9235
207.12	-76.9547
207.2	-77.0798
207.28	-76.986
207.36	-76.986
207.44	-77.111
207.52	-77.0798
207.6	-76.986
207.68	-77.0798
207.76	-77.0485
207.84	-77.111
207.92	-77.0485
208	-77.1422
208.08	-77.0798
208.16	-77.111
208.24	-77.1735
208.32	-77.0485
208.4	-77.111
208.48	-77.1422
208.56	-77.0485
208.64	-77.111
208.72	-77.0485
208.8	-77.111
208.88	-76.986
208.96	-77.0485
209.04	-77.111
209.12	-76.986
209.2	-76.986
209.28	-77.0485
209.36	-77.0798
209.44	-77.111
209.52	-76.986
209.6	-77.111
209.68	-77.0485
209.76	-77.111
209.84	-77.0485
209.92	-77.0798
210	-77.0798
210.08	-77.0798
210.16	-77.0485
210.24	-77.111
210.32	-77.0798
210.4	-77.0485
210.48	-77.0485
210.56	-76.986
210.64	-77.0798
210.72	-77.111
210.8	-77.0485
210.88	-77.0485
210.96	-77.0485
211.04	-77.1735
211.12	-77.111
211.2	-77.0798
211.28	-76.986
211.36	-76.986
211.44	-76.9235
211.52	-76.986
211.6	-77.0485
211.68	-76.9235
211.76	-76.9235
211.84	-77.0798
211.92	-77.0798
212	-76.986
212.08	-77.0485
212.16	-77.0485
212.24	-76.9547
212.32	-77.0798
212.4	-76.9235
212.48	-76.9547
212.56	-77.111
212.64	-76.9235
212.72	-76.9547
212.8	-77.0798
212.88	-76.986
212.96	-76.986
213.04	-77.0485
213.12	-76.986
213.2	-76.986
213.28	-77.0798
213.36	-77.111
213.44	-77.0798
213.52	-76.9547
213.6	-77.0798
213.68	-76.986
213.76	-76.9547
213.84	-76.9547
213.92	-76.9235
214	-76.8923
214.08	-76.986
214.16	-76.8923
214.24	-76.9547
214.32	-76.986
214.4	-76.9547
214.48	-76.9235
214.56	-77.0798
214.64	-77.0798
214.72	-77.0485
214.8	-76.8923
214.88	-76.8923
214.96	-77.0288
215.04	-77.0288
215.12	-77.0288
215.2	-77.0288
215.28	-77.0288
215.36	-76.7813
215.44	-76.6563
215.52	-76.4375
215.6	-76.3438
215.68	-76.3125
215.76	-76.25
215.84	-76.1563
215.92	-76.125
216	-76.125
216.08	-76.0937
216.16	-76.0937
216.24	-76
216.32	-75.8438
216.4	-75.8125
216.48	-75.7812
216.56	-75.7812
216.64	-75.7812
216.72	-75.7188
216.8	-75.6875
216.88	-75.5625
216.96	-75.625
217.04	-75.5
217.12	-75.4687
217.2	-75.4063
217.28	-75.4375
217.36	-75.375
217.44	-75.3125
217.52	-75.3125
217.6	-75.375
217.68	-75.2188
217.76	-75.3125
217.84	-75.2188
217.92	-75.2188
218	-75.1875
218.08	-75.1562
218.16	-75.0938
218.24	-74.9375
218.32	-75
218.4	-74.9063
218.48	-74.9375
218.56	-74.8437
218.64	-74.8437
218.72	-74.7812
218.8	-74.7188
218.88	-74.75
218.96	-74.6562
219.04	-74.6562
219.12	-74.625
219.2	-74.6562
219.28	-74.5312
219.36	-74.6875
219.44	-74.5625
219.52	-74.5312
219.6	-74.5
219.68	-74.5312
219.76	-74.5
219.84	-74.3437
219.92	-74.4375
220	-74.3125
220.08	-74.3437
220.16	-74.2813
220.24	-74.2188
220.32	-74.2188
220.4	-74.1562
220.48	-74.0625
220.56	-74.1875
220.64	-74.0312
220.72	-74.125
220.8	-74.0625
220.88	-74.0625
220.96	-73.9688
221.04	-74
221.12	-73.9375
221.2	-74
221.28	-73.9688
221.36	-73.9688
221.44	-73.8437
221.52	-73.875
221.6	-73.875
221.68	-73.8125
221.76	-73.75
221.84	-73.75
221.92	-73.7813
222	-73.7813
222.08	-73.7187
222.16	-73.625
222.24	-73.6563
222.32	-73.5625
222.4	-73.5625
222.48	-73.5625
222.56	-73.5938
222.64	-73.5312
222.72	-73.5312
222.8	-73.4688
222.88	-73.4375
222.96	-73.5
223.04	-73.4688
223.12	-73.4062
223.2	-73.4375
223.28	-73.5
223.36	-73.3437
223.44	-73.375
223.52	-73.3125
223.6	-73.2813
223.68	-73.4062
223.76	-73.3437
223.84	-73.25
223.92	-73.2813
224	-73.2187
224.08	-73.2187
224.16	-73.0937
224.24	-73.125
224.32	-73.125
224.4	-73.0625
224.48	-73.1563
224.56	-73.0937
224.64	-73.0312
224.72	-73.0625
224.8	-72.9375
224.88	-72.9375
224.96	-72.8438
225.04	-72.8438
225.12	-72.875
225.2	-72.8438
225.28	-72.75
225.36	-72.7812
225.44	-72.7187
225.52	-72.8125
225.6	-72.8125
225.68	-72.7812
225.76	-72.8125
225.84	-72.6875
225.92	-72.6563
226	-72.6563
226.08	-72.6563
226.16	-72.6563
226.24	-72.5937
226.32	-72.5313
226.4	-72.4688
226.48	-72.5
226.56	-72.625
226.64	-72.5625
226.72	-72.5313
226.8	-72.4688
226.88	-72.5313
226.96	-72.4375
227.04	-72.4062
227.12	-72.4688
227.2	-72.4375
227.28	-72.4062
227.36	-72.2812
227.44	-72.25
227.52	-72.375
227.6	-72.25
227.68	-72.2812
227.76	-72.1875
227.84	-72.2812
227.92	-72.1563
228	-72.2812
228.08	-72.25
228.16	-72.1875
228.24	-72.125
228.32	-72.0937
228.4	-72.1563
228.48	-72.0313
228.56	-72.0313
228.64	-72.0937
228.72	-72.125
228.8	-72
228.88	-72.0625
228.96	-72.0625
229.04	-72.0313
229.12	-72
229.2	-72.0625
229.28	-72.0313
229.36	-72
229.44	-71.9687
229.52	-71.9687
229.6	-71.9375
229.68	-71.9687
229.76	-71.875
229.84	-72
229.92	-71.9375
230	-71.875
230.08	-71.875
230.16	-71.8125
230.24	-71.8125
230.32	-71.8125
230.4	-71.8125
230.48	-71.7812
230.56	-71.7812
230.64	-71.6875
230.72	-71.8125
230.8	-71.6875
230.88	-71.7812
230.96	-71.5937
231.04	-71.6562
231.12	-71.7188
231.2	-71.5937
231.28	-71.5937
231.36	-71.5625
231.44	-71.5
231.52	-71.5313
231.6	-71.5
231.68	-71.375
231.76	-71.375
231.84	-71.375
231.92	-71.2812
232	-71.25
232.08	-71.2812
232.16	-71.25
232.24	-71.2812
232.32	-71.1875
232.4	-71.25
232.48	-71.125
232.56	-71.125
232.64	-71.125
232.72	-71.125
232.8	-71.0313
232.88	-71.0313
232.96	-71.0625
233.04	-71.0625
233.12	-71.0938
233.2	-71
233.28	-71.0625
233.36	-71.0313
233.44	-70.9687
233.52	-70.9687
233.6	-71
233.68	-71
233.76	-71.0313
233.84	-70.9063
233.92	-71.0625
234	-70.8437
234.08	-71
234.16	-70.8125
234.24	-70.875
234.32	-70.875
234.4	-70.8437
234.48	-70.75
234.56	-70.7813
234.64	-70.75
234.72	-70.8125
234.8	-70.8125
234.88	-70.7188
234.96	-70.7188
235.04	-70.6875
235.12	-70.75
235.2	-70.7813
235.28	-70.75
235.36	-70.7188
235.44	-70.7188
235.52	-70.8125
235.6	-70.75
235.68	-70.6562
235.76	-70.625
235.84	-70.6875
235.92	-70.5938
236	-70.625
236.08	-70.5938
236.16	-70.6562
236.24	-70.625
236.32	-70.6875
236.4	-70.5938
236.48	-70.5312
236.56	-70.5938
236.64	-70.5625
236.72	-70.5312
236.8	-70.5625
236.88	-70.4375
236.96	-70.5312
237.04	-70.5
237.12	-70.4063
237.2	-70.4375
237.28	-70.4063
237.36	-70.4688
237.44	-70.4688
237.52	-70.4688
237.6	-70.4688
237.68	-70.4688
237.76	-70.4375
237.84	-70.4375
237.92	-70.4375
238	-70.375
238.08	-70.3437
238.16	-70.375
238.24	-70.3125
238.32	-70.3437
238.4	-70.4063
238.48	-70.375
238.56	-70.4688
238.64	-70.3437
238.72	-70.2813
238.8	-70.2187
238.88	-70.1562
238.96	-70.3437
239.04	-70.3125
239.12	-70.375
239.2	-70.3125
239.28	-70.1875
239.36	-70.2187
239.44	-70.2187
239.52	-70.2187
239.6	-70.3125
239.68	-70.1875
239.76	-70.2187
239.84	-70.2187
239.92	-70.2813
240	-70.1875
240.08	-70.2187
240.16	-70.1875
240.24	-70.2813
240.32	-70.2813
240.4	-70.1562
240.48	-70.1562
240.56	-70.1562
240.64	-70.0312
240.72	-70.1875
240.8	-70.125
240.88	-70.125
240.96	-70.125
241.04	-70.0625
241.12	-70.0312
241.2	-70.0938
241.28	-70.0625
241.36	-70.0625
241.44	-70.0312
241.52	-70.0312
241.6	-70
241.68	-70
241.76	-70
241.84	-69.9062
241.92	-69.9375
242	-70
242.08	-69.9688
242.16	-69.875
242.24	-69.9688
242.32	-69.9375
242.4	-70
242.48	-69.9375
242.56	-69.9062
242.64	-69.9375
242.72	-69.9062
242.8	-69.8437
242.88	-69.8437
242.96	-69.9375
243.04	-69.7813
243.12	-69.9688
243.2	-69.875
243.28	-69.875
243.36	-69.8437
243.44	-69.9062
243.52	-69.7813
243.6	-69.8125
243.68	-69.7813
243.76	-69.875
243.84	-69.7813
243.92	-69.8125
244	-69.8437
244.08	-69.8437
244.16	-69.8125
244.24	-69.75
244.32	-69.75
244.4	-69.75
244.48	-69.7187
244.56	-69.6563
244.64	-69.7813
244.72	-69.75
244.8	-69.6563
244.88	-69.6563
244.96	-69.6875
245.04	-69.5937
245.12	-69.7187
245.2	-69.75
245.28	-69.7187
245.36	-69.75
245.44	-69.625
245.52	-69.6563
245.6	-69.6563
245.68	-69.5937
245.76	-69.6563
245.84	-69.625
245.92	-69.5937
246	-69.5937
246.08	-69.5312
246.16	-69.5937
246.24	-69.4688
246.32	-69.5
246.4	-69.5312
246.48	-69.5
246.56	-69.4375
246.64	-69.4062
246.72	-69.4688
246.8	-69.4688
246.88	-69.375
246.96	-69.4062
247.04	-69.4062
247.12	-69.4375
247.2	-69.375
247.28	-69.2813
247.36	-69.3125
247.44	-69.3125
247.52	-69.2187
247.6	-69.3438
247.68	-69.3438
247.76	-69.3438
247.84	-69.3125
247.92	-69.2187
248	-69.1563
248.08	-69.2187
248.16	-69.1563
248.24	-69.1875
248.32	-69.1875
248.4	-69.1563
248.48	-69.1875
248.56	-69.0625
248.64	-69.1875
248.72	-69.1875
248.8	-69.1563
248.88	-69.1875
248.96	-69.1563
249.04	-69.125
249.12	-69.1563
249.2	-69.0937
249.28	-69
249.36	-69.0625
249.44	-69
249.52	-68.9062
249.6	-69.0625
249.68	-69.0937
249.76	-69
249.84	-69
249.92	-69.0313
250	-69.0625
250.08	-69.0313
250.16	-68.9688
250.24	-68.9375
250.32	-68.9062
250.4	-68.9688
250.48	-68.9688
250.56	-68.9062
250.64	-69
250.72	-68.9375
250.8	-69
250.88	-68.9062
250.96	-68.9688
251.04	-68.9375
251.12	-68.9688
251.2	-68.8438
251.28	-68.9062
251.36	-68.8125
251.44	-68.9062
251.52	-68.9062
251.6	-68.9688
251.68	-68.8125
251.76	-68.9062
251.84	-68.8438
251.92	-68.8438
252	-68.8438
252.08	-68.9062
252.16	-68.9062
252.24	-68.8438
252.32	-68.8438
252.4	-68.8125
252.48	-68.8125
252.56	-68.7812
252.64	-68.8125
252.72	-68.75
252.8	-68.75
252.88	-68.8125
252.96	-68.8125
253.04	-68.7812
253.12	-68.7812
253.2	-68.7187
253.28	-68.8438
253.36	-68.7187
253.44	-68.7187
253.52	-68.75
253.6	-68.75
253.68	-68.6875
253.76	-68.6875
253.84	-68.75
253.92	-68.7812
254	-68.6875
254.08	-68.6563
254.16	-68.5937
254.24	-68.7187
254.32	-68.6563
254.4	-68.6563
254.48	-68.6563
254.56	-68.5937
254.64	-68.625
254.72	-68.625
254.8	-68.5625
254.88	-68.625
254.96	-68.7187
255.04	-68.6563
255.12	-68.625
255.2	-68.5937
255.28	-68.5625
255.36	-68.5625
255.44	-68.6563
255.52	-68.5625
255.6	-68.5937
255.68	-68.5937
255.76	-68.5625
255.84	-68.6563
255.92	-68.6563
256	-68.625
256.08	-68.5937
256.16	-68.5313
256.24	-68.5313
256.32	-68.4687
256.4	-68.6563
256.48	-68.5937
256.56	-68.5625
256.64	-68.5937
256.72	-68.5625
256.8	-68.5
256.88	-68.625
256.96	-68.5937
257.04	-68.5625
257.12	-68.5313
257.2	-68.5
257.28	-68.4687
257.36	-68.5937
257.44	-68.5625
257.52	-68.5313
257.6	-68.5937
257.68	-68.5625
257.76	-68.5313
257.84	-68.5937
257.92	-68.5313
258	-68.5313
258.08	-68.5
258.16	-68.5
258.24	-68.5
258.32	-68.5625
258.4	-68.5
258.48	-68.5
258.56	-68.4062
258.64	-68.375
258.72	-68.3125
258.8	-68.4687
258.88	-68.5
258.96	-68.4062
259.04	-68.5
259.12	-68.4687
259.2	-68.5
259.28	-68.4687
259.36	-68.4062
259.44	-68.3438
259.52	-68.4375
259.6	-68.3438
259.68	-68.375
259.76	-68.375
259.84	-68.4375
259.92	-68.4375
260	-68.375
260.08	-68.4062
260.16	-68.375
260.24	-68.375
260.32	-68.375
260.4	-68.5
260.48	-68.4687
260.56	-68.375
260.64	-68.375
260.72	-68.4062
260.8	-68.4062
260.88	-68.4375
260.96	-68.375
261.04	-68.4375
261.12	-68.3125
261.2	-68.3438
261.28	-68.2812
261.36	-68.2812
261.44	-68.2812
261.52	-68.3438
261.6	-68.2812
261.68	-68.4062
261.76	-68.2812
261.84	-68.2812
261.92	-68.25
262	-68.1875
262.08	-68.2812
262.16	-68.3438
262.24	-68.3125
262.32	-68.3125
262.4	-68.375
262.48	-68.25
262.56	-68.1875
262.64	-68.3125
262.72	-68.3125
262.8	-68.3125
262.88	-68.25
262.96	-68.2812
263.04	-68.375
263.12	-68.25
263.2	-68.3125
263.28	-68.2812
263.36	-68.3438
263.44	-68.25
263.52	-68.25
263.6	-68.2812
263.68	-68.1562
263.76	-68.25
263.84	-68.2812
263.92	-68.2812
264	-68.3125
264.08	-68.25
264.16	-68.25
264.24	-68.3125
264.32	-68.1562
264.4	-68.125
264.48	-68.1875
264.56	-68.125
264.64	-68.0625
264.72	-68.125
264.8	-68.125
264.88	-68.0937
264.96	-68.0937
265.04	-68.0313
265.12	-68.0625
265.2	-68.1562
265.28	-68.0625
265.36	-68
265.44	-67.9687
265.52	-68.0937
265.6	-68.0937
265.68	-68.1562
265.76	-68.125
265.84	-68.0313
265.92	-68.0625
266	-68.0937
266.08	-68.0937
266.16	-68.125
266.24	-68
266.32	-68.1562
266.4	-68.0625
266.48	-68.1562
266.56	-68
266.64	-68
266.72	-68
266.8	-68.0313
266.88	-68.0937
266.96	-67.9375
267.04	-68.125
267.12	-68.0313
267.2	-68.0625
267.28	-68.0313
267.36	-68.0625
267.44	-68.0313
267.52	-68.0937
267.6	-68.0937
267.68	-68
267.76	-68
267.84	-68
267.92	-68.0313
268	-67.9687
268.08	-68
268.16	-68
268.24	-68
268.32	-68
268.4	-68.0313
268.48	-68
268.56	-68
268.64	-67.9687
268.72	-67.9687
268.8	-68
268.88	-67.9375
268.96	-68
269.04	-68.0313
269.12	-68.0313
269.2	-67.9687
269.28	-67.9375
269.36	-67.9375
269.44	-68
269.52	-67.9063
269.6	-67.9375
269.68	-68.0313
269.76	-67.9687
269.84	-67.9375
269.92	-68
270	-67.9375
270.08	-67.9687
270.16	-68
270.24	-67.9063
270.32	-67.9375
270.4	-67.9687
270.48	-67.9375
270.56	-67.9375
270.64	-68
270.72	-67.9063
270.8	-67.9063
270.88	-67.9063
270.96	-68
271.04	-68.0313
271.12	-67.9375
271.2	-67.9063
271.28	-67.9063
271.36	-68
271.44	-67.8438
271.52	-67.875
271.6	-67.8125
271.68	-67.9063
271.76	-67.875
271.84	-67.8125
271.92	-67.9063
272	-67.7812
272.08	-67.875
272.16	-67.9063
272.24	-67.875
272.32	-67.8125
272.4	-67.8438
272.48	-67.8125
272.56	-67.7812
272.64	-67.8125
272.72	-67.8125
272.8	-67.8125
272.88	-67.7812
272.96	-67.8125
273.04	-67.7812
273.12	-67.75
273.2	-67.8125
273.28	-67.8438
273.36	-67.875
273.44	-67.8125
273.52	-67.8125
273.6	-67.8438
273.68	-67.8438
273.76	-67.8438
273.84	-67.875
273.92	-67.875
274	-67.875
274.08	-67.9063
274.16	-67.7812
274.24	-67.8125
274.32	-67.8438
274.4	-67.8125
274.48	-67.8125
274.56	-67.7188
274.64	-67.8438
274.72	-67.7812
274.8	-67.75
274.88	-67.75
274.96	-67.75
275.04	-67.8438
275.12	-67.7188
275.2	-67.7188
275.28	-67.6562
275.36	-67.7188
275.44	-67.75
275.52	-67.75
275.6	-67.6875
275.68	-67.6562
275.76	-67.75
275.84	-67.7188
275.92	-67.75
276	-67.75
276.08	-67.75
276.16	-67.625
276.24	-67.625
276.32	-67.6875
276.4	-67.6562
276.48	-67.7188
276.56	-67.625
276.64	-67.75
276.72	-67.7188
276.8	-67.6562
276.88	-67.6562
276.96	-67.625
277.04	-67.6875
277.12	-67.7812
277.2	-67.6875
277.28	-67.6562
277.36	-67.7188
277.44	-67.7188
277.52	-67.5625
277.6	-67.625
277.68	-67.6875
277.76	-67.7812
277.84	-67.6875
277.92	-67.7188
278	-67.625
278.08	-67.625
278.16	-67.5
278.24	-67.7188
278.32	-67.6875
278.4	-67.625
278.48	-67.6562
278.56	-67.5625
278.64	-67.7188
278.72	-67.6562
278.8	-67.5625
278.88	-67.7188
278.96	-67.5938
279.04	-67.5
279.12	-67.5938
279.2	-67.5938
279.28	-67.5938
279.36	-67.6562
279.44	-67.5625
279.52	-67.625
279.6	-67.7188
279.68	-67.6562
279.76	-67.6562
279.84	-67.6562
279.92	-67.6875
280	-67.625
280.08	-67.6875
280.16	-67.5625
280.24	-67.6562
280.32	-67.625
280.4	-67.5625
280.48	-67.5938
280.56	-67.6562
280.64	-67.625
280.72	-67.6562
280.8	-67.5938
280.88	-67.625
280.96	-67.625
281.04	-67.6562
281.12	-67.5625
281.2	-67.6562
281.28	-67.625
281.36	-67.5
281.44	-67.5938
281.52	-67.5
281.6	-67.5625
281.68	-67.5
281.76	-67.5625
281.84	-67.4375
281.92	-67.5
282	-67.625
282.08	-67.5625
282.16	-67.5625
282.24	-67.5625
282.32	-67.5625
282.4	-67.5938
282.48	-67.5
282.56	-67.625
282.64	-67.5625
282.72	-67.5625
282.8	-67.5938
282.88	-67.4687
282.96	-67.5
283.04	-67.5
283.12	-67.5625
283.2	-67.5625
283.28	-67.5625
283.36	-67.5938
283.44	-67.5
283.52	-67.5625
283.6	-67.5625
283.68	-67.625
283.76	-67.5625
283.84	-67.5625
283.92	-67.5625
284	-67.5625
284.08	-67.625
284.16	-67.5
284.24	-67.5625
284.32	-67.5938
284.4	-67.5938
284.48	-67.4687
284.56	-67.5625
284.64	-67.4687
284.72	-67.5
284.8	-67.4687
284.88	-67.5938
284.96	-67.4687
285.04	-67.4687
285.12	-67.4375
285.2	-67.4375
285.28	-67.4687
285.36	-67.5
285.44	-67.5625
285.52	-67.5625
285.6	-67.5625
285.68	-67.4375
285.76	-67.4687
285.84	-67.5625
285.92	-67.5
286	-67.4687
286.08	-67.5625
286.16	-67.4687
286.24	-67.5
286.32	-67.4687
286.4	-67.5625
286.48	-67.4375
286.56	-67.4375
286.64	-67.5
286.72	-67.4375
286.8	-67.4687
286.88	-67.4687
286.96	-67.4687
287.04	-67.5
287.12	-67.4687
287.2	-67.4687
287.28	-67.4063
287.36	-67.4375
287.44	-67.4375
287.52	-67.4063
287.6	-67.5
287.68	-67.375
287.76	-67.4687
287.84	-67.4375
287.92	-67.5625
288	-67.4687
288.08	-67.4063
288.16	-67.4687
288.24	-67.4375
288.32	-67.4063
288.4	-67.375
288.48	-67.3125
288.56	-67.3437
288.64	-67.4687
288.72	-67.4687
288.8	-67.4063
288.88	-67.375
288.96	-67.3437
289.04	-67.375
289.12	-67.375
289.2	-67.3125
289.28	-67.3437
289.36	-67.3437
289.44	-67.4063
289.52	-67.375
289.6	-67.4063
289.68	-67.375
289.76	-67.5
289.84	-67.375
289.92	-67.4375
290	-67.3437
290.08	-67.5
290.16	-67.4687
290.24	-67.4063
290.32	-67.3437
290.4	-67.4375
290.48	-67.375
290.56	-67.4687
290.64	-67.4375
290.72	-67.4375
290.8	-67.4687
290.88	-67.4375
290.96	-67.4375
291.04	-67.375
291.12	-67.4063
291.2	-67.3437
291.28	-67.375
291.36	-67.3437
291.44	-67.4063
291.52	-67.4375
291.6	-67.4375
291.68	-67.4687
291.76	-67.4063
291.84	-67.375
291.92	-67.4063
292	-67.4063
292.08	-67.3125
292.16	-67.4063
292.24	-67.4375
292.32	-67.375
292.4	-67.4063
292.48	-67.375
292.56	-67.375
292.64	-67.4063
292.72	-67.2813
292.8	-67.3437
292.88	-67.375
292.96	-67.3437
293.04	-67.4375
293.12	-67.3437
293.2	-67.4063
293.28	-67.3437
293.36	-67.375
293.44	-67.375
293.52	-67.25
293.6	-67.3125
293.68	-67.4063
293.76	-67.375
293.84	-67.3125
293.92	-67.375
294	-67.4063
294.08	-67.4063
294.16	-67.3437
294.24	-67.2813
294.32	-67.3125
294.4	-67.2813
294.48	-67.2813
294.56	-67.3437
294.64	-67.375
294.72	-67.4063
294.8	-67.3437
294.88	-67.375
294.96	-67.3125
295.04	-67.3437
295.12	-67.375
295.2	-67.3125
295.28	-67.25
295.36	-67.3437
295.44	-67.25
295.52	-67.2813
295.6	-67.375
295.68	-67.3125
295.76	-67.3437
295.84	-67.4375
295.92	-67.3437
296	-67.3125
296.08	-67.3125
296.16	-67.375
296.24	-67.4063
296.32	-67.375
296.4	-67.4063
296.48	-67.4375
296.56	-67.5
296.64	-67.3437
296.72	-67.3437
296.8	-67.375
296.88	-67.3437
296.96	-67.3125
297.04	-67.375
297.12	-67.3437
297.2	-67.375
297.28	-67.4063
297.36	-67.4063
297.44	-67.3125
297.52	-67.2813
297.6	-67.2813
297.68	-67.3125
297.76	-67.3437
297.84	-67.375
297.92	-67.3125
298	-67.3437
298.08	-67.1875
298.16	-67.375
298.24	-67.25
298.32	-67.2813
298.4	-67.25
298.48	-67.2813
298.56	-67.25
298.64	-67.2188
298.72	-67.2813
298.8	-67.2188
298.88	-67.2188
298.96	-67.25
299.04	-67.2813
299.12	-67.25
299.2	-67.3125
299.28	-67.2813
299.36	-67.2188
299.44	-67.25
299.52	-67.1875
299.6	-67.2188
299.68	-67.3437
299.76	-67.25
299.84	-67.3125
299.92	-67.3125
300	-67.3437
300.08	-67.2188
300.16	-67.2813
300.24	-67.1875
300.32	-67.2813
300.4	-67.2188
300.48	-67.25
300.56	-67.25
300.64	-67.3125
300.72	-67.2813
300.8	-67.3125
300.88	-67.1875
300.96	-67.25
301.04	-67.3125
301.12	-67.25
301.2	-67.1875
301.28	-67.25
301.36	-67.1875
301.44	-67.2188
301.52	-67.1875
301.6	-67.2813
301.68	-67.1875
301.76	-67.2188
301.84	-67.2188
301.92	-67.25
302	-67.2188
302.08	-67.1875
302.16	-67.25
302.24	-67.2188
302.32	-67.2188
302.4	-67.2188
302.48	-67.25
302.56	-67.3125
302.64	-67.25
302.72	-67.2813
302.8	-67.25
302.88	-67.2188
302.96	-67.125
303.04	-67.25
303.12	-67.2813
303.2	-67.2188
303.28	-67.1875
303.36	-67.1562
303.44	-67.1562
303.52	-67.2188
303.6	-67.2188
303.68	-67.2188
303.76	-67.2188
303.84	-67.1562
303.92	-67.1562
304	-67.1875
304.08	-67.1562
304.16	-67.2188
304.24	-67.125
304.32	-67.1562
304.4	-67.1875
304.48	-67.1875
304.56	-67.1562
304.64	-67.2188
304.72	-67.1562
304.8	-67.2188
304.88	-67.0938
304.96	-67.125
305.04	-67.2188
305.12	-67.1875
305.2	-67.0938
305.28	-67.0938
305.36	-67.1875
305.44	-67.0938
305.52	-67.125
305.6	-67.2188
305.68	-67.2188
305.76	-67.1562
305.84	-67.1875
305.92	-67.2188
306	-67.1562
306.08	-67.1875
306.16	-67.1875
306.24	-67.2188
306.32	-67.1562
306.4	-67.125
306.48	-67.1562
306.56	-67.1875
306.64	-67.2188
306.72	-67.2188
306.8	-67.1875
306.88	-67.1562
306.96	-67.1875
307.04	-67.2188
307.12	-67.2188
307.2	-67.2188
307.28	-67.25
307.36	-67.2188
307.44	-67.1875
307.52	-67.25
307.6	-67.1875
307.68	-67.2813
307.76	-67.2813
307.84	-67.25
307.92	-67.25
308	-67.2188
308.08	-67.1875
308.16	-67.1875
308.24	-67.1875
308.32	-67.2188
308.4	-67.1875
308.48	-67.1562
308.56	-67.1562
308.64	-67.0938
308.72	-67.1562
308.8	-67.25
308.88	-67.2188
308.96	-67.2188
309.04	-67.1875
309.12	-67.2188
309.2	-67.25
309.28	-67.2188
309.36	-67.1875
309.44	-67.1562
309.52	-67.1875
309.6	-67.1562
309.68	-67.125
309.76	-67.0938
309.84	-67.1562
309.92	-67.2188
310	-67.125
310.08	-67.1875
310.16	-67.2188
310.24	-67.1562
310.32	-67.1562
310.4	-67.1562
310.48	-67.1875
310.56	-67.125
310.64	-67.1875
310.72	-67.0938
310.8	-67.0938
310.88	-67.0938
310.96	-67.1562
311.04	-67.1875
311.12	-67.0312
311.2	-67.125
311.28	-67.1562
311.36	-67.0938
311.44	-67.1875
311.52	-67.1875
311.6	-67.125
311.68	-67.1562
311.76	-67.0938
311.84	-67.0938
311.92	-67.1875
312	-67.0625
312.08	-67.2188
312.16	-67.2188
312.24	-67.0938
312.32	-67.1562
312.4	-67.1562
312.48	-67.1562
312.56	-67.125
312.64	-67.0938
312.72	-67.125
312.8	-67.125
312.88	-67.1562
312.96	-67.0938
313.04	-67.0938
313.12	-67.1562
313.2	-67.125
313.28	-67.125
313.36	-67.0938
313.44	-67.125
313.52	-67.2188
313.6	-67.2188
313.68	-67.1875
313.76	-67.1875
313.84	-67.125
313.92	-67.1562
314	-67.125
314.08	-67.0938
314.16	-67.0938
314.24	-67.125
314.32	-67.1562
314.4	-67.0312
314.48	-67.0625
314.56	-67.0625
314.64	-67.1875
314.72	-67.125
314.8	-67.0938
314.88	-67.0312
