3937 2
0	-69
0.08	-68.9688
0.16	-69
0.24	-68.9062
0.32	-68.9062
0.4	-68.8438
0.48	-68.9375
0.56	-68.8438
0.64	-68.9062
0.72	-68.9062
0.8	-68.9062
0.88	-68.9062
0.96	-68.9688
1.04	-68.9688
1.12	-68.9062
1.2	-68.9688
1.28	-68.9375
1.36	-68.8438
1.44	-68.9375
1.52	-68.9688
1.6	-68.9688
1.68	-68.8438
1.76	-68.9688
1.84	-68.8125
1.92	-68.9062
2	-68.9375
2.08	-68.9375
2.16	-69
2.24	-68.9375
2.32	-68.8438
2.4	-68.9375
2.48	-68.9062
2.56	-68.9062
2.64	-68.8125
2.72	-68.9062
2.8	-68.8438
2.88	-68.9062
2.96	-68.9062
3.04	-68.9062
3.12	-68.8438
3.2	-68.7812
3.28	-68.9062
3.36	-68.9375
3.44	-68.9375
3.52	-68.9062
3.6	-68.9688
3.68	-68.8438
3.76	-68.9062
3.84	-68.9688
3.92	-68.9375
4	-68.9062
4.08	-68.9062
4.16	-68.9375
4.24	-68.9062
4.32	-68.9062
4.4	-68.8438
4.48	-68.9688
4.56	-68.9375
4.64	-68.9688
4.72	-68.9062
4.8	-69.0625
4.88	-68.9688
4.96	-68.8438
5.04	-68.8438
5.12	-68.9375
5.2	-68.9062
5.28	-68.8438
5.36	-68.9688
5.44	-68.9375
5.52	-68.9062
5.6	-68.9062
5.68	-68.9688
5.76	-68.9688
5.84	-68.8125
5.92	-68.7812
6	-68.9375
6.08	-69
6.16	-68.9062
6.24	-68.9688
6.32	-68.9062
6.4	-68.9375
6.48	-68.8125
6.56	-68.9375
6.64	-68.8438
6.72	-68.9688
6.8	-68.9688
6.88	-68.9375
6.96	-68.9062
7.04	-68.9062
7.12	-68.7812
7.2	-68.8438
7.28	-68.9062
7.36	-68.9062
7.44	-68.9062
7.52	-68.9062
7.6	-68.9062
7.68	-68.7812
7.76	-68.9375
7.84	-68.9375
7.92	-68.8438
8	-68.8438
8.08	-68.9375
8.16	-68.9375
8.24	-68.9062
8.32	-68.8438
8.4	-68.9062
8.48	-68.9062
8.56	-68.9375
8.64	-68.9062
8.72	-68.9375
8.8	-68.9062
8.88	-68.9062
8.96	-68.8438
9.04	-68.8438
9.12	-68.9375
9.2	-68.9375
9.28	-68.9375
9.36	-68.8125
9.44	-68.9375
9.52	-68.9375
9.6	-68.8438
9.68	-68.9375
9.76	-68.9062
9.84	-68.9688
9.92	-68.9062
10	-68.9375
10.08	-68.9375
10.16	-68.9375
10.24	-68.9062
10.32	-69
10.4	-69.0313
10.48	-69
10.56	-68.9375
10.64	-68.9062
10.72	-68.9688
10.8	-68.9375
10.88	-69
10.96	-68.9062
11.04	-68.9062
11.12	-68.8438
11.2	-68.9688
11.28	-68.8438
11.36	-68.9062
11.44	-68.9688
11.52	-68.9062
11.6	-68.9375
11.68	-69.0313
11.76	-68.9688
11.84	-68.9375
11.92	-68.9375
12	-68.9688
12.08	-68.8438
12.16	-68.9375
12.24	-68.9375
12.32	-69
12.4	-68.9062
12.48	-68.9375
12.56	-68.9062
12.64	-68.8438
12.72	-68.8438
12.8	-68.9062
12.88	-68.8125
12.96	-68.8125
13.04	-68.8125
13.12	-68.8125
13.2	-68.7812
13.28	-68.75
13.36	-68.9062
13.44	-68.8438
13.52	-68.9062
13.6	-68.8125
13.68	-68.7187
13.76	-68.8438
13.84	-68.9062
13.92	-68.9375
14	-69
14.08	-69
14.16	-68.9375
14.24	-68.9375
14.32	-68.9062
14.4	-68.9062
14.48	-68.9375
14.56	-68.7812
14.64	-68.9688
14.72	-68.7812
14.8	-68.9062
14.88	-68.9375
14.96	-68.9048
15.04	-68.9048
15.12	-68.9048
15.2	-68.9048
15.28	-68.9048
15.36	-68.8735
15.44	-68.7485
15.52	-68.5923
15.6	-68.561
15.68	-68.561
15.76	-68.5297
15.84	-68.4673
15.92	-68.4985
16	-68.436
16.08	-68.4985
16.16	-68.436
16.24	-68.3423
16.32	-68.4673
16.4	-68.3423
16.48	-68.4673
16.56	-68.4047
16.64	-68.311
16.72	-68.3735
16.8	-68.2172
16.88	-68.3423
16.96	-68.2172
17.04	-68.2172
17.12	-68.2172
17.2	-68.186
17.28	-68.1235
17.36	-68.186
17.44	-68.061
17.52	-68.1235
17.6	-68.186
17.68	-68.061
17.76	-68.061
17.84	-67.9673
17.92	-68.0298
18	-67.8735
18.08	-67.9047
18.16	-67.9047
18.24	-67.9047
18.32	-67.8423
18.4	-67.8423
18.48	-67.811
18.56	-67.7797
18.64	-67.811
18.72	-67.7797
18.8	-67.7485
18.88	-67.7485
18.96	-67.7485
19.04	-67.7173
19.12	-67.5922
19.2	-67.686
19.28	-67.6548
19.36	-67.686
19.44	-67.6548
19.52	-67.5922
19.6	-67.686
19.68	-67.6235
19.76	-67.6548
19.84	-67.561
19.92	-67.561
20	-67.6235
20.08	-67.6235
20.16	-67.5298
20.24	-67.561
20.32	-67.4673
20.4	-67.436
20.48	-67.4047
20.56	-67.4047
20.64	-67.4673
20.72	-67.4985
20.8	-67.4985
20.88	-67.4673
20.96	-67.3735
21.04	-67.4047
21.12	-67.2797
21.2	-67.436
21.28	-67.3423
21.36	-67.3423
21.44	-67.3735
21.52	-67.2485
21.6	-67.2797
21.68	-67.3423
21.76	-67.2173
21.84	-67.2173
21.92	-67.186
22	-67.186
22.08	-67.186
22.16	-67.186
22.24	-67.186
22.32	-67.186
22.4	-67.2173
22.48	-67.186
22.56	-67.1548
22.64	-67.1548
22.72	-67.186
22.8	-67.1235
22.88	-67.061
22.96	-67.0298
23.04	-66.9985
23.12	-67.0298
23.2	-66.9985
23.28	-67.061
23.36	-67.0298
23.44	-66.9985
23.52	-67.061
23.6	-66.9985
23.68	-66.9985
23.76	-66.936
23.84	-66.8735
23.92	-66.8735
24	-66.8735
24.08	-66.936
24.16	-66.9048
24.24	-66.811
24.32	-66.9048
24.4	-66.7485
24.48	-66.8735
24.56	-66.7797
24.64	-66.686
24.72	-66.7797
24.8	-66.7173
24.88	-66.8423
24.96	-66.7485
25.04	-66.7173
25.12	-66.561
25.2	-66.6547
25.28	-66.5923
25.36	-66.6547
25.44	-66.5923
25.52	-66.5923
25.6	-66.561
25.68	-66.4672
25.76	-66.5923
25.84	-66.4985
25.92	-66.4985
26	-66.5923
26.08	-66.4985
26.16	-66.4985
26.24	-66.4672
26.32	-66.5298
26.4	-66.4672
26.48	-66.3422
26.56	-66.3735
26.64	-66.3422
26.72	-66.3422
26.8	-66.3422
26.88	-66.311
26.96	-66.4048
27.04	-66.3735
27.12	-66.3422
27.2	-66.3735
27.28	-66.3422
27.36	-66.3422
27.44	-66.4048
27.52	-66.2798
27.6	-66.311
27.68	-66.2798
27.76	-66.2173
27.84	-66.186
27.92	-66.186
28	-66.2173
28.08	-66.2485
28.16	-66.2485
28.24	-66.1547
28.32	-66.2173
28.4	-66.1235
28.48	-66.0923
28.56	-66.0923
28.64	-66.2485
28.72	-66.0923
28.8	-66.0923
28.88	-66.061
28.96	-66.1235
29.04	-65.9985
29.12	-66.0297
29.2	-65.9985
29.28	-66.061
29.36	-65.9985
29.44	-65.9985
29.52	-66.0297
29.6	-66.0297
29.68	-65.9985
29.76	-65.9048
29.84	-66.061
29.92	-65.9672
30	-65.9985
30.08	-65.9672
30.16	-65.9672
30.24	-65.9672
30.32	-65.9672
30.4	-65.9048
30.48	-65.8422
30.56	-65.9048
30.64	-65.8735
30.72	-65.8735
30.8	-65.8735
30.88	-65.9672
30.96	-65.811
31.04	-65.811
31.12	-65.811
31.2	-65.6547
31.28	-65.7798
31.36	-65.811
31.44	-65.7485
31.52	-65.811
31.6	-65.7485
31.68	-65.7485
31.76	-65.7173
31.84	-65.7173
31.92	-65.6547
32	-65.686
32.08	-65.6235
32.16	-65.6547
32.24	-65.5923
32.32	-65.6547
32.4	-65.5923
32.48	-65.7173
32.56	-65.6547
32.64	-65.6235
32.72	-65.6235
32.8	-65.5923
32.88	-65.561
32.96	-65.6235
33.04	-65.6235
33.12	-65.5923
33.2	-65.561
33.28	-65.5923
33.36	-65.686
33.44	-65.5923
33.52	-65.5923
33.6	-65.5923
33.68	-65.561
33.76	-65.561
33.84	-65.561
33.92	-65.4985
34	-65.3735
34.08	-65.4985
34.16	-65.561
34.24	-65.4673
34.32	-65.4985
34.4	-65.4985
34.48	-65.4985
34.56	-65.4048
34.64	-65.4985
34.72	-65.436
34.8	-65.436
34.88	-65.4048
34.96	-65.3735
35.04	-65.3422
35.12	-65.311
35.2	-65.3422
35.28	-65.311
35.36	-65.436
35.44	-65.2798
35.52	-65.186
35.6	-65.2172
35.68	-65.2172
35.76	-65.436
35.84	-65.3422
35.92	-65.3422
36	-65.311
36.08	-65.2798
36.16	-65.311
36.24	-65.2172
36.32	-65.2172
36.4	-65.2172
36.48	-65.3735
36.56	-65.2172
36.64	-65.1548
36.72	-65.1548
36.8	-65.2172
36.88	-65.2172
36.96	-65.186
37.04	-65.0923
37.12	-65.0923
37.2	-65.2798
37.28	-65.0923
37.36	-65.2798
37.44	-65.2172
37.52	-65.2172
37.6	-65.186
37.68	-65.1548
37.76	-65.1235
37.84	-65.1548
37.92	-65.061
38	-65.0923
38.08	-65.061
38.16	-65.1235
38.24	-65.061
38.32	-64.9985
38.4	-65.061
38.48	-65.0297
38.56	-65.061
38.64	-64.9985
38.72	-64.9673
38.8	-64.9985
38.88	-65.0297
38.96	-64.9047
39.04	-64.9673
39.12	-65.061
39.2	-65.0297
39.28	-64.9985
39.36	-64.9047
39.44	-64.9673
39.52	-64.9673
39.6	-65.0297
39.68	-64.936
39.76	-64.9047
39.84	-64.936
39.92	-64.9047
40	-64.936
40.08	-64.8735
40.16	-64.8735
40.24	-64.8735
40.32	-64.811
40.4	-64.936
40.48	-64.8735
40.56	-64.8735
40.64	-64.7798
40.72	-64.8423
40.8	-64.811
40.88	-64.7798
40.96	-64.7798
41.04	-64.7798
41.12	-64.7798
41.2	-64.8423
41.28	-64.8423
41.36	-64.811
41.44	-64.7172
41.52	-64.6548
41.6	-64.7798
41.68	-64.7172
41.76	-64.7172
41.84	-64.686
41.92	-64.686
42	-64.7485
42.08	-64.7172
42.16	-64.7485
42.24	-64.6548
42.32	-64.6548
42.4	-64.6235
42.48	-64.686
42.56	-64.6235
42.64	-64.7172
42.72	-64.5922
42.8	-64.6548
42.88	-64.5298
42.96	-64.5298
43.04	-64.5922
43.12	-64.6548
43.2	-64.5922
43.28	-64.5922
43.36	-64.6235
43.44	-64.5922
43.52	-64.6548
43.6	-64.5298
43.68	-64.5922
43.76	-64.5922
43.84	-64.6235
43.92	-64.5922
44	-64.5298
44.08	-64.6235
44.16	-64.5922
44.24	-64.4985
44.32	-64.5298
44.4	-64.5298
44.48	-64.5298
44.56	-64.5298
44.64	-64.4673
44.72	-64.6235
44.8	-64.5298
44.88	-64.4673
44.96	-64.3735
45.04	-64.436
45.12	-64.4047
45.2	-64.4673
45.28	-64.4985
45.36	-64.4985
45.44	-64.436
45.52	-64.3735
45.6	-64.436
45.68	-64.436
45.76	-64.4673
45.84	-64.3423
45.92	-64.3735
46	-64.311
46.08	-64.3735
46.16	-64.3423
46.24	-64.3735
46.32	-64.3735
46.4	-64.311
46.48	-64.2798
46.56	-64.3423
46.64	-64.2485
46.72	-64.2172
46.8	-64.2172
46.88	-64.2172
46.96	-64.2798
47.04	-64.1548
47.12	-64.2798
47.2	-64.2798
47.28	-64.2172
47.36	-64.186
47.44	-64.186
47.52	-64.2485
47.6	-64.186
47.68	-64.2172
47.76	-64.2172
47.84	-64.2485
47.92	-64.1235
48	-64.186
48.08	-64.186
48.16	-64.0922
48.24	-64.061
48.32	-64.061
48.4	-64.0922
48.48	-64.061
48.56	-64.0922
48.64	-64.2172
48.72	-64.061
48.8	-64.0298
48.88	-64.186
48.96	-64.1235
49.04	-64.1235
49.12	-64.0922
49.2	-64.1235
49.28	-64.1235
49.36	-64.0298
49.44	-64.0922
49.52	-64.1235
49.6	-64.186
49.68	-64.1548
49.76	-64.0298
49.84	-63.9985
49.92	-64.0922
50	-64.0922
50.08	-64.061
50.16	-64.0922
50.24	-64.0298
50.32	-64.0922
50.4	-63.9985
50.48	-63.9985
50.56	-63.9985
50.64	-64.061
50.72	-63.9985
50.8	-63.9985
50.88	-64.061
50.96	-64.0298
51.04	-64.0298
51.12	-63.9985
51.2	-64.0298
51.28	-63.9673
51.36	-64.0298
51.44	-63.936
51.52	-63.8423
51.6	-63.9047
51.68	-63.8423
51.76	-63.8423
51.84	-63.936
51.92	-63.936
52	-63.8423
52.08	-63.811
52.16	-63.811
52.24	-63.7173
52.32	-63.9047
52.4	-63.8423
52.48	-63.8423
52.56	-63.9047
52.64	-63.8423
52.72	-63.9047
52.8	-63.8423
52.88	-63.811
52.96	-63.811
53.04	-63.8423
53.12	-63.811
53.2	-63.7797
53.28	-63.7797
53.36	-63.7485
53.44	-63.7173
53.52	-63.7797
53.6	-63.7797
53.68	-63.7797
53.76	-63.9047
53.84	-63.9047
53.92	-63.7485
54	-63.7485
54.08	-63.7485
54.16	-63.7485
54.24	-63.7173
54.32	-63.686
54.4	-63.686
54.48	-63.686
54.56	-63.6548
54.64	-63.7485
54.72	-63.7173
54.8	-63.6548
54.88	-63.6235
54.96	-63.6548
55.04	-63.6548
55.12	-63.7485
55.2	-63.686
55.28	-63.686
55.36	-63.686
55.44	-63.686
55.52	-63.6548
55.6	-63.686
55.68	-63.6548
55.76	-63.6548
55.84	-63.6548
55.92	-63.6548
56	-63.686
56.08	-63.686
56.16	-63.7173
56.24	-63.6235
56.32	-63.5923
56.4	-63.5923
56.48	-63.6235
56.56	-63.5923
56.64	-63.5298
56.72	-63.5298
56.8	-63.6548
56.88	-63.6235
56.96	-63.5298
57.04	-63.4985
57.12	-63.561
57.2	-63.6235
57.28	-63.561
57.36	-63.5298
57.44	-63.5298
57.52	-63.4985
57.6	-63.561
57.68	-63.5923
57.76	-63.4985
57.84	-63.4048
57.92	-63.4672
58	-63.561
58.08	-63.4672
58.16	-63.436
58.24	-63.4672
58.32	-63.436
58.4	-63.3423
58.48	-63.3735
58.56	-63.4048
58.64	-63.4048
58.72	-63.436
58.8	-63.436
58.88	-63.4985
58.96	-63.4048
59.04	-63.4672
59.12	-63.4048
59.2	-63.4048
59.28	-63.4672
59.36	-63.4048
59.44	-63.3735
59.52	-63.436
59.6	-63.436
59.68	-63.4048
59.76	-63.3735
59.84	-63.436
59.92	-63.4672
60	-63.4048
60.08	-63.4048
60.16	-63.436
60.24	-63.4672
60.32	-63.436
60.4	-63.4048
60.48	-63.4048
60.56	-63.436
60.64	-63.3423
60.72	-63.4048
60.8	-63.4048
60.88	-63.3423
60.96	-63.3423
61.04	-63.3735
61.12	-63.3423
61.2	-63.2485
61.28	-63.3423
61.36	-63.3423
61.44	-63.2485
61.52	-63.2485
61.6	-63.311
61.68	-63.2798
61.76	-63.2798
61.84	-63.2798
61.92	-63.311
62	-63.311
62.08	-63.3423
62.16	-63.2798
62.24	-63.311
62.32	-63.2485
62.4	-63.3423
62.48	-63.311
62.56	-63.311
62.64	-63.2798
62.72	-63.2485
62.8	-63.2485
62.88	-63.2172
62.96	-63.2485
63.04	-63.2172
63.12	-63.1235
63.2	-63.1235
63.28	-63.2485
63.36	-63.2798
63.44	-63.2485
63.52	-63.1547
63.6	-63.1547
63.68	-63.1547
63.76	-63.1547
63.84	-63.1547
63.92	-63.1235
64	-63.2172
64.08	-63.1235
64.16	-63.1235
64.24	-63.0923
64.32	-63.1547
64.4	-63.0298
64.48	-63.0923
64.56	-63.1547
64.64	-63.061
64.72	-63.1547
64.8	-63.0923
64.88	-63.0298
64.96	-63.1235
65.04	-63.0923
65.12	-63.061
65.2	-62.9985
65.28	-63.1235
65.36	-63.0923
65.44	-62.9985
65.52	-63.0923
65.6	-63.0923
65.68	-63.0923
65.76	-63.061
65.84	-62.9673
65.92	-63.0298
66	-63.0923
66.08	-62.8735
66.16	-62.9673
66.24	-62.9985
66.32	-63.061
66.4	-63.0298
66.48	-62.9985
66.56	-62.9985
66.64	-63.0298
66.72	-62.9985
66.8	-63.0298
66.88	-62.9673
66.96	-62.936
67.04	-62.9047
67.12	-63.061
67.2	-62.9673
67.28	-62.936
67.36	-63.0298
67.44	-63.061
67.52	-63.0298
67.6	-62.9673
67.68	-62.9673
67.76	-62.936
67.84	-62.936
67.92	-62.936
68	-62.9047
68.08	-62.9047
68.16	-62.9047
68.24	-62.811
68.32	-62.9047
68.4	-62.9047
68.48	-62.9047
68.56	-62.8422
68.64	-62.7485
68.72	-62.7798
68.8	-62.811
68.88	-62.811
68.96	-62.811
69.04	-62.8422
69.12	-62.811
69.2	-62.8422
69.28	-62.7798
69.36	-62.811
69.44	-62.7798
69.52	-62.7485
69.6	-62.811
69.68	-62.811
69.76	-62.7485
69.84	-62.7798
69.92	-62.7798
70	-62.811
70.08	-62.8422
70.16	-62.7173
70.24	-62.811
70.32	-62.811
70.4	-62.811
70.48	-62.811
70.56	-62.8422
70.64	-62.7485
70.72	-62.811
70.8	-62.7798
70.88	-62.7798
70.96	-62.7485
71.04	-62.7485
71.12	-62.7798
71.2	-62.686
71.28	-62.811
71.36	-62.7798
71.44	-62.7485
71.52	-62.7173
71.6	-62.7798
71.68	-62.7485
71.76	-62.7173
71.84	-62.686
71.92	-62.7485
72	-62.7798
72.08	-62.7798
72.16	-62.811
72.24	-62.7798
72.32	-62.7798
72.4	-62.7485
72.48	-62.7798
72.56	-62.8422
72.64	-62.7798
72.72	-62.7485
72.8	-62.7173
72.88	-62.7798
72.96	-62.7173
73.04	-62.7173
73.12	-62.686
73.2	-62.7173
73.28	-62.7173
73.36	-62.7798
73.44	-62.7485
73.52	-62.7485
73.6	-62.7173
73.68	-62.7485
73.76	-62.6548
73.84	-62.7173
73.92	-62.7173
74	-62.6235
74.08	-62.686
74.16	-62.6235
74.24	-62.6548
74.32	-62.6548
74.4	-62.5922
74.48	-62.6235
74.56	-62.4985
74.64	-62.5922
74.72	-62.561
74.8	-62.561
74.88	-62.4985
74.96	-62.5922
75.04	-62.561
75.12	-62.4673
75.2	-62.4673
75.28	-62.561
75.36	-62.5922
75.44	-62.561
75.52	-62.4985
75.6	-62.561
75.68	-62.6235
75.76	-62.4985
75.84	-62.561
75.92	-62.5922
76	-62.6235
76.08	-62.561
76.16	-62.5922
76.24	-62.561
76.32	-62.4673
76.4	-62.561
76.48	-62.5922
76.56	-62.5922
76.64	-62.5922
76.72	-62.5922
76.8	-62.5922
76.88	-62.561
76.96	-62.4985
77.04	-62.4673
77.12	-62.5922
77.2	-62.4985
77.28	-62.4673
77.36	-62.5922
77.44	-62.5922
77.52	-62.6235
77.6	-62.561
77.68	-62.4673
77.76	-62.4673
77.84	-62.6235
77.92	-62.4985
78	-62.436
78.08	-62.4985
78.16	-62.436
78.24	-62.4673
78.32	-62.436
78.4	-62.4673
78.48	-62.4673
78.56	-62.5922
78.64	-62.4673
78.72	-62.4985
78.8	-62.4048
78.88	-62.436
78.96	-62.561
79.04	-62.436
79.12	-62.4673
79.2	-62.436
79.28	-62.436
79.36	-62.4048
79.44	-62.436
79.52	-62.436
79.6	-62.3735
79.68	-62.436
79.76	-62.3422
79.84	-62.3422
79.92	-62.3735
80	-62.4048
80.08	-62.4048
80.16	-62.3735
80.24	-62.4048
80.32	-62.4048
80.4	-62.3422
80.48	-62.3735
80.56	-62.3422
80.64	-62.4048
80.72	-62.3735
80.8	-62.4673
80.88	-62.4048
80.96	-62.3735
81.04	-62.4673
81.12	-62.3735
81.2	-62.3422
81.28	-62.3422
81.36	-62.311
81.44	-62.4048
81.52	-62.2797
81.6	-62.2485
81.68	-62.2485
81.76	-62.2797
81.84	-62.2797
81.92	-62.3735
82	-62.2797
82.08	-62.311
82.16	-62.2797
82.24	-62.311
82.32	-62.2485
82.4	-62.2485
82.48	-62.3422
82.56	-62.2797
82.64	-62.311
82.72	-62.2797
82.8	-62.3422
82.88	-62.2485
82.96	-62.2797
83.04	-62.311
83.12	-62.3422
83.2	-62.2797
83.28	-62.2173
83.36	-62.3422
83.44	-62.2485
83.52	-62.3422
83.6	-62.3422
83.68	-62.3422
83.76	-62.2485
83.84	-62.2797
83.92	-62.186
84	-62.2485
84.08	-62.311
84.16	-62.2173
84.24	-62.2485
84.32	-62.2485
84.4	-62.1548
84.48	-62.2485
84.56	-62.2173
84.64	-62.2173
84.72	-62.2485
84.8	-62.2797
84.88	-62.2797
84.96	-62.2173
85.04	-62.1548
85.12	-62.1548
85.2	-62.186
85.28	-62.1235
85.36	-62.2173
85.44	-62.1548
85.52	-62.0923
85.6	-62.1235
85.68	-62.1548
85.76	-62.061
85.84	-62.1548
85.92	-62.0923
86	-62.1548
86.08	-62.2173
86.16	-62.0923
86.24	-62.061
86.32	-62.061
86.4	-62.1235
86.48	-62.1235
86.56	-62.1548
86.64	-62.0923
86.72	-62.0297
86.8	-62.061
86.88	-61.9673
86.96	-62.1235
87.04	-62.0923
87.12	-62.186
87.2	-62.1548
87.28	-61.9985
87.36	-62.0923
87.44	-62.061
87.52	-62.1235
87.6	-62.1235
87.68	-62.0923
87.76	-62.1235
87.84	-62.061
87.92	-62.0923
88	-62.061
88.08	-62.1235
88.16	-62.1235
88.24	-62.0923
88.32	-61.9985
88.4	-62.1235
88.48	-62.061
88.56	-62.0923
88.64	-62.0297
88.72	-62.061
88.8	-62.061
88.88	-62.061
88.96	-61.9985
89.04	-62.0923
89.12	-62.061
89.2	-62.0297
89.28	-62.061
89.36	-62.0297
89.44	-62.0297
89.52	-62.061
89.6	-62.0923
89.68	-62.0923
89.76	-62.0297
89.84	-62.0923
89.92	-62.0297
90	-62.061
90.08	-62.0297
90.16	-62.1235
90.24	-62.061
90.32	-62.0297
90.4	-62.061
90.48	-62.061
90.56	-61.9985
90.64	-62.061
90.72	-62.061
90.8	-61.9985
90.88	-62.0297
90.96	-62.061
91.04	-61.9673
91.12	-61.9673
91.2	-61.9985
91.28	-61.9985
91.36	-61.9985
91.44	-62.0297
91.52	-61.936
91.6	-61.936
91.68	-61.936
91.76	-61.9048
91.84	-61.9985
91.92	-61.936
92	-61.9985
92.08	-61.936
92.16	-61.936
92.24	-61.9673
92.32	-61.9673
92.4	-61.9048
92.48	-61.9048
92.56	-61.9048
92.64	-61.9048
92.72	-61.936
92.8	-61.9985
92.88	-61.9048
92.96	-61.8735
93.04	-61.8735
93.12	-61.8735
93.2	-61.9985
93.28	-61.9985
93.36	-61.936
93.44	-61.9048
93.52	-61.936
93.6	-61.9673
93.68	-61.9673
93.76	-61.9673
93.84	-61.936
93.92	-61.9048
94	-61.9048
94.08	-61.9048
94.16	-61.9673
94.24	-61.9673
94.32	-61.9673
94.4	-61.9673
94.48	-61.936
94.56	-61.811
94.64	-61.811
94.72	-61.9048
94.8	-61.7798
94.88	-61.7798
94.96	-61.811
95.04	-61.7485
95.12	-61.7798
95.2	-61.811
95.28	-61.811
95.36	-61.7798
95.44	-61.811
95.52	-61.8735
95.6	-61.8735
95.68	-61.8735
95.76	-61.811
95.84	-61.8735
95.92	-61.811
96	-61.9048
96.08	-61.7485
96.16	-61.686
96.24	-61.7485
96.32	-61.7172
96.4	-61.811
96.48	-61.811
96.56	-61.8735
96.64	-61.686
96.72	-61.7485
96.8	-61.811
96.88	-61.7172
96.96	-61.686
97.04	-61.7798
97.12	-61.7798
97.2	-61.7798
97.28	-61.686
97.36	-61.7485
97.44	-61.7485
97.52	-61.7172
97.6	-61.686
97.68	-61.7172
97.76	-61.7798
97.84	-61.7172
97.92	-61.7485
98	-61.7798
98.08	-61.7485
98.16	-61.686
98.24	-61.7172
98.32	-61.7172
98.4	-61.811
98.48	-61.7172
98.56	-61.686
98.64	-61.7172
98.72	-61.7172
98.8	-61.686
98.88	-61.686
98.96	-61.7172
99.04	-61.6548
99.12	-61.6548
99.2	-61.7798
99.28	-61.686
99.36	-61.686
99.44	-61.7485
99.52	-61.686
99.6	-61.811
99.68	-61.7172
99.76	-61.6235
99.84	-61.7798
99.92	-61.6548
100	-61.7172
100.08	-61.5923
100.16	-61.686
100.24	-61.686
100.32	-61.7485
100.4	-61.7172
100.48	-61.7485
100.56	-61.7172
100.64	-61.7798
100.72	-61.7172
100.8	-61.7485
100.88	-61.7485
100.96	-61.7485
101.04	-61.7485
101.12	-61.686
101.2	-61.6235
101.28	-61.686
101.36	-61.686
101.44	-61.6548
101.52	-61.6235
101.6	-61.686
101.68	-61.6548
101.76	-61.686
101.84	-61.561
101.92	-61.5298
102	-61.5923
102.08	-61.6235
102.16	-61.5923
102.24	-61.561
102.32	-61.6235
102.4	-61.6548
102.48	-61.6548
102.56	-61.6235
102.64	-61.686
102.72	-61.6235
102.8	-61.5923
102.88	-61.6235
102.96	-61.6235
103.04	-61.561
103.12	-61.5923
103.2	-61.6235
103.28	-61.6235
103.36	-61.686
103.44	-61.686
103.52	-61.5923
103.6	-61.6548
103.68	-61.5298
103.76	-61.6235
103.84	-61.561
103.92	-61.6235
104	-61.561
104.08	-61.6235
104.16	-61.6548
104.24	-61.4985
104.32	-61.5298
104.4	-61.5923
104.48	-61.5298
104.56	-61.4985
104.64	-61.5298
104.72	-61.561
104.8	-61.6235
104.88	-61.6235
104.96	-61.6235
105.04	-61.5298
105.12	-61.6548
105.2	-61.5923
105.28	-61.4985
105.36	-61.561
105.44	-61.5923
105.52	-61.5298
105.6	-61.5298
105.68	-61.4985
105.76	-61.561
105.84	-61.5923
105.92	-61.5923
106	-61.561
106.08	-61.6235
106.16	-61.6235
106.24	-61.6235
106.32	-61.5298
106.4	-61.5923
106.48	-61.561
106.56	-61.4672
106.64	-61.436
106.72	-61.561
106.8	-61.561
106.88	-61.561
106.96	-61.6235
107.04	-61.6548
107.12	-61.5923
107.2	-61.4985
107.28	-61.561
107.36	-61.6235
107.44	-61.561
107.52	-61.5923
107.6	-61.561
107.68	-61.5923
107.76	-61.4985
107.84	-61.5298
107.92	-61.5298
108	-61.5298
108.08	-61.436
108.16	-61.5298
108.24	-61.5298
108.32	-61.561
108.4	-61.4985
108.48	-61.5298
108.56	-61.436
108.64	-61.5298
108.72	-61.4985
108.8	-61.436
108.88	-61.4985
108.96	-61.561
109.04	-61.561
109.12	-61.4672
109.2	-61.4672
109.28	-61.4985
109.36	-61.4672
109.44	-61.436
109.52	-61.4047
109.6	-61.436
109.68	-61.561
109.76	-61.5298
109.84	-61.4985
109.92	-61.561
110	-61.561
110.08	-61.561
110.16	-61.5923
110.24	-61.561
110.32	-61.5923
110.4	-61.5298
110.48	-61.4985
110.56	-61.4985
110.64	-61.4985
110.72	-61.4985
110.8	-61.4672
110.88	-61.436
110.96	-61.436
111.04	-61.4985
111.12	-61.4672
111.2	-61.4985
111.28	-61.436
111.36	-61.4672
111.44	-61.4047
111.52	-61.436
111.6	-61.436
111.68	-61.5298
111.76	-61.4985
111.84	-61.5923
111.92	-61.436
112	-61.436
112.08	-61.436
112.16	-61.436
112.24	-61.4672
112.32	-61.4985
112.4	-61.3735
112.48	-61.4672
112.56	-61.5298
112.64	-61.436
112.72	-61.5298
112.8	-61.561
112.88	-61.3423
112.96	-61.436
113.04	-61.4985
113.12	-61.4672
113.2	-61.4047
113.28	-61.4672
113.36	-61.4985
113.44	-61.4672
113.52	-61.4047
113.6	-61.436
113.68	-61.561
113.76	-61.4047
113.84	-61.4985
113.92	-61.4985
114	-61.4672
114.08	-61.3735
114.16	-61.3735
114.24	-61.4047
114.32	-61.3735
114.4	-61.4047
114.48	-61.436
114.56	-61.4672
114.64	-61.4672
114.72	-61.4047
114.8	-61.4047
114.88	-61.4047
114.96	-61.3735
115.04	-61.4672
115.12	-61.436
115.2	-61.436
115.28	-61.436
115.36	-61.4047
115.44	-61.2798
115.52	-61.4047
115.6	-61.311
115.68	-61.3735
115.76	-61.3423
115.84	-61.2798
115.92	-61.3735
116	-61.436
116.08	-61.4047
116.16	-61.5298
116.24	-61.4047
116.32	-61.4985
116.4	-61.4047
116.48	-61.3735
116.56	-61.5298
116.64	-61.4672
116.72	-61.4047
116.8	-61.4047
116.88	-61.4985
116.96	-61.4985
117.04	-61.3735
117.12	-61.436
117.2	-61.3735
117.28	-61.436
117.36	-61.4047
117.44	-61.4985
117.52	-61.436
117.6	-61.311
117.68	-61.3735
117.76	-61.2798
117.84	-61.2798
117.92	-61.3423
118	-61.4047
118.08	-61.3423
118.16	-61.2798
118.24	-61.3423
118.32	-61.3735
118.4	-61.2798
118.48	-61.311
118.56	-61.3735
118.64	-61.311
118.72	-61.311
118.8	-61.2798
118.88	-61.2798
118.96	-61.3735
119.04	-61.2798
119.12	-61.2798
119.2	-61.2798
119.28	-61.311
119.36	-61.2798
119.44	-61.2798
119.52	-61.2798
119.6	-61.3423
119.68	-61.311
119.76	-61.2485
119.84	-61.2173
119.92	-61.2173
120	-61.2485
120.08	-61.2798
120.16	-61.3423
120.24	-61.3735
120.32	-61.311
120.4	-61.311
120.48	-61.2485
120.56	-61.3423
120.64	-61.2485
120.72	-61.3423
120.8	-61.2485
120.88	-61.2798
120.96	-61.3735
121.04	-61.3423
121.12	-61.2798
121.2	-61.2485
121.28	-61.2485
121.36	-61.2485
121.44	-61.2485
121.52	-61.2485
121.6	-61.2798
121.68	-61.311
121.76	-61.2798
121.84	-61.2173
121.92	-61.2798
122	-61.3423
122.08	-61.2798
122.16	-61.2798
122.24	-61.2798
122.32	-61.311
122.4	-61.2173
122.48	-61.311
122.56	-61.2485
122.64	-61.311
122.72	-61.2485
122.8	-61.3735
122.88	-61.2173
122.96	-61.311
123.04	-61.436
123.12	-61.3735
123.2	-61.2798
123.28	-61.2485
123.36	-61.2798
123.44	-61.186
123.52	-61.2173
123.6	-61.2485
123.68	-61.186
123.76	-61.2173
123.84	-61.2798
123.92	-61.2173
124	-61.2173
124.08	-61.2798
124.16	-61.2485
124.24	-61.3423
124.32	-61.0923
124.4	-61.0923
124.48	-61.2173
124.56	-61.2798
124.64	-61.186
124.72	-61.2485
124.8	-61.061
124.88	-61.186
124.96	-61.2485
125.04	-61.1235
125.12	-61.1235
125.2	-61.186
125.28	-61.1235
125.36	-61.1235
125.44	-61.2173
125.52	-61.0923
125.6	-61.186
125.68	-61.1235
125.76	-61.2173
125.84	-61.061
125.92	-61.186
126	-61.1235
126.08	-61.186
126.16	-61.061
126.24	-61.0923
126.32	-61.2485
126.4	-61.186
126.48	-61.2798
126.56	-61.186
126.64	-61.186
126.72	-61.2173
126.8	-61.2798
126.88	-61.2173
126.96	-61.2798
127.04	-61.2173
127.12	-61.2798
127.2	-61.2798
127.28	-61.2485
127.36	-61.2173
127.44	-61.1235
127.52	-61.1235
127.6	-61.186
127.68	-61.0923
127.76	-61.186
127.84	-61.2173
127.92	-61.1235
128	-61.1235
128.08	-61.2485
128.16	-61.2173
128.24	-61.2173
128.32	-61.2485
128.4	-61.1235
128.48	-61.186
128.56	-61.2485
128.64	-61.2485
128.72	-61.2173
128.8	-61.2173
128.88	-61.186
128.96	-61.1235
129.04	-61.2173
129.12	-61.186
129.2	-61.2173
129.28	-61.2485
129.36	-61.061
129.44	-61.0923
129.52	-61.0923
129.6	-61.061
129.68	-61.0923
129.76	-61.061
129.84	-61.0923
129.92	-61.1235
130	-61.0923
130.08	-61.061
130.16	-61.2173
130.24	-61.2173
130.32	-61.186
130.4	-61.186
130.48	-61.0923
130.56	-61.1235
130.64	-61.2798
130.72	-61.2485
130.8	-61.1235
130.88	-61.186
130.96	-61.0923
131.04	-61.0923
131.12	-61.1235
131.2	-61.0923
131.28	-61.186
131.36	-61.1235
131.44	-61.0923
131.52	-61.186
131.6	-61.2485
131.68	-61.2173
131.76	-61.0298
131.84	-61.1235
131.92	-61.186
132	-61.0298
132.08	-61.1235
132.16	-61.1235
132.24	-61.186
132.32	-61.2173
132.4	-61.061
132.48	-61.2173
132.56	-61.061
132.64	-61.061
132.72	-61.1235
132.8	-61.061
132.88	-61.1235
132.96	-61.1235
133.04	-61.0923
133.12	-61.1235
133.2	-60.9985
133.28	-61.186
133.36	-61.0923
133.44	-61.0923
133.52	-61.1235
133.6	-61.2173
133.68	-61.2173
133.76	-61.186
133.84	-61.0923
133.92	-61.2173
134	-61.186
134.08	-61.061
134.16	-61.1235
134.24	-61.061
134.32	-61.0298
134.4	-61.0923
134.48	-61.061
134.56	-61.1235
134.64	-60.9985
134.72	-61.061
134.8	-60.9673
134.88	-61.0923
134.96	-61.061
135.04	-61.1235
135.12	-61.061
135.2	-61.061
135.28	-60.9985
135.36	-61.061
135.44	-60.9985
135.52	-60.9985
135.6	-61.061
135.68	-61.061
135.76	-61.0298
135.84	-60.9985
135.92	-61.061
136	-60.9985
136.08	-61.0298
136.16	-61.0298
136.24	-61.1235
136.32	-61.061
136.4	-61.061
136.48	-61.0298
136.56	-61.0923
136.64	-61.061
136.72	-61.0298
136.8	-61.061
136.88	-61.0298
136.96	-61.061
137.04	-61.061
137.12	-61.0298
137.2	-61.1235
137.28	-61.0923
137.36	-60.9985
137.44	-61.0923
137.52	-60.9047
137.6	-61.061
137.68	-61.0298
137.76	-61.061
137.84	-60.9673
137.92	-60.9673
138	-61.0298
138.08	-60.9673
138.16	-60.936
138.24	-60.9047
138.32	-60.9985
138.4	-60.9985
138.48	-60.9985
138.56	-60.9673
138.64	-60.9985
138.72	-60.9985
138.8	-60.9673
138.88	-61.0298
138.96	-60.9985
139.04	-60.9047
139.12	-60.936
139.2	-60.9047
139.28	-60.9047
139.36	-60.8735
139.44	-60.9985
139.52	-60.9673
139.6	-61.0298
139.68	-60.9673
139.76	-60.9047
139.84	-61.061
139.92	-60.9673
140	-60.9985
140.08	-60.9673
140.16	-60.9985
140.24	-60.9673
140.32	-60.9047
140.4	-60.9985
140.48	-61.0298
140.56	-60.936
140.64	-60.9985
140.72	-61.0298
140.8	-60.936
140.88	-60.9673
140.96	-60.936
141.04	-60.9047
141.12	-60.9047
141.2	-61.0298
141.28	-61.061
141.36	-61.061
141.44	-60.9985
141.52	-60.9985
141.6	-60.9985
141.68	-60.811
141.76	-60.9673
141.84	-60.9985
141.92	-60.9673
142	-60.936
142.08	-60.9985
142.16	-60.9047
142.24	-60.9985
142.32	-60.9673
142.4	-60.9985
142.48	-60.9985
142.56	-60.9673
142.64	-61.0298
142.72	-60.9673
142.8	-60.9047
142.88	-60.9985
142.96	-60.936
143.04	-61.061
143.12	-60.9673
143.2	-61.061
143.28	-61.061
143.36	-61.0298
143.44	-60.9673
143.52	-60.9985
143.6	-60.936
143.68	-60.9673
143.76	-61.061
143.84	-60.9985
143.92	-61.0298
144	-60.9673
144.08	-60.9985
144.16	-60.9047
144.24	-61.0298
144.32	-61.0298
144.4	-60.9673
144.48	-60.9673
144.56	-60.9673
144.64	-60.9047
144.72	-60.8735
144.8	-60.936
144.88	-60.811
144.96	-60.936
145.04	-60.936
145.12	-60.9047
145.2	-60.8735
145.28	-60.9673
145.36	-60.9673
145.44	-60.9673
145.52	-60.936
145.6	-60.936
145.68	-60.9985
145.76	-60.936
145.84	-60.936
145.92	-60.9673
146	-60.8422
146.08	-60.9673
146.16	-60.9673
146.24	-60.9047
146.32	-60.936
146.4	-60.936
146.48	-60.9985
146.56	-60.936
146.64	-60.9673
146.72	-60.9047
146.8	-60.936
146.88	-60.936
146.96	-60.8735
147.04	-60.9047
147.12	-60.936
147.2	-60.8735
147.28	-60.9047
147.36	-60.9673
147.44	-60.9047
147.52	-60.9047
147.6	-60.8422
147.68	-60.8422
147.76	-60.8422
147.84	-60.8422
147.92	-60.9047
148	-60.936
148.08	-60.9673
148.16	-60.9047
148.24	-60.9047
148.32	-60.9673
148.4	-60.936
148.48	-60.9047
148.56	-60.9047
148.64	-60.9047
148.72	-60.8735
148.8	-60.936
148.88	-60.9047
148.96	-60.9673
149.04	-60.8735
149.12	-60.936
149.2	-60.7798
149.28	-60.8735
149.36	-60.8735
149.44	-60.9047
149.52	-60.8735
149.6	-60.9047
149.68	-60.936
149.76	-60.8735
149.84	-60.8735
149.92	-60.9673
150	-60.9673
150.08	-60.9047
150.16	-60.9673
150.24	-60.9673
150.32	-60.9047
150.4	-60.9673
150.48	-60.936
150.56	-60.8735
150.64	-60.936
150.72	-60.9985
150.8	-60.8735
150.88	-60.936
150.96	-60.9047
151.04	-60.8735
151.12	-60.8422
151.2	-60.8422
151.28	-60.9047
151.36	-60.936
151.44	-60.8735
151.52	-60.8422
151.6	-60.9047
151.68	-60.8422
151.76	-60.8735
151.84	-60.811
151.92	-60.9985
152	-60.8735
152.08	-60.8735
152.16	-60.936
152.24	-60.8735
152.32	-60.9047
152.4	-60.8735
152.48	-60.8422
152.56	-60.811
152.64	-60.9047
152.72	-60.7798
152.8	-60.9047
152.88	-60.9673
152.96	-60.9047
153.04	-60.8422
153.12	-60.811
153.2	-60.8735
153.28	-60.8422
153.36	-60.8735
153.44	-60.8735
153.52	-60.8735
153.6	-60.8422
153.68	-60.936
153.76	-60.8422
153.84	-60.8422
153.92	-60.7485
154	-60.9047
154.08	-60.811
154.16	-60.811
154.24	-60.811
154.32	-60.8422
154.4	-60.811
154.48	-60.7485
154.56	-60.8735
154.64	-60.8735
154.72	-60.8422
154.8	-60.936
154.88	-60.8422
154.96	-60.8422
155.04	-60.8422
155.12	-60.7798
155.2	-60.7485
155.28	-60.8735
155.36	-60.8735
155.44	-60.936
155.52	-60.8735
155.6	-60.8422
155.68	-60.8422
155.76	-60.811
155.84	-60.8422
155.92	-60.8422
156	-60.8735
156.08	-60.8735
156.16	-60.936
156.24	-60.8422
156.32	-60.8735
156.4	-60.8422
156.48	-60.936
156.56	-60.8422
156.64	-60.8735
156.72	-60.811
156.8	-60.8735
156.88	-60.8735
156.96	-60.811
157.04	-60.8422
157.12	-60.7798
157.2	-60.8422
157.28	-60.7798
157.36	-60.8735
157.44	-60.8422
157.52	-60.8422
157.6	-60.8422
157.68	-60.8422
157.76	-60.9047
157.84	-60.8422
157.92	-60.7798
158	-60.7173
158.08	-60.7798
158.16	-60.8422
158.24	-60.811
158.32	-60.7485
158.4	-60.7798
158.48	-60.7798
158.56	-60.811
158.64	-60.8735
158.72	-60.7798
158.8	-60.7798
158.88	-60.7798
158.96	-60.811
159.04	-60.811
159.12	-60.7485
159.2	-60.9047
159.28	-60.8422
159.36	-60.8422
159.44	-60.811
159.52	-60.8735
159.6	-60.8735
159.68	-60.811
159.76	-60.7798
159.84	-60.7485
159.92	-60.8422
160	-60.8422
160.08	-60.8422
160.16	-60.8422
160.24	-60.9047
160.32	-60.811
160.4	-60.8422
160.48	-60.9673
160.56	-60.8422
160.64	-60.811
160.72	-60.9047
160.8	-60.936
160.88	-60.936
160.96	-60.9047
161.04	-60.8735
161.12	-60.811
161.2	-60.8735
161.28	-60.9047
161.36	-60.811
161.44	-60.9673
161.52	-60.9047
161.6	-60.9047
161.68	-60.8735
161.76	-60.8735
161.84	-60.8735
161.92	-60.8422
162	-60.8422
162.08	-60.811
162.16	-60.936
162.24	-60.7798
162.32	-60.9047
162.4	-60.8422
162.48	-60.8422
162.56	-60.8735
162.64	-60.8422
162.72	-60.8735
162.8	-60.936
162.88	-60.936
162.96	-60.811
163.04	-60.7485
163.12	-60.811
163.2	-60.936
163.28	-60.8422
163.36	-60.8422
163.44	-60.8735
163.52	-60.811
163.6	-60.8422
163.68	-60.7485
163.76	-60.811
163.84	-60.8422
163.92	-60.7798
164	-60.8422
164.08	-60.7173
164.16	-60.811
164.24	-60.9047
164.32	-60.686
164.4	-60.7798
164.48	-60.7798
164.56	-60.811
164.64	-60.7798
164.72	-60.7798
164.8	-60.7485
164.88	-60.686
164.96	-60.7485
165.04	-60.7798
165.12	-60.7485
165.2	-60.7798
165.28	-60.7485
165.36	-60.7798
165.44	-60.7485
165.52	-60.811
165.6	-60.811
165.68	-60.7173
165.76	-60.811
165.84	-60.7798
165.92	-60.7173
166	-60.811
166.08	-60.811
166.16	-60.7485
166.24	-60.7798
166.32	-60.811
166.4	-60.686
166.48	-60.811
166.56	-60.7798
166.64	-60.7485
166.72	-60.7173
166.8	-60.811
166.88	-60.811
166.96	-60.811
167.04	-60.7798
167.12	-60.8422
167.2	-60.7173
167.28	-60.8422
167.36	-60.7798
167.44	-60.7798
167.52	-60.7173
167.6	-60.7173
167.68	-60.6548
167.76	-60.7485
167.84	-60.686
167.92	-60.7485
168	-60.7485
168.08	-60.7173
168.16	-60.7485
168.24	-60.7485
168.32	-60.7173
168.4	-60.6548
168.48	-60.686
168.56	-60.7173
168.64	-60.686
168.72	-60.7485
168.8	-60.6548
168.88	-60.6548
168.96	-60.7173
169.04	-60.6235
169.12	-60.686
169.2	-60.6548
169.28	-60.7173
169.36	-60.686
169.44	-60.6548
169.52	-60.6548
169.6	-60.686
169.68	-60.686
169.76	-60.7173
169.84	-60.6235
169.92	-60.7485
170	-60.6548
170.08	-60.686
170.16	-60.686
170.24	-60.686
170.32	-60.6548
170.4	-60.5922
170.48	-60.6548
170.56	-60.686
170.64	-60.686
170.72	-60.686
170.8	-60.7798
170.88	-60.7485
170.96	-60.7173
171.04	-60.6548
171.12	-60.7798
171.2	-60.811
171.28	-60.7485
171.36	-60.7173
171.44	-60.686
171.52	-60.7798
171.6	-60.7798
171.68	-60.811
171.76	-60.7798
171.84	-60.7798
171.92	-60.686
172	-60.7173
172.08	-60.7173
172.16	-60.7798
172.24	-60.686
172.32	-60.7173
172.4	-60.7798
172.48	-60.686
172.56	-60.7173
172.64	-60.686
172.72	-60.686
172.8	-60.7173
172.88	-60.7173
172.96	-60.686
173.04	-60.686
173.12	-60.7173
173.2	-60.686
173.28	-60.686
173.36	-60.6548
173.44	-60.5922
173.52	-60.7173
173.6	-60.686
173.68	-60.7485
173.76	-60.7485
173.84	-60.811
173.92	-60.7485
174	-60.6548
174.08	-60.686
174.16	-60.686
174.24	-60.7798
174.32	-60.7173
174.4	-60.6548
174.48	-60.7485
174.56	-60.7173
174.64	-60.6235
174.72	-60.6548
174.8	-60.686
174.88	-60.6548
174.96	-60.686
175.04	-60.686
175.12	-60.686
175.2	-60.686
175.28	-60.686
175.36	-60.7173
175.44	-60.7173
175.52	-60.7173
175.6	-60.686
175.68	-60.7798
175.76	-60.7485
175.84	-60.7173
175.92	-60.7173
176	-60.7485
176.08	-60.7485
176.16	-60.7173
176.24	-60.7798
176.32	-60.811
176.4	-60.811
176.48	-60.811
176.56	-60.8422
176.64	-60.7485
176.72	-60.811
176.8	-60.8422
176.88	-60.936
176.96	-60.8735
177.04	-60.8422
177.12	-60.8422
177.2	-60.686
177.28	-60.8422
177.36	-60.8735
177.44	-60.8735
177.52	-60.8422
177.6	-60.7798
177.68	-60.7173
177.76	-60.7485
177.84	-60.7798
177.92	-60.811
178	-60.7798
178.08	-60.7798
178.16	-60.7798
178.24	-60.7485
178.32	-60.7173
178.4	-60.7798
178.48	-60.811
178.56	-60.686
178.64	-60.7798
178.72	-60.6548
178.8	-60.7485
178.88	-60.811
178.96	-60.7485
179.04	-60.7485
179.12	-60.8422
179.2	-60.8422
179.28	-60.811
179.36	-60.7798
179.44	-60.811
179.52	-60.7485
179.6	-60.7485
179.68	-60.7798
179.76	-60.7485
179.84	-60.7173
179.92	-60.7798
180	-60.7485
180.08	-60.811
180.16	-60.7798
180.24	-60.7173
180.32	-60.7485
180.4	-60.7798
180.48	-60.811
180.56	-60.7798
180.64	-60.7173
180.72	-60.7798
180.8	-60.811
180.88	-60.7173
180.96	-60.686
181.04	-60.7173
181.12	-60.7173
181.2	-60.7485
181.28	-60.7485
181.36	-60.7173
181.44	-60.7798
181.52	-60.7173
181.6	-60.7173
181.68	-60.7798
181.76	-60.7485
181.84	-60.811
181.92	-60.811
182	-60.811
182.08	-60.686
182.16	-60.6548
182.24	-60.6548
182.32	-60.7173
182.4	-60.7798
182.48	-60.7798
182.56	-60.7485
182.64	-60.6548
182.72	-60.811
182.8	-60.7798
182.88	-60.7173
182.96	-60.7485
183.04	-60.7798
183.12	-60.686
183.2	-60.6548
183.28	-60.7485
183.36	-60.7485
183.44	-60.7798
183.52	-60.7173
183.6	-60.8422
183.68	-60.7798
183.76	-60.7798
183.84	-60.7798
183.92	-60.8735
184	-60.811
184.08	-60.8422
184.16	-60.7173
184.24	-60.7485
184.32	-60.8422
184.4	-60.7798
184.48	-60.7485
184.56	-60.7173
184.64	-60.7798
184.72	-60.7798
184.8	-60.811
184.88	-60.7798
184.96	-60.7798
185.04	-60.7173
185.12	-60.811
185.2	-60.7485
185.28	-60.811
185.36	-60.7485
185.44	-60.7173
185.52	-60.7485
185.6	-60.7798
185.68	-60.7798
185.76	-60.7485
185.84	-60.7173
185.92	-60.7485
186	-60.686
186.08	-60.7485
186.16	-60.811
186.24	-60.8422
186.32	-60.7798
186.4	-60.8422
186.48	-60.7798
186.56	-60.8422
186.64	-60.8422
186.72	-60.7485
186.8	-60.7485
186.88	-60.811
186.96	-60.7485
187.04	-60.7173
187.12	-60.7485
187.2	-60.7485
187.28	-60.7485
187.36	-60.7173
187.44	-60.7485
187.52	-60.811
187.6	-60.811
187.68	-60.8422
187.76	-60.811
187.84	-60.7173
187.92	-60.7173
188	-60.7798
188.08	-60.811
188.16	-60.7173
188.24	-60.8422
188.32	-60.811
188.4	-60.8735
188.48	-60.811
188.56	-60.811
188.64	-60.811
188.72	-60.8422
188.8	-60.7798
188.88	-60.7173
188.96	-60.7798
189.04	-60.8422
189.12	-60.7485
189.2	-60.7485
189.28	-60.7798
189.36	-60.7173
189.44	-60.811
189.52	-60.7798
189.6	-60.811
189.68	-60.7798
189.76	-60.8735
189.84	-60.7485
189.92	-60.8735
190	-60.8422
190.08	-60.811
190.16	-60.7798
190.24	-60.8422
190.32	-60.7485
190.4	-60.7798
190.48	-60.7798
190.56	-60.811
190.64	-60.8422
190.72	-60.7173
190.8	-60.7173
190.88	-60.811
190.96	-60.811
191.04	-60.811
191.12	-60.9047
191.2	-60.7798
191.28	-60.811
191.36	-60.7798
191.44	-60.7485
191.52	-60.8422
191.6	-60.7173
191.68	-60.7798
191.76	-60.7485
191.84	-60.8422
191.92	-60.7798
192	-60.7485
192.08	-60.7173
192.16	-60.7798
192.24	-60.8422
192.32	-60.811
192.4	-60.7485
192.48	-60.7173
192.56	-60.7485
192.64	-60.686
192.72	-60.7798
192.8	-60.8735
192.88	-60.8735
192.96	-60.8422
193.04	-60.7798
193.12	-60.8735
193.2	-60.7485
193.28	-60.7798
193.36	-60.8735
193.44	-60.811
193.52	-60.811
193.6	-60.811
193.68	-60.8735
193.76	-60.9047
193.84	-60.811
193.92	-60.7798
194	-60.9047
194.08	-60.8422
194.16	-60.7798
194.24	-60.8422
194.32	-60.8422
194.4	-60.811
194.48	-60.8422
194.56	-60.811
194.64	-60.7798
194.72	-60.811
194.8	-60.8422
194.88	-60.8422
194.96	-60.7798
195.04	-60.811
195.12	-60.7485
195.2	-60.811
195.28	-60.7173
195.36	-60.7173
195.44	-60.6548
195.52	-60.7485
195.6	-60.7173
195.68	-60.811
195.76	-60.8422
195.84	-60.8735
195.92	-60.8422
196	-60.7798
196.08	-60.7798
196.16	-60.7485
196.24	-60.7798
196.32	-60.8422
196.4	-60.8422
196.48	-60.8422
196.56	-60.8422
196.64	-60.811
196.72	-60.811
196.8	-60.8422
196.88	-60.811
196.96	-60.811
197.04	-60.7798
197.12	-60.7798
197.2	-60.7798
197.28	-60.7485
197.36	-60.8735
197.44	-60.8422
197.52	-60.7485
197.6	-60.686
197.68	-60.6235
197.76	-60.7485
197.84	-60.686
197.92	-60.686
198	-60.7485
198.08	-60.7173
198.16	-60.7173
198.24	-60.7485
198.32	-60.7798
198.4	-60.811
198.48	-60.7173
198.56	-60.7173
198.64	-60.811
198.72	-60.7485
198.8	-60.811
198.88	-60.7485
198.96	-60.7798
199.04	-60.7173
199.12	-60.7798
199.2	-60.7798
199.28	-60.8422
199.36	-60.8422
199.44	-60.7485
199.52	-60.7173
199.6	-60.7173
199.68	-60.7798
199.76	-60.7173
199.84	-60.8422
199.92	-60.811
200	-60.7798
200.08	-60.811
200.16	-60.8735
200.24	-60.9673
200.32	-60.9047
200.4	-60.9047
200.48	-60.8735
200.56	-60.936
200.64	-60.811
200.72	-60.8735
200.8	-60.811
200.88	-60.9047
200.96	-60.8735
201.04	-60.8422
201.12	-60.8735
201.2	-60.811
201.28	-60.7485
201.36	-60.7798
201.44	-60.7798
201.52	-60.7485
201.6	-60.7798
201.68	-60.8735
201.76	-60.8735
201.84	-60.811
201.92	-60.686
202	-60.7173
202.08	-60.8422
202.16	-60.7798
202.24	-60.8422
202.32	-60.8422
202.4	-60.7485
202.48	-60.811
202.56	-60.9047
202.64	-60.8422
202.72	-60.7798
202.8	-60.811
202.88	-60.7798
202.96	-60.8735
203.04	-60.8735
203.12	-60.7798
203.2	-60.811
203.28	-60.7798
203.36	-60.7798
203.44	-60.8422
203.52	-60.811
203.6	-60.7798
203.68	-60.8422
203.76	-60.811
203.84	-60.7798
203.92	-60.8422
204	-60.8422
204.08	-60.8735
204.16	-60.811
204.24	-60.8422
204.32	-60.9047
204.4	-60.8422
204.48	-60.9047
204.56	-60.7485
204.64	-60.8422
204.72	-60.8735
204.8	-60.8422
204.88	-60.8735
204.96	-60.8422
205.04	-60.7798
205.12	-60.811
205.2	-60.8422
205.28	-60.8422
205.36	-60.9047
205.44	-60.8735
205.52	-60.9673
205.6	-60.9047
205.68	-60.8735
205.76	-60.9047
205.84	-60.8422
205.92	-60.8422
206	-60.936
206.08	-60.8735
206.16	-60.8422
206.24	-60.8422
206.32	-60.8735
206.4	-60.9047
206.48	-60.8735
206.56	-60.8422
206.64	-60.9047
206.72	-60.8422
206.8	-60.8422
206.88	-60.8422
206.96	-60.811
207.04	-60.9047
207.12	-60.8735
207.2	-60.936
207.28	-60.8735
207.36	-60.8422
207.44	-60.811
207.52	-60.811
207.6	-60.9047
207.68	-60.8422
207.76	-60.8422
207.84	-60.8422
207.92	-60.8735
208	-60.8422
208.08	-60.8422
208.16	-60.9047
208.24	-60.7798
208.32	-60.7798
208.4	-60.8422
208.48	-60.8422
208.56	-60.7798
208.64	-60.7485
208.72	-60.8422
208.8	-60.9047
208.88	-60.8422
208.96	-60.7798
209.04	-60.8422
209.12	-60.9673
209.2	-60.936
209.28	-60.8422
209.36	-60.8735
209.44	-60.9047
209.52	-60.9047
209.6	-60.8422
209.68	-60.811
209.76	-60.8422
209.84	-60.8422
209.92	-60.936
210	-60.8422
210.08	-60.8735
210.16	-60.811
210.24	-60.8422
210.32	-60.9047
210.4	-60.936
210.48	-60.936
210.56	-60.8735
210.64	-60.9047
210.72	-60.8735
210.8	-60.811
210.88	-60.9047
210.96	-60.9047
211.04	-60.9047
211.12	-60.936
211.2	-60.9047
211.28	-60.936
211.36	-60.8735
211.44	-60.936
211.52	-60.8422
211.6	-60.9985
211.68	-60.936
211.76	-60.936
211.84	-60.9985
211.92	-60.9985
212	-60.9047
212.08	-60.8735
212.16	-60.8735
212.24	-60.8735
212.32	-60.9673
212.4	-60.9673
212.48	-60.936
212.56	-60.8422
212.64	-60.8422
212.72	-60.811
212.8	-60.8422
212.88	-60.9047
212.96	-60.8422
213.04	-60.9047
213.12	-60.8735
213.2	-60.9047
213.28	-60.936
213.36	-60.8422
213.44	-60.9673
213.52	-60.936
213.6	-60.9673
213.68	-60.936
213.76	-60.9673
213.84	-60.9673
213.92	-60.9047
214	-60.9047
214.08	-60.9047
214.16	-60.9047
214.24	-60.9673
214.32	-60.936
214.4	-60.8422
214.48	-60.9985
214.56	-60.9047
214.64	-60.8735
214.72	-60.8735
214.8	-60.936
214.88	-60.9047
214.96	-60.8823
215.04	-60.8823
215.12	-60.8823
215.2	-60.8823
215.28	-60.8823
215.36	-61.0625
215.44	-61.0938
215.52	-61.125
215.6	-61.125
215.68	-61.1875
215.76	-61.25
215.84	-61.1563
215.92	-61.25
216	-61.2812
216.08	-61.4375
216.16	-61.4063
216.24	-61.4375
216.32	-61.5
216.4	-61.4688
216.48	-61.4375
216.56	-61.5625
216.64	-61.625
216.72	-61.625
216.8	-61.5312
216.88	-61.6563
216.96	-61.5937
217.04	-61.5312
217.12	-61.6563
217.2	-61.75
217.28	-61.7812
217.36	-61.6563
217.44	-61.7188
217.52	-61.7812
217.6	-61.8125
217.68	-61.8437
217.76	-61.9062
217.84	-61.8437
217.92	-61.9375
218	-61.7812
218.08	-61.9375
218.16	-61.9375
218.24	-61.9375
218.32	-61.9375
218.4	-61.9375
218.48	-61.9375
218.56	-62
218.64	-61.9375
218.72	-62.0625
218.8	-61.9688
218.88	-61.9688
218.96	-62.1562
219.04	-62.125
219.12	-62.0937
219.2	-62.125
219.28	-62.1875
219.36	-62.25
219.44	-62.1562
219.52	-62.1875
219.6	-62.2813
219.68	-62.25
219.76	-62.3125
219.84	-62.3125
219.92	-62.4062
220	-62.375
220.08	-62.3125
220.16	-62.3438
220.24	-62.375
220.32	-62.4375
220.4	-62.4062
220.48	-62.4687
220.56	-62.4687
220.64	-62.375
220.72	-62.4687
220.8	-62.5
220.88	-62.5312
220.96	-62.5312
221.04	-62.5625
221.12	-62.5938
221.2	-62.5312
221.28	-62.5312
221.36	-62.5625
221.44	-62.625
221.52	-62.6563
221.6	-62.5938
221.68	-62.6563
221.76	-62.6875
221.84	-62.8125
221.92	-62.75
222	-62.7813
222.08	-62.8437
222.16	-62.9688
222.24	-62.9063
222.32	-62.8125
222.4	-62.875
222.48	-62.875
222.56	-62.8437
222.64	-62.9063
222.72	-62.9375
222.8	-62.9063
222.88	-62.9063
222.96	-62.9688
223.04	-63
223.12	-62.9063
223.2	-62.9063
223.28	-62.9063
223.36	-63.0312
223.44	-62.9688
223.52	-63.0312
223.6	-63.1562
223.68	-63.0625
223.76	-63.0625
223.84	-63.0312
223.92	-63.0625
224	-63.1562
224.08	-63.1562
224.16	-63.1562
224.24	-63.1562
224.32	-63.0938
224.4	-63.1875
224.48	-63.1875
224.56	-63.1562
224.64	-63.125
224.72	-63.2813
224.8	-63.1562
224.88	-63.125
224.96	-63.1875
225.04	-63.2813
225.12	-63.2813
225.2	-63.2188
225.28	-63.2188
225.36	-63.2813
225.44	-63.25
225.52	-63.3437
225.6	-63.4375
225.68	-63.5312
225.76	-63.4687
225.84	-63.5
225.92	-63.5625
226	-63.5
226.08	-63.5
226.16	-63.5938
226.24	-63.5938
226.32	-63.5938
226.4	-63.5938
226.48	-63.5625
226.56	-63.625
226.64	-63.5625
226.72	-63.625
226.8	-63.6875
226.88	-63.75
226.96	-63.8125
227.04	-63.75
227.12	-63.7812
227.2	-63.6875
227.28	-63.7188
227.36	-63.7812
227.44	-63.8125
227.52	-63.8125
227.6	-63.6562
227.68	-63.8125
227.76	-63.8437
227.84	-63.875
227.92	-63.9375
228	-63.8125
228.08	-63.7812
228.16	-63.875
228.24	-63.9063
228.32	-63.8437
228.4	-63.8125
228.48	-63.875
228.56	-63.9063
228.64	-63.875
228.72	-63.9375
228.8	-64.0313
228.88	-64
228.96	-63.9375
229.04	-64.0313
229.12	-64.0313
229.2	-64
229.28	-64.125
229.36	-64
229.44	-64.0313
229.52	-64.1562
229.6	-64.125
229.68	-64.0625
229.76	-64.1562
229.84	-64.1562
229.92	-64.1562
230	-64.1875
230.08	-64.1875
230.16	-64.25
230.24	-64.1875
230.32	-64.2188
230.4	-64.3125
230.48	-64.2188
230.56	-64.2188
230.64	-64.3125
230.72	-64.25
230.8	-64.3125
230.88	-64.2188
230.96	-64.2812
231.04	-64.3438
231.12	-64.3125
231.2	-64.3125
231.28	-64.4063
231.36	-64.3438
231.44	-64.375
231.52	-64.375
231.6	-64.4063
231.68	-64.4375
231.76	-64.3438
231.84	-64.4687
231.92	-64.5313
232	-64.4687
232.08	-64.5625
232.16	-64.5625
232.24	-64.5
232.32	-64.5
232.4	-64.5
232.48	-64.5625
232.56	-64.5
232.64	-64.5313
232.72	-64.5937
232.8	-64.5313
232.88	-64.5625
232.96	-64.5937
233.04	-64.5937
233.12	-64.625
233.2	-64.6875
233.28	-64.625
233.36	-64.6563
233.44	-64.6875
233.52	-64.6875
233.6	-64.8125
233.68	-64.8438
233.76	-64.7188
233.84	-64.7188
233.92	-64.75
234	-64.7188
234.08	-64.8438
234.16	-64.8438
234.24	-64.8438
234.32	-64.7188
234.4	-64.8438
234.48	-64.7188
234.56	-64.75
234.64	-64.75
234.72	-64.75
234.8	-64.875
234.88	-64.8438
234.96	-64.8125
235.04	-64.8438
235.12	-64.875
235.2	-64.9375
235.28	-64.8125
235.36	-64.9375
235.44	-64.9375
235.52	-64.875
235.6	-64.9375
235.68	-64.9375
235.76	-65
235.84	-64.9375
235.92	-64.8438
236	-65
236.08	-64.9375
236.16	-65
236.24	-64.9687
236.32	-64.9687
236.4	-65.0313
236.48	-65.0625
236.56	-65.0313
236.64	-65.0937
236.72	-65.0625
236.8	-65.0625
236.88	-65.1875
236.96	-65.1563
237.04	-65.125
237.12	-65.1563
237.2	-65.1563
237.28	-65.1563
237.36	-65.1563
237.44	-65.125
237.52	-65.125
237.6	-65.1875
237.68	-65.1875
237.76	-65.2187
237.84	-65.2812
237.92	-65.25
238	-65.1875
238.08	-65.25
238.16	-65.2187
238.24	-65.2812
238.32	-65.3125
238.4	-65.25
238.48	-65.2187
238.56	-65.2187
238.64	-65.2812
238.72	-65.3438
238.8	-65.4375
238.88	-65.375
238.96	-65.375
239.04	-65.4062
239.12	-65.4375
239.2	-65.375
239.28	-65.4062
239.36	-65.4062
239.44	-65.4062
239.52	-65.5
239.6	-65.375
239.68	-65.3438
239.76	-65.5
239.84	-65.5
239.92	-65.4062
240	-65.375
240.08	-65.5937
240.16	-65.5
240.24	-65.5
240.32	-65.5625
240.4	-65.5625
240.48	-65.4375
240.56	-65.5937
240.64	-65.5312
240.72	-65.5625
240.8	-65.5
240.88	-65.5937
240.96	-65.5312
241.04	-65.5937
241.12	-65.625
241.2	-65.625
241.28	-65.6875
241.36	-65.6563
241.44	-65.5937
241.52	-65.5312
241.6	-65.5625
241.68	-65.625
241.76	-65.6875
241.84	-65.5937
241.92	-65.625
242	-65.625
242.08	-65.5937
242.16	-65.6563
242.24	-65.6563
242.32	-65.5937
242.4	-65.625
242.48	-65.7187
242.56	-65.75
242.64	-65.6875
242.72	-65.7187
242.8	-65.75
242.88	-65.75
242.96	-65.7813
243.04	-65.875
243.12	-65.8125
243.2	-65.8438
243.28	-65.7813
243.36	-65.9062
243.44	-65.9062
243.52	-65.9062
243.6	-65.9375
243.68	-65.9688
243.76	-65.9375
243.84	-65.9062
243.92	-65.875
244	-65.9375
244.08	-65.9688
244.16	-65.875
244.24	-66
244.32	-65.8438
244.4	-65.875
244.48	-65.9688
244.56	-65.9062
244.64	-65.9062
244.72	-66
244.8	-65.9375
244.88	-66
244.96	-65.9062
245.04	-65.9062
245.12	-66
245.2	-65.9688
245.28	-66.0625
245.36	-65.9688
245.44	-66.0312
245.52	-65.9688
245.6	-66
245.68	-66.0625
245.76	-65.9688
245.84	-65.9688
245.92	-66.0938
246	-66.0938
246.08	-66.0312
246.16	-66.0312
246.24	-66.0625
246.32	-66.0625
246.4	-66.0312
246.48	-66.0312
246.56	-66.125
246.64	-66.0625
246.72	-66.125
246.8	-66.1875
246.88	-66.0938
246.96	-66.2187
247.04	-66.0938
247.12	-66.1875
247.2	-66.0938
247.28	-66.125
247.36	-66.0312
247.44	-66.125
247.52	-66.0938
247.6	-66.125
247.68	-66.1875
247.76	-66.25
247.84	-66.2187
247.92	-66.2187
248	-66.3437
248.08	-66.2187
248.16	-66.2813
248.24	-66.25
248.32	-66.3125
248.4	-66.2187
248.48	-66.2813
248.56	-66.3125
248.64	-66.3125
248.72	-66.2813
248.8	-66.3437
248.88	-66.3437
248.96	-66.3125
249.04	-66.3125
249.12	-66.3125
249.2	-66.3125
249.28	-66.375
249.36	-66.4063
249.44	-66.4063
249.52	-66.3125
249.6	-66.375
249.68	-66.375
249.76	-66.4063
249.84	-66.4375
249.92	-66.375
250	-66.4688
250.08	-66.4688
250.16	-66.3125
250.24	-66.4375
250.32	-66.4375
250.4	-66.3437
250.48	-66.4063
250.56	-66.5312
250.64	-66.4688
250.72	-66.5
250.8	-66.5312
250.88	-66.4375
250.96	-66.5
251.04	-66.4375
251.12	-66.5
251.2	-66.5625
251.28	-66.4375
251.36	-66.5312
251.44	-66.5625
251.52	-66.5
251.6	-66.5
251.68	-66.5312
251.76	-66.5
251.84	-66.5
251.92	-66.5
252	-66.5625
252.08	-66.5312
252.16	-66.5
252.24	-66.5312
252.32	-66.5312
252.4	-66.5938
252.48	-66.5938
252.56	-66.625
252.64	-66.5938
252.72	-66.5625
252.8	-66.625
252.88	-66.5625
252.96	-66.6562
253.04	-66.6875
253.12	-66.6875
253.2	-66.625
253.28	-66.75
253.36	-66.625
253.44	-66.75
253.52	-66.7187
253.6	-66.6875
253.68	-66.6875
253.76	-66.6875
253.84	-66.7813
253.92	-66.7187
254	-66.8125
254.08	-66.7187
254.16	-66.6562
254.24	-66.75
254.32	-66.625
254.4	-66.7187
254.48	-66.6875
254.56	-66.75
254.64	-66.7813
254.72	-66.8125
254.8	-66.8125
254.88	-66.7813
254.96	-66.7813
255.04	-66.875
255.12	-66.875
255.2	-66.875
255.28	-66.7813
255.36	-66.75
255.44	-66.8125
255.52	-66.875
255.6	-66.8125
255.68	-66.9375
255.76	-66.9063
255.84	-66.9063
255.92	-66.7813
256	-66.8125
256.08	-66.9687
256.16	-66.9687
256.24	-66.9063
256.32	-66.7813
256.4	-66.9063
256.48	-66.875
256.56	-66.9063
256.64	-66.875
256.72	-66.9063
256.8	-66.9687
256.88	-66.9687
256.96	-66.8125
257.04	-66.9063
257.12	-66.9375
257.2	-66.9375
257.28	-66.9375
257.36	-66.9375
257.44	-66.9687
257.52	-66.9063
257.6	-66.9063
257.68	-66.8125
257.76	-66.9063
257.84	-66.9687
257.92	-66.9375
258	-66.875
258.08	-66.9063
258.16	-66.8125
258.24	-66.8125
258.32	-66.875
258.4	-66.9687
258.48	-66.7813
258.56	-66.9063
258.64	-66.9063
258.72	-67
258.8	-66.875
258.88	-66.9063
258.96	-66.9687
259.04	-67.0312
259.12	-66.9687
259.2	-67.0938
259.28	-66.9687
259.36	-67.0312
259.44	-66.9687
259.52	-67.0312
259.6	-67
259.68	-67
259.76	-66.9687
259.84	-67.0938
259.92	-67.0625
260	-67.0312
260.08	-67.0938
260.16	-67.0625
260.24	-67.1562
260.32	-67.1562
260.4	-67.0625
260.48	-67.0938
260.56	-67.1875
260.64	-67.0938
260.72	-67.0625
260.8	-67.0938
260.88	-67.125
260.96	-67.0938
261.04	-67.2188
261.12	-67.1875
261.2	-67.2188
261.28	-67.0938
261.36	-67.25
261.44	-67.1562
261.52	-67.1562
261.6	-67.1875
261.68	-67.2188
261.76	-67.2188
261.84	-67.1875
261.92	-67.2188
262	-67.2813
262.08	-67.25
262.16	-67.25
262.24	-67.3125
262.32	-67.25
262.4	-67.1875
262.48	-67.1562
262.56	-67.2188
262.64	-67.2813
262.72	-67.3125
262.8	-67.2813
262.88	-67.2188
262.96	-67.3125
263.04	-67.1875
263.12	-67.1875
263.2	-67.1562
263.28	-67.25
263.36	-67.25
263.44	-67.2813
263.52	-67.2188
263.6	-67.2813
263.68	-67.3125
263.76	-67.25
263.84	-67.3125
263.92	-67.25
264	-67.25
264.08	-67.25
264.16	-67.375
264.24	-67.25
264.32	-67.375
264.4	-67.3437
264.48	-67.375
264.56	-67.4063
264.64	-67.3125
264.72	-67.3437
264.8	-67.375
264.88	-67.375
264.96	-67.3125
265.04	-67.4375
265.12	-67.4063
265.2	-67.4375
265.28	-67.4063
265.36	-67.4375
265.44	-67.4063
265.52	-67.4375
265.6	-67.4063
265.68	-67.4063
265.76	-67.4687
265.84	-67.4687
265.92	-67.4687
266	-67.4375
266.08	-67.4063
266.16	-67.4375
266.24	-67.5938
266.32	-67.5
266.4	-67.5938
266.48	-67.4375
266.56	-67.4375
266.64	-67.5625
266.72	-67.5
266.8	-67.5938
266.88	-67.5938
266.96	-67.625
267.04	-67.625
267.12	-67.6562
267.2	-67.6562
267.28	-67.6562
267.36	-67.5938
267.44	-67.625
267.52	-67.625
267.6	-67.625
267.68	-67.6562
267.76	-67.6562
267.84	-67.5938
267.92	-67.6562
268	-67.6562
268.08	-67.5938
268.16	-67.6562
268.24	-67.5625
268.32	-67.625
268.4	-67.6875
268.48	-67.6562
268.56	-67.625
268.64	-67.5625
268.72	-67.625
268.8	-67.5938
268.88	-67.6875
268.96	-67.6875
269.04	-67.625
269.12	-67.6875
269.2	-67.625
269.28	-67.6562
269.36	-67.6562
269.44	-67.6562
269.52	-67.7188
269.6	-67.7188
269.68	-67.6875
269.76	-67.75
269.84	-67.7188
269.92	-67.7812
270	-67.7812
270.08	-67.75
270.16	-67.75
270.24	-67.7812
270.32	-67.75
270.4	-67.7188
270.48	-67.75
270.56	-67.75
270.64	-67.7188
270.72	-67.8438
270.8	-67.7812
270.88	-67.8125
270.96	-67.7812
271.04	-67.7812
271.12	-67.8438
271.2	-67.7188
271.28	-67.7188
271.36	-67.7812
271.44	-67.8438
271.52	-67.8438
271.6	-67.8125
271.68	-67.8438
271.76	-67.7812
271.84	-67.9063
271.92	-67.875
272	-67.8438
272.08	-67.8438
272.16	-67.9063
272.24	-67.8438
272.32	-67.9063
272.4	-67.8438
272.48	-67.9063
272.56	-67.875
272.64	-67.8438
272.72	-67.9063
272.8	-67.9375
272.88	-67.8438
272.96	-67.9063
273.04	-67.875
273.12	-67.9375
273.2	-67.875
273.28	-67.9063
273.36	-67.875
273.44	-67.9375
273.52	-67.9687
273.6	-68.0313
273.68	-67.9375
273.76	-67.9687
273.84	-67.9375
273.92	-68.0313
274	-67.9687
274.08	-67.9687
274.16	-67.9375
274.24	-68
274.32	-67.9687
274.4	-67.9687
274.48	-67.9063
274.56	-67.9063
274.64	-67.9375
274.72	-67.9375
274.8	-67.9375
274.88	-67.9063
274.96	-68
275.04	-68.0313
275.12	-68
275.2	-68
275.28	-67.9687
275.36	-68.0625
275.44	-68.0937
275.52	-68.0313
275.6	-68
275.68	-68
275.76	-68
275.84	-68.0625
275.92	-68
276	-68.125
276.08	-68.1875
276.16	-68.1875
276.24	-68.0937
276.32	-68.25
276.4	-68.0313
276.48	-68.125
276.56	-68.0937
276.64	-68.1875
276.72	-68.125
276.8	-68.0937
276.88	-68.0937
276.96	-68.1875
277.04	-68.1562
277.12	-68.1562
277.2	-68.3438
277.28	-68.1875
277.36	-68.125
277.44	-68.25
277.52	-68.1562
277.6	-68.125
277.68	-68.25
277.76	-68.125
277.84	-68.25
277.92	-68.1875
278	-68.1562
278.08	-68.25
278.16	-68.2812
278.24	-68.2812
278.32	-68.2812
278.4	-68.2812
278.48	-68.2812
278.56	-68.25
278.64	-68.2812
278.72	-68.2812
278.8	-68.25
278.88	-68.125
278.96	-68.25
279.04	-68.1875
279.12	-68.25
279.2	-68.25
279.28	-68.3125
279.36	-68.25
279.44	-68.3125
279.52	-68.1875
279.6	-68.2812
279.68	-68.2812
279.76	-68.2812
279.84	-68.2812
279.92	-68.3438
280	-68.3438
280.08	-68.3125
280.16	-68.375
280.24	-68.2812
280.32	-68.3438
280.4	-68.3438
280.48	-68.3438
280.56	-68.3125
280.64	-68.2812
280.72	-68.375
280.8	-68.3125
280.88	-68.2812
280.96	-68.3438
281.04	-68.2812
281.12	-68.3438
281.2	-68.3125
281.28	-68.3438
281.36	-68.2812
281.44	-68.375
281.52	-68.2812
281.6	-68.4062
281.68	-68.375
281.76	-68.375
281.84	-68.3438
281.92	-68.4062
282	-68.3125
282.08	-68.4062
282.16	-68.375
282.24	-68.3438
282.32	-68.3125
282.4	-68.3125
282.48	-68.2812
282.56	-68.4062
282.64	-68.4687
282.72	-68.375
282.8	-68.5
282.88	-68.4062
282.96	-68.4062
283.04	-68.375
283.12	-68.4687
283.2	-68.4375
283.28	-68.4687
283.36	-68.5313
283.44	-68.5
283.52	-68.4687
283.6	-68.4687
283.68	-68.4687
283.76	-68.5313
283.84	-68.4062
283.92	-68.4375
284	-68.5313
284.08	-68.5
284.16	-68.4687
284.24	-68.4687
284.32	-68.4687
284.4	-68.4687
284.48	-68.4687
284.56	-68.4375
284.64	-68.5
284.72	-68.4375
284.8	-68.4062
284.88	-68.5
284.96	-68.4687
285.04	-68.4375
285.12	-68.5
285.2	-68.4062
285.28	-68.5313
285.36	-68.4687
285.44	-68.4687
285.52	-68.5625
285.6	-68.4375
285.68	-68.5625
285.76	-68.5313
285.84	-68.5313
285.92	-68.4687
286	-68.4687
286.08	-68.5313
286.16	-68.5
286.24	-68.5
286.32	-68.4687
286.4	-68.5625
286.48	-68.625
286.56	-68.5625
286.64	-68.5937
286.72	-68.5625
286.8	-68.4687
286.88	-68.5937
286.96	-68.5313
287.04	-68.5313
287.12	-68.5625
287.2	-68.5937
287.28	-68.4687
287.36	-68.5937
287.44	-68.5625
287.52	-68.5937
287.6	-68.5625
287.68	-68.5
287.76	-68.5
287.84	-68.5
287.92	-68.5313
288	-68.6563
288.08	-68.6875
288.16	-68.5313
288.24	-68.625
288.32	-68.5625
288.4	-68.5937
288.48	-68.5625
288.56	-68.5625
288.64	-68.5937
288.72	-68.5937
288.8	-68.625
288.88	-68.6563
288.96	-68.7187
289.04	-68.6563
289.12	-68.5937
289.2	-68.625
289.28	-68.5625
289.36	-68.6563
289.44	-68.75
289.52	-68.7812
289.6	-68.6563
289.68	-68.6875
289.76	-68.6563
289.84	-68.6563
289.92	-68.6563
290	-68.6875
290.08	-68.5937
290.16	-68.6563
290.24	-68.7187
290.32	-68.6563
290.4	-68.6563
290.48	-68.7187
290.56	-68.7187
290.64	-68.5937
290.72	-68.6875
290.8	-68.7187
290.88	-68.6875
290.96	-68.6563
291.04	-68.6563
291.12	-68.6563
291.2	-68.6563
291.28	-68.6563
291.36	-68.625
291.44	-68.6563
291.52	-68.5937
291.6	-68.625
291.68	-68.6875
291.76	-68.6563
291.84	-68.6563
291.92	-68.6563
292	-68.6563
292.08	-68.7187
292.16	-68.75
292.24	-68.6563
292.32	-68.6563
292.4	-68.6563
292.48	-68.7187
292.56	-68.5937
292.64	-68.7187
292.72	-68.7812
292.8	-68.8125
292.88	-68.7812
292.96	-68.75
293.04	-68.8125
293.12	-68.75
293.2	-68.75
293.28	-68.7187
293.36	-68.8125
293.44	-68.7187
293.52	-68.75
293.6	-68.8125
293.68	-68.8125
293.76	-68.7812
293.84	-68.8438
293.92	-68.7812
294	-68.8125
294.08	-68.9062
294.16	-68.8125
294.24	-68.8125
294.32	-68.9062
294.4	-68.7812
294.48	-68.8438
294.56	-68.7812
294.64	-68.8125
294.72	-68.7812
294.8	-68.8438
294.88	-68.9062
294.96	-68.9375
295.04	-68.7812
295.12	-68.8438
295.2	-68.9062
295.28	-68.9375
295.36	-68.8438
295.44	-68.8125
295.52	-68.7812
295.6	-68.8438
295.68	-68.8125
295.76	-68.9375
295.84	-68.9688
295.92	-68.8438
296	-68.9062
296.08	-68.8125
296.16	-68.8125
296.24	-68.8125
296.32	-68.9375
296.4	-68.9688
296.48	-68.9375
296.56	-68.8125
296.64	-68.9062
296.72	-68.8125
296.8	-68.8438
296.88	-68.8438
296.96	-68.8438
297.04	-68.8438
297.12	-68.9062
297.2	-68.9062
297.28	-68.9375
297.36	-68.9062
297.44	-68.9062
297.52	-68.9062
297.6	-68.9062
297.68	-68.7812
297.76	-68.9062
297.84	-68.9062
297.92	-68.9375
298	-68.8438
298.08	-68.9062
298.16	-68.9375
298.24	-68.9688
298.32	-68.9688
298.4	-68.9688
298.48	-68.9062
298.56	-68.7812
298.64	-68.9688
298.72	-68.9375
298.8	-68.8125
298.88	-68.9062
298.96	-68.9375
299.04	-69.0313
299.12	-68.9375
299.2	-69
299.28	-68.9688
299.36	-69
299.44	-68.9375
299.52	-68.9375
299.6	-69.0313
299.68	-69
299.76	-69
299.84	-68.9062
299.92	-68.9688
300	-69.0313
300.08	-69.0937
300.16	-69.0625
300.24	-69
300.32	-68.9688
300.4	-69
300.48	-69
300.56	-69.0313
300.64	-69.0313
300.72	-69.0937
300.8	-69
300.88	-69.0937
300.96	-69.0313
301.04	-69.0313
301.12	-69.0937
301.2	-69.0313
301.28	-69.0625
301.36	-69
301.44	-68.9375
301.52	-68.9688
301.6	-69
301.68	-68.9375
301.76	-68.9375
301.84	-69
301.92	-69.0313
302	-69.0313
302.08	-69.0313
302.16	-69.0313
302.24	-68.8438
302.32	-69.0313
302.4	-68.9375
302.48	-69
302.56	-68.9375
302.64	-68.9375
302.72	-69
302.8	-69
302.88	-69.0937
302.96	-69.0313
303.04	-69.0625
303.12	-69.0625
303.2	-69.0937
303.28	-69
303.36	-69.0937
303.44	-69.0313
303.52	-69.0937
303.6	-69
303.68	-69.0625
303.76	-69.125
303.84	-69.0625
303.92	-69.125
304	-69.0625
304.08	-69.0625
304.16	-69.0625
304.24	-68.9688
304.32	-69.0625
304.4	-69.0625
304.48	-69
304.56	-69.0625
304.64	-69.0313
304.72	-69.125
304.8	-69.1563
304.88	-69.0937
304.96	-69.125
305.04	-69.0937
305.12	-69.0937
305.2	-69.0937
305.28	-69.0937
305.36	-69.0625
305.44	-69.0937
305.52	-69.0937
305.6	-69.125
305.68	-69.0937
305.76	-69.0937
305.84	-69.0937
305.92	-69.0937
306	-69.0937
306.08	-69.125
306.16	-69.125
306.24	-69.125
306.32	-69.0937
306.4	-69.1563
306.48	-69.1875
306.56	-69.0937
306.64	-69.1875
306.72	-69.0625
306.8	-69.1563
306.88	-69.0937
306.96	-69.125
307.04	-69.0937
307.12	-69.0625
307.2	-69.125
307.28	-69.1875
307.36	-69.0937
307.44	-69.125
307.52	-69.125
307.6	-69.0937
307.68	-69.1563
307.76	-69.125
307.84	-69.125
307.92	-69.125
308	-69.125
308.08	-69.2187
308.16	-69.0937
308.24	-69.1563
308.32	-69.2187
308.4	-69.2187
308.48	-69.125
308.56	-69.1563
308.64	-69.1875
308.72	-69.0937
308.8	-69.1875
308.88	-69.1563
308.96	-69.25
309.04	-69.125
309.12	-69.0937
309.2	-69.1563
309.28	-69.125
309.36	-69.2187
309.44	-69.1875
309.52	-69.1875
309.6	-69.2813
309.68	-69.1563
309.76	-69.2187
309.84	-69.1563
309.92	-69.125
310	-69.1875
310.08	-69.1875
310.16	-69.125
310.24	-69.1563
310.32	-69.1875
310.4	-69.2187
310.48	-69.2187
310.56	-69.25
310.64	-69.3125
310.72	-69.2187
310.8	-69.25
310.88	-69.2813
310.96	-69.1875
311.04	-69.25
311.12	-69.2813
311.2	-69.1875
311.28	-69.1875
311.36	-69.25
311.44	-69.375
311.52	-69.3125
311.6	-69.2813
311.68	-69.3125
311.76	-69.3125
311.84	-69.2813
311.92	-69.25
312	-69.1563
312.08	-69.1563
312.16	-69.2813
312.24	-69.2813
312.32	-69.25
312.4	-69.2813
312.48	-69.25
312.56	-69.2187
312.64	-69.1875
312.72	-69.1875
312.8	-69.2187
312.88	-69.25
312.96	-69.1563
313.04	-69.1875
313.12	-69.25
313.2	-69.25
313.28	-69.1563
313.36	-69.2813
313.44	-69.1875
313.52	-69.25
313.6	-69.2813
313.68	-69.2813
313.76	-69.3125
313.84	-69.2813
313.92	-69.25
314	-69.2187
314.08	-69.2187
314.16	-69.125
314.24	-69.2187
314.32	-69.25
314.4	-69.125
314.48	-69.1875
314.56	-69.2813
314.64	-69.3125
314.72	-69.2813
314.8	-69.25
314.88	-69.25
