3937 2
0	-68.7812
0.08	-68.6875
0.16	-68.8438
0.24	-68.9062
0.32	-68.8438
0.4	-68.7812
0.48	-68.7812
0.56	-68.75
0.64	-68.8125
0.72	-68.8438
0.8	-68.9688
0.88	-68.9062
0.96	-68.8125
1.04	-68.9375
1.12	-68.8438
1.2	-68.9688
1.28	-68.9688
1.36	-68.9062
1.44	-68.8438
1.52	-68.9062
1.6	-68.9062
1.68	-68.9062
1.76	-68.9062
1.84	-68.9375
1.92	-68.9062
2	-68.8438
2.08	-68.9375
2.16	-68.9062
2.24	-68.8125
2.32	-68.8438
2.4	-68.9062
2.48	-68.7812
2.56	-68.8125
2.64	-68.8438
2.72	-68.8438
2.8	-68.9688
2.88	-68.9062
2.96	-68.9062
3.04	-68.8438
3.12	-68.8125
3.2	-68.8438
3.28	-68.8438
3.36	-68.75
3.44	-68.9062
3.52	-68.8438
3.6	-68.8125
3.68	-68.8125
3.76	-68.8125
3.84	-68.8438
3.92	-68.8125
4	-68.9062
4.08	-68.9375
4.16	-68.8125
4.24	-68.8125
4.32	-68.9062
4.4	-68.8438
4.48	-68.9375
4.56	-68.7812
4.64	-68.8125
4.72	-68.8125
4.8	-68.9062
4.88	-68.9375
4.96	-68.9062
5.04	-68.9062
5.12	-68.9375
5.2	-68.9062
5.28	-68.8438
5.36	-68.9688
5.44	-68.9375
5.52	-68.9688
5.6	-68.8438
5.68	-68.9062
5.76	-68.9062
5.84	-68.9062
5.92	-68.9062
6	-68.9062
6.08	-68.8438
6.16	-68.8125
6.24	-68.9688
6.32	-68.8125
6.4	-68.8125
6.48	-68.8125
6.56	-68.9375
6.64	-68.8438
6.72	-68.9062
6.8	-68.9375
6.88	-68.8125
6.96	-68.8125
7.04	-68.9375
7.12	-68.8438
7.2	-68.9062
7.28	-68.9062
7.36	-68.9375
7.44	-68.9062
7.52	-68.8438
7.6	-68.9688
7.68	-68.9375
7.76	-68.9375
7.84	-68.9062
7.92	-68.9375
8	-68.8438
8.08	-68.8125
8.16	-68.9375
8.24	-68.7812
8.32	-68.8438
8.4	-68.8438
8.48	-68.9688
8.56	-68.9062
8.64	-68.8438
8.72	-68.9688
8.8	-68.8438
8.88	-68.8438
8.96	-68.9688
9.04	-68.8438
9.12	-69.0313
9.2	-68.9688
9.28	-68.9375
9.36	-68.8125
9.44	-68.9062
9.52	-68.8438
9.6	-68.9375
9.68	-68.9062
9.76	-68.8438
9.84	-68.9062
9.92	-68.9688
10	-68.9375
10.08	-68.9375
10.16	-68.8125
10.24	-68.8125
10.32	-68.8438
10.4	-68.9062
10.48	-68.8438
10.56	-68.7812
10.64	-68.8125
10.72	-68.8438
10.8	-68.9062
10.88	-68.8438
10.96	-68.8125
11.04	-68.9062
11.12	-68.9062
11.2	-68.9688
11.28	-68.9062
11.36	-68.9062
11.44	-68.9062
11.52	-68.7812
11.6	-68.8438
11.68	-68.9062
11.76	-68.9062
11.84	-68.9688
11.92	-68.9375
12	-68.9062
12.08	-68.9688
12.16	-68.9375
12.24	-68.9375
12.32	-69
12.4	-68.9688
12.48	-68.9688
12.56	-68.9688
12.64	-69.0937
12.72	-68.9062
12.8	-68.9375
12.88	-68.9375
12.96	-68.8438
13.04	-68.9688
13.12	-68.9375
13.2	-68.9375
13.28	-68.9688
13.36	-68.9375
13.44	-68.9062
13.52	-68.9062
13.6	-68.9062
13.68	-68.8125
13.76	-68.8438
13.84	-68.8125
13.92	-68.9062
14	-68.9375
14.08	-68.9062
14.16	-68.9062
14.24	-68.8438
14.32	-68.9062
14.4	-68.9062
14.48	-68.8438
14.56	-68.9375
14.64	-68.7812
14.72	-68.7812
14.8	-68.8438
14.88	-68.8438
14.96	-68.8955
15.04	-68.8955
15.12	-68.8955
15.2	-68.8955
15.28	-68.8955
15.36	-68.7392
15.44	-68.5205
15.52	-68.583
15.6	-68.3955
15.68	-68.3017
15.76	-68.208
15.84	-68.1455
15.92	-68.083
16	-68.0205
16.08	-68.0205
16.16	-67.958
16.24	-67.9267
16.32	-67.833
16.4	-67.833
16.48	-67.833
16.56	-67.708
16.64	-67.6767
16.72	-67.583
16.8	-67.583
16.88	-67.5518
16.96	-67.4892
17.04	-67.4892
17.12	-67.3955
17.2	-67.2705
17.28	-67.333
17.36	-67.2705
17.44	-67.3017
17.52	-67.208
17.6	-67.2393
17.68	-67.2393
17.76	-67.1767
17.84	-66.9892
17.92	-66.9892
18	-67.0205
18.08	-66.958
18.16	-66.8955
18.24	-66.833
18.32	-66.833
18.4	-66.833
18.48	-66.8642
18.56	-66.708
18.64	-66.8017
18.72	-66.6767
18.8	-66.6455
18.88	-66.6767
18.96	-66.6455
19.04	-66.6455
19.12	-66.5517
19.2	-66.583
19.28	-66.4892
19.36	-66.4892
19.44	-66.4268
19.52	-66.4268
19.6	-66.2705
19.68	-66.333
19.76	-66.2705
19.84	-66.2705
19.92	-66.1455
20	-66.1143
20.08	-66.208
20.16	-66.1143
20.24	-66.0517
20.32	-66.1143
20.4	-66.083
20.48	-66.1143
20.56	-66.0205
20.64	-65.958
20.72	-65.9267
20.8	-65.8955
20.88	-65.9267
20.96	-65.9267
21.04	-65.7392
21.12	-65.7392
21.2	-65.833
21.28	-65.7705
21.36	-65.6768
21.44	-65.4893
21.52	-65.6142
21.6	-65.6142
21.68	-65.5517
21.76	-65.5205
21.84	-65.6142
21.92	-65.5517
22	-65.5517
22.08	-65.458
22.16	-65.458
22.24	-65.4267
22.32	-65.3955
22.4	-65.2705
22.48	-65.3017
22.56	-65.333
22.64	-65.208
22.72	-65.3642
22.8	-65.333
22.88	-65.1768
22.96	-65.208
23.04	-65.2392
23.12	-65.083
23.2	-65.1142
23.28	-65.083
23.36	-65.083
23.44	-65.0517
23.52	-64.9893
23.6	-64.9893
23.68	-64.9893
23.76	-64.833
23.84	-64.833
23.92	-64.8017
24	-64.8017
24.08	-64.7705
24.16	-64.7392
24.24	-64.7392
24.32	-64.7705
24.4	-64.6768
24.48	-64.6142
24.56	-64.7392
24.64	-64.6768
24.72	-64.583
24.8	-64.583
24.88	-64.458
24.96	-64.4892
25.04	-64.5205
25.12	-64.4892
25.2	-64.4267
25.28	-64.458
25.36	-64.458
25.44	-64.2392
25.52	-64.3017
25.6	-64.3642
25.68	-64.208
25.76	-64.1455
25.84	-64.2392
25.92	-64.1767
26	-64.208
26.08	-64.1767
26.16	-64.083
26.24	-64.1767
26.32	-64.083
26.4	-64.1455
26.48	-64.083
26.56	-64.0205
26.64	-63.8955
26.72	-63.9892
26.8	-63.9267
26.88	-63.8955
26.96	-63.9267
27.04	-63.833
27.12	-63.833
27.2	-63.7705
27.28	-63.833
27.36	-63.8642
27.44	-63.7392
27.52	-63.708
27.6	-63.7705
27.68	-63.7705
27.76	-63.7392
27.84	-63.7705
27.92	-63.708
28	-63.6455
28.08	-63.583
28.16	-63.5205
28.24	-63.5205
28.32	-63.5205
28.4	-63.4892
28.48	-63.4892
28.56	-63.4892
28.64	-63.4892
28.72	-63.583
28.8	-63.4892
28.88	-63.3955
28.96	-63.3955
29.04	-63.3642
29.12	-63.3017
29.2	-63.3017
29.28	-63.3642
29.36	-63.3017
29.44	-63.2705
29.52	-63.2393
29.6	-63.208
29.68	-63.1767
29.76	-63.2393
29.84	-63.1767
29.92	-63.1455
30	-63.1142
30.08	-63.0205
30.16	-63.0205
30.24	-63.0517
30.32	-62.958
30.4	-63.0205
30.48	-63.0205
30.56	-62.9268
30.64	-62.8017
30.72	-62.9268
30.8	-62.8955
30.88	-62.7705
30.96	-62.9268
31.04	-62.7392
31.12	-62.708
31.2	-62.7392
31.28	-62.8017
31.36	-62.7705
31.44	-62.6455
31.52	-62.6767
31.6	-62.6455
31.68	-62.6142
31.76	-62.708
31.84	-62.5517
31.92	-62.5517
32	-62.5517
32.08	-62.5205
32.16	-62.5517
32.24	-62.4892
32.32	-62.4892
32.4	-62.4892
32.48	-62.4892
32.56	-62.4892
32.64	-62.4267
32.72	-62.3955
32.8	-62.3955
32.88	-62.4267
32.96	-62.3955
33.04	-62.3643
33.12	-62.3643
33.2	-62.3955
33.28	-62.3955
33.36	-62.2705
33.44	-62.1767
33.52	-62.208
33.6	-62.1767
33.68	-62.1455
33.76	-62.1767
33.84	-62.1455
33.92	-62.0517
34	-61.9892
34.08	-62.1455
34.16	-62.0517
34.24	-62.0517
34.32	-62.1455
34.4	-62.0205
34.48	-62.1142
34.56	-61.9892
34.64	-61.9892
34.72	-61.9892
34.8	-61.9267
34.88	-61.9267
34.96	-61.8018
35.04	-61.7705
35.12	-61.8642
35.2	-61.8642
35.28	-61.833
35.36	-61.833
35.44	-61.7392
35.52	-61.7392
35.6	-61.7705
35.68	-61.8018
35.76	-61.7392
35.84	-61.7392
35.92	-61.6455
36	-61.708
36.08	-61.6455
36.16	-61.6455
36.24	-61.583
36.32	-61.6455
36.4	-61.458
36.48	-61.458
36.56	-61.4893
36.64	-61.458
36.72	-61.458
36.8	-61.4893
36.88	-61.4267
36.96	-61.4267
37.04	-61.4267
37.12	-61.3017
37.2	-61.4267
37.28	-61.2705
37.36	-61.3017
37.44	-61.333
37.52	-61.208
37.6	-61.208
37.68	-61.208
37.76	-61.2392
37.84	-61.208
37.92	-61.2705
38	-61.2392
38.08	-61.2392
38.16	-61.1142
38.24	-61.083
38.32	-61.083
38.4	-61.0205
38.48	-61.0205
38.56	-61.0517
38.64	-60.958
38.72	-61.0205
38.8	-61.0517
38.88	-61.0517
38.96	-61.0205
39.04	-60.8955
39.12	-61.0205
39.2	-60.8642
39.28	-60.958
39.36	-61.083
39.44	-60.8955
39.52	-60.833
39.6	-60.833
39.68	-60.833
39.76	-60.833
39.84	-60.8017
39.92	-60.708
40	-60.7392
40.08	-60.6767
40.16	-60.8017
40.24	-60.7705
40.32	-60.6767
40.4	-60.708
40.48	-60.6143
40.56	-60.6143
40.64	-60.6455
40.72	-60.6143
40.8	-60.4892
40.88	-60.583
40.96	-60.5517
41.04	-60.4892
41.12	-60.4267
41.2	-60.4267
41.28	-60.4267
41.36	-60.458
41.44	-60.3642
41.52	-60.3017
41.6	-60.2705
41.68	-60.333
41.76	-60.333
41.84	-60.2705
41.92	-60.3017
42	-60.208
42.08	-60.208
42.16	-60.208
42.24	-60.1767
42.32	-60.1142
42.4	-60.1767
42.48	-60.1455
42.56	-60.208
42.64	-60.0518
42.72	-60.1142
42.8	-59.9892
42.88	-60.0205
42.96	-59.9892
43.04	-60.0518
43.12	-59.958
43.2	-59.8955
43.28	-60.0205
43.36	-60.0205
43.44	-60.0518
43.52	-59.958
43.6	-59.958
43.68	-59.958
43.76	-59.8642
43.84	-59.833
43.92	-59.833
44	-59.8017
44.08	-59.8017
44.16	-59.833
44.24	-59.8017
44.32	-59.6767
44.4	-59.6455
44.48	-59.7705
44.56	-59.7705
44.64	-59.708
44.72	-59.6767
44.8	-59.708
44.88	-59.5205
44.96	-59.6455
45.04	-59.6142
45.12	-59.6142
45.2	-59.6142
45.28	-59.6142
45.36	-59.708
45.44	-59.6142
45.52	-59.583
45.6	-59.458
45.68	-59.5205
45.76	-59.4267
45.84	-59.3642
45.92	-59.4267
46	-59.5205
46.08	-59.3955
46.16	-59.3955
46.24	-59.3955
46.32	-59.3955
46.4	-59.3955
46.48	-59.3642
46.56	-59.3955
46.64	-59.333
46.72	-59.3017
46.8	-59.2705
46.88	-59.208
46.96	-59.1768
47.04	-59.1768
47.12	-59.083
47.2	-59.1455
47.28	-59.083
47.36	-59.0517
47.44	-59.083
47.52	-59.0517
47.6	-59.0517
47.68	-59.0205
47.76	-58.958
47.84	-58.958
47.92	-59.0517
48	-58.8955
48.08	-58.9892
48.16	-59.0205
48.24	-59.0205
48.32	-58.8955
48.4	-58.7705
48.48	-58.8955
48.56	-58.8955
48.64	-58.7392
48.72	-58.7705
48.8	-58.7705
48.88	-58.8017
48.96	-58.8017
49.04	-58.7392
49.12	-58.7705
49.2	-58.7392
49.28	-58.708
49.36	-58.7392
49.44	-58.7705
49.52	-58.6767
49.6	-58.6767
49.68	-58.583
49.76	-58.6767
49.84	-58.6143
49.92	-58.6143
50	-58.6143
50.08	-58.583
50.16	-58.583
50.24	-58.5205
50.32	-58.4892
50.4	-58.458
50.48	-58.3955
50.56	-58.4892
50.64	-58.333
50.72	-58.3955
50.8	-58.3018
50.88	-58.3018
50.96	-58.208
51.04	-58.2705
51.12	-58.2392
51.2	-58.208
51.28	-58.083
51.36	-58.1142
51.44	-58.1455
51.52	-58.1455
51.6	-58.083
51.68	-58.0205
51.76	-58.208
51.84	-58.083
51.92	-58.1142
52	-57.958
52.08	-58.0517
52.16	-57.9892
52.24	-57.9892
52.32	-57.9267
52.4	-57.9267
52.48	-57.8955
52.56	-57.8642
52.64	-57.9267
52.72	-57.833
52.8	-57.833
52.88	-57.9267
52.96	-57.7705
53.04	-57.7705
53.12	-57.8642
53.2	-57.708
53.28	-57.708
53.36	-57.708
53.44	-57.6767
53.52	-57.6455
53.6	-57.5517
53.68	-57.6767
53.76	-57.6142
53.84	-57.5517
53.92	-57.5205
54	-57.5517
54.08	-57.5517
54.16	-57.5205
54.24	-57.5205
54.32	-57.5205
54.4	-57.3642
54.48	-57.4268
54.56	-57.3017
54.64	-57.3642
54.72	-57.4268
54.8	-57.3642
54.88	-57.333
54.96	-57.333
55.04	-57.3017
55.12	-57.2392
55.2	-57.3017
55.28	-57.2705
55.36	-57.208
55.44	-57.1768
55.52	-57.1455
55.6	-57.1455
55.68	-57.2392
55.76	-57.1455
55.84	-57.1142
55.92	-57.1142
56	-57.1142
56.08	-57.1142
56.16	-57.1142
56.24	-57.1142
56.32	-57.083
56.4	-57.0205
56.48	-56.958
56.56	-56.9892
56.64	-56.958
56.72	-56.9892
56.8	-56.8643
56.88	-56.8643
56.96	-56.8955
57.04	-56.833
57.12	-56.833
57.2	-56.7392
57.28	-56.8955
57.36	-56.6767
57.44	-56.708
57.52	-56.708
57.6	-56.7392
57.68	-56.708
57.76	-56.708
57.84	-56.6767
57.92	-56.6142
58	-56.583
58.08	-56.6142
58.16	-56.5205
58.24	-56.5517
58.32	-56.6767
58.4	-56.458
58.48	-56.4892
58.56	-56.3955
58.64	-56.4267
58.72	-56.3955
58.8	-56.3642
58.88	-56.3642
58.96	-56.3642
59.04	-56.3642
59.12	-56.4267
59.2	-56.4267
59.28	-56.3018
59.36	-56.4267
59.44	-56.2705
59.52	-56.2392
59.6	-56.3018
59.68	-56.3642
59.76	-56.2392
59.84	-56.2705
59.92	-56.208
60	-56.2705
60.08	-56.1767
60.16	-56.1767
60.24	-56.208
60.32	-56.1767
60.4	-56.0517
60.48	-56.1767
60.56	-56.0205
60.64	-56.0517
60.72	-55.9893
60.8	-55.9893
60.88	-55.9267
60.96	-55.9893
61.04	-55.958
61.12	-55.958
61.2	-55.8955
61.28	-55.958
61.36	-55.8955
61.44	-55.8642
61.52	-55.833
61.6	-55.8642
61.68	-55.8642
61.76	-55.8642
61.84	-55.8642
61.92	-55.7705
62	-55.833
62.08	-55.833
62.16	-55.8017
62.24	-55.7705
62.32	-55.7705
62.4	-55.708
62.48	-55.6455
62.56	-55.708
62.64	-55.708
62.72	-55.6767
62.8	-55.708
62.88	-55.583
62.96	-55.5205
63.04	-55.5205
63.12	-55.4892
63.2	-55.5205
63.28	-55.4892
63.36	-55.4268
63.44	-55.3642
63.52	-55.2392
63.6	-55.3955
63.68	-55.3955
63.76	-55.3955
63.84	-55.3642
63.92	-55.208
64	-55.1767
64.08	-55.208
64.16	-55.208
64.24	-55.2705
64.32	-55.1455
64.4	-55.2705
64.48	-55.2392
64.56	-55.1143
64.64	-55.1455
64.72	-55.1455
64.8	-55.208
64.88	-55.1143
64.96	-55.1143
65.04	-55.1143
65.12	-55.0205
65.2	-55.0205
65.28	-55.0205
65.36	-54.9892
65.44	-54.958
65.52	-54.9892
65.6	-54.958
65.68	-54.8955
65.76	-54.8642
65.84	-54.8642
65.92	-54.8642
66	-54.833
66.08	-54.833
66.16	-54.8955
66.24	-54.833
66.32	-54.8017
66.4	-54.6767
66.48	-54.6142
66.56	-54.6767
66.64	-54.6767
66.72	-54.6142
66.8	-54.6455
66.88	-54.6455
66.96	-54.6142
67.04	-54.583
67.12	-54.583
67.2	-54.583
67.28	-54.5518
67.36	-54.6142
67.44	-54.5205
67.52	-54.458
67.6	-54.458
67.68	-54.4892
67.76	-54.4267
67.84	-54.3955
67.92	-54.4267
68	-54.458
68.08	-54.333
68.16	-54.3642
68.24	-54.3642
68.32	-54.3642
68.4	-54.2705
68.48	-54.2705
68.56	-54.3642
68.64	-54.3017
68.72	-54.208
68.8	-54.2705
68.88	-54.208
68.96	-54.2705
69.04	-54.1142
69.12	-54.1767
69.2	-54.208
69.28	-54.1767
69.36	-54.0205
69.44	-54.1455
69.52	-54.0517
69.6	-54.1455
69.68	-54.0205
69.76	-53.958
69.84	-54.1142
69.92	-54.0517
70	-53.9267
70.08	-53.9267
70.16	-53.8955
70.24	-53.958
70.32	-53.8017
70.4	-53.8017
70.48	-53.708
70.56	-53.6455
70.64	-53.708
70.72	-53.708
70.8	-53.6768
70.88	-53.7392
70.96	-53.6455
71.04	-53.6142
71.12	-53.583
71.2	-53.6455
71.28	-53.583
71.36	-53.6142
71.44	-53.6142
71.52	-53.5205
71.6	-53.583
71.68	-53.5205
71.76	-53.458
71.84	-53.4892
71.92	-53.4892
72	-53.5205
72.08	-53.4892
72.16	-53.3642
72.24	-53.3017
72.32	-53.333
72.4	-53.3017
72.48	-53.2705
72.56	-53.2392
72.64	-53.208
72.72	-53.1455
72.8	-53.2392
72.88	-53.2392
72.96	-53.1767
73.04	-53.083
73.12	-53.083
73.2	-53.0517
73.28	-52.9892
73.36	-52.9892
73.44	-53.0205
73.52	-53.0517
73.6	-52.958
73.68	-52.9267
73.76	-52.958
73.84	-52.9267
73.92	-52.9267
74	-52.8955
74.08	-52.8955
74.16	-52.8018
74.24	-52.7392
74.32	-52.833
74.4	-52.7705
74.48	-52.8018
74.56	-52.7705
74.64	-52.6767
74.72	-52.6142
74.8	-52.6142
74.88	-52.5517
74.96	-52.6142
75.04	-52.5205
75.12	-52.5517
75.2	-52.5205
75.28	-52.458
75.36	-52.4267
75.44	-52.3955
75.52	-52.4267
75.6	-52.2705
75.68	-52.3642
75.76	-52.3017
75.84	-52.3017
75.92	-52.3017
76	-52.1767
76.08	-52.208
76.16	-52.2393
76.24	-52.1142
76.32	-52.1455
76.4	-52.083
76.48	-51.958
76.56	-52.0517
76.64	-51.9892
76.72	-51.9268
76.8	-51.8955
76.88	-51.8642
76.96	-51.8642
77.04	-51.8017
77.12	-51.8955
77.2	-51.8017
77.28	-51.7392
77.36	-51.7705
77.44	-51.708
77.52	-51.7705
77.6	-51.6768
77.68	-51.708
77.76	-51.583
77.84	-51.5517
77.92	-51.6142
78	-51.6768
78.08	-51.583
78.16	-51.4892
78.24	-51.6142
78.32	-51.4892
78.4	-51.5205
78.48	-51.5205
78.56	-51.4267
78.64	-51.3955
78.72	-51.3017
78.8	-51.2705
78.88	-51.3643
78.96	-51.2705
79.04	-51.2705
79.12	-51.1455
79.2	-51.208
79.28	-51.083
79.36	-51.083
79.44	-51.083
79.52	-50.9892
79.6	-50.8955
79.68	-50.8955
79.76	-50.833
79.84	-50.833
79.92	-50.7392
80	-50.708
80.08	-50.6767
80.16	-50.6142
80.24	-50.583
80.32	-50.5517
80.4	-50.5517
80.48	-50.3955
80.56	-50.4267
80.64	-50.4267
80.72	-50.333
80.8	-50.2705
80.88	-50.1767
80.96	-50.1455
81.04	-50.1142
81.12	-50.1455
81.2	-50.0205
81.28	-49.9892
81.36	-49.8955
81.44	-49.9892
81.52	-49.8642
81.6	-49.7392
81.68	-49.6455
81.76	-49.583
81.84	-49.5517
81.92	-49.458
82	-49.458
82.08	-49.3643
82.16	-49.3643
82.24	-49.208
82.32	-49.2392
82.4	-49.1455
82.48	-48.958
82.56	-48.8955
82.64	-48.7705
82.72	-48.5205
82.8	-48.2705
82.88	-47.7392
82.96	-45.708
83.04	-40.6142
83.12	-33.7705
83.2	-25.958
83.28	-16.1142
83.36	-3.083
83.44	9.32325
83.52	18.3858
83.6	24.3233
83.68	27.2295
83.76	28.1358
83.84	27.2608
83.92	25.2295
84	22.4795
84.08	19.292
84.16	15.6358
84.24	12.042
84.32	8.4795
84.4	4.69825
84.48	0.948251
84.56	-3.0205
84.64	-6.92675
84.72	-10.9267
84.8	-14.8955
84.88	-18.9267
84.96	-22.9267
85.04	-26.9267
85.12	-30.583
85.2	-34.0205
85.28	-37.0205
85.36	-39.833
85.44	-42.083
85.52	-44.0517
85.6	-45.8017
85.68	-47.458
85.76	-48.6767
85.84	-49.7705
85.92	-50.708
86	-51.458
86.08	-52.1455
86.16	-52.6142
86.24	-53.2392
86.32	-53.6455
86.4	-54.0205
86.48	-54.208
86.56	-54.5518
86.64	-54.6767
86.72	-54.8955
86.8	-55.0517
86.88	-55.083
86.96	-55.1767
87.04	-55.2705
87.12	-55.3955
87.2	-55.333
87.28	-55.3642
87.36	-55.3955
87.44	-55.4892
87.52	-55.3955
87.6	-55.3642
87.68	-55.3955
87.76	-55.4268
87.84	-55.333
87.92	-55.3017
88	-55.2705
88.08	-55.1767
88.16	-55.208
88.24	-55.1767
88.32	-55.0517
88.4	-55.1143
88.48	-55.0517
88.56	-54.9892
88.64	-54.8642
88.72	-54.8642
88.8	-54.8642
88.88	-54.6767
88.96	-54.708
89.04	-54.6767
89.12	-54.6142
89.2	-54.5205
89.28	-54.583
89.36	-54.3642
89.44	-54.208
89.52	-54.2705
89.6	-54.1767
89.68	-54.1455
89.76	-54.1142
89.84	-53.958
89.92	-53.8642
90	-53.8955
90.08	-53.8017
90.16	-53.7705
90.24	-53.6768
90.32	-53.6768
90.4	-53.6142
90.48	-53.6142
90.56	-53.5517
90.64	-53.4267
90.72	-53.3017
90.8	-53.3017
90.88	-53.208
90.96	-53.1767
91.04	-53.083
91.12	-53.1143
91.2	-53.1143
91.28	-53.0517
91.36	-53.0205
91.44	-52.9892
91.52	-52.8642
91.6	-52.8642
91.68	-52.7705
91.76	-52.7392
91.84	-52.6767
91.92	-52.6455
92	-52.5517
92.08	-52.6455
92.16	-52.5205
92.24	-52.458
92.32	-52.458
92.4	-52.4892
92.48	-52.5205
92.56	-52.4267
92.64	-52.4892
92.72	-52.3955
92.8	-52.3642
92.88	-52.2705
92.96	-52.3955
93.04	-52.1767
93.12	-52.1767
93.2	-52.083
93.28	-52.1142
93.36	-52.0517
93.44	-52.0517
93.52	-52.083
93.6	-51.9892
93.68	-51.958
93.76	-51.9268
93.84	-51.9268
93.92	-51.833
94	-51.8642
94.08	-51.9268
94.16	-51.9268
94.24	-51.833
94.32	-51.8642
94.4	-51.833
94.48	-51.8642
94.56	-51.8642
94.64	-51.708
94.72	-51.708
94.8	-51.6142
94.88	-51.6455
94.96	-51.583
95.04	-51.6142
95.12	-51.6142
95.2	-51.583
95.28	-51.5517
95.36	-51.583
95.44	-51.5205
95.52	-51.5517
95.6	-51.5205
95.68	-51.4892
95.76	-51.5205
95.84	-51.4892
95.92	-51.458
96	-51.5205
96.08	-51.5517
96.16	-51.458
96.24	-51.4892
96.32	-51.4267
96.4	-51.3955
96.48	-51.458
96.56	-51.4267
96.64	-51.4892
96.72	-51.4267
96.8	-51.4267
96.88	-51.3955
96.96	-51.3955
97.04	-51.3017
97.12	-51.2705
97.2	-51.3017
97.28	-51.3017
97.36	-51.3643
97.44	-51.2705
97.52	-51.2705
97.6	-51.1767
97.68	-51.2392
97.76	-51.3017
97.84	-51.1767
97.92	-51.2705
98	-51.2705
98.08	-51.208
98.16	-51.1142
98.24	-51.208
98.32	-51.2705
98.4	-51.083
98.48	-51.1455
98.56	-51.1767
98.64	-51.0517
98.72	-51.0205
98.8	-51.1142
98.88	-51.083
98.96	-51.0517
99.04	-51.1455
99.12	-51.1142
99.2	-51.1455
99.28	-51.0205
99.36	-51.0517
99.44	-51.0517
99.52	-50.958
99.6	-51.083
99.68	-51.0205
99.76	-51.0205
99.84	-51.083
99.92	-50.9892
100	-50.958
100.08	-50.958
100.16	-51.1142
100.24	-51.0517
100.32	-50.8955
100.4	-50.8642
100.48	-50.8955
100.56	-50.9267
100.64	-50.9267
100.72	-50.9267
100.8	-50.9267
100.88	-50.8642
100.96	-50.9267
101.04	-50.8955
101.12	-50.958
101.2	-50.9267
101.28	-50.958
101.36	-50.9267
101.44	-50.958
101.52	-50.8955
101.6	-50.8955
101.68	-50.8642
101.76	-50.833
101.84	-50.8018
101.92	-50.7392
102	-50.7705
102.08	-50.7705
102.16	-50.7705
102.24	-50.7705
102.32	-50.833
102.4	-50.7705
102.48	-50.7392
102.56	-50.7705
102.64	-50.8018
102.72	-50.833
102.8	-50.7392
102.88	-50.708
102.96	-50.7705
103.04	-50.7705
103.12	-50.708
103.2	-50.7392
103.28	-50.708
103.36	-50.6767
103.44	-50.6767
103.52	-50.6142
103.6	-50.6767
103.68	-50.708
103.76	-50.708
103.84	-50.708
103.92	-50.708
104	-50.708
104.08	-50.7392
104.16	-50.708
104.24	-50.708
104.32	-50.583
104.4	-50.708
104.48	-50.708
104.56	-50.6142
104.64	-50.7392
104.72	-50.7392
104.8	-50.7392
104.88	-50.583
104.96	-50.6142
105.04	-50.583
105.12	-50.6767
105.2	-50.5517
105.28	-50.583
105.36	-50.583
105.44	-50.583
105.52	-50.6142
105.6	-50.6767
105.68	-50.6767
105.76	-50.5517
105.84	-50.6767
105.92	-50.5517
106	-50.583
106.08	-50.5205
106.16	-50.5205
106.24	-50.458
106.32	-50.5205
106.4	-50.3955
106.48	-50.3955
106.56	-50.3955
106.64	-50.3955
106.72	-50.3642
106.8	-50.3955
106.88	-50.3955
106.96	-50.3017
107.04	-50.458
107.12	-50.4267
107.2	-50.3642
107.28	-50.3955
107.36	-50.458
107.44	-50.2705
107.52	-50.4267
107.6	-50.4267
107.68	-50.333
107.76	-50.3642
107.84	-50.333
107.92	-50.2705
108	-50.2392
108.08	-50.2392
108.16	-50.3017
108.24	-50.2705
108.32	-50.208
108.4	-50.3017
108.48	-50.333
108.56	-50.208
108.64	-50.208
108.72	-50.2705
108.8	-50.1767
108.88	-50.208
108.96	-50.208
109.04	-50.208
109.12	-50.1455
109.2	-50.1142
109.28	-50.1455
109.36	-50.1767
109.44	-50.1455
109.52	-50.083
109.6	-50.1767
109.68	-50.083
109.76	-50.1142
109.84	-50.083
109.92	-50.1142
110	-50.208
110.08	-50.1455
110.16	-50.1767
110.24	-50.1455
110.32	-50.1455
110.4	-50.1767
110.48	-50.1142
110.56	-50.083
110.64	-50.083
110.72	-50.0517
110.8	-50.0205
110.88	-50.0205
110.96	-50.0205
111.04	-50.0205
111.12	-50.0517
111.2	-50.0205
111.28	-49.9892
111.36	-50.0205
111.44	-49.9892
111.52	-49.9892
111.6	-49.9892
111.68	-50.0205
111.76	-49.9268
111.84	-49.9892
111.92	-50.1142
112	-50.0205
112.08	-49.9268
112.16	-49.8955
112.24	-50.0205
112.32	-49.9892
112.4	-49.9892
112.48	-49.9268
112.56	-49.9268
112.64	-49.8955
112.72	-49.9268
112.8	-49.8955
112.88	-49.9268
112.96	-49.8955
113.04	-49.8955
113.12	-49.8642
113.2	-49.8642
113.28	-49.8955
113.36	-49.833
113.44	-49.8017
113.52	-49.833
113.6	-49.8642
113.68	-49.833
113.76	-49.7705
113.84	-49.8642
113.92	-49.708
114	-49.7705
114.08	-49.8017
114.16	-49.6767
114.24	-49.7392
114.32	-49.6767
114.4	-49.833
114.48	-49.7705
114.56	-49.708
114.64	-49.708
114.72	-49.708
114.8	-49.6767
114.88	-49.6143
114.96	-49.6767
115.04	-49.6767
115.12	-49.708
115.2	-49.583
115.28	-49.583
115.36	-49.6143
115.44	-49.583
115.52	-49.5205
115.6	-49.5205
115.68	-49.583
115.76	-49.583
115.84	-49.583
115.92	-49.6143
116	-49.6143
116.08	-49.6143
116.16	-49.6143
116.24	-49.583
116.32	-49.6767
116.4	-49.6455
116.48	-49.6143
116.56	-49.5517
116.64	-49.5517
116.72	-49.6143
116.8	-49.5205
116.88	-49.5205
116.96	-49.4267
117.04	-49.458
117.12	-49.458
117.2	-49.4267
117.28	-49.4892
117.36	-49.5205
117.44	-49.5517
117.52	-49.3955
117.6	-49.3955
117.68	-49.2392
117.76	-49.2392
117.84	-49.2705
117.92	-49.333
118	-49.2705
118.08	-49.333
118.16	-49.333
118.24	-49.3643
118.32	-49.2392
118.4	-49.2392
118.48	-49.1455
118.56	-49.1767
118.64	-49.1142
118.72	-49.1142
118.8	-49.2705
118.88	-49.0518
118.96	-49.1142
119.04	-49.1142
119.12	-49.1142
119.2	-49.1455
119.28	-49.1142
119.36	-49.1142
119.44	-49.083
119.52	-49.2392
119.6	-49.1455
119.68	-49.083
119.76	-49.1142
119.84	-49.083
119.92	-49.083
120	-48.9892
120.08	-48.958
120.16	-49.0205
120.24	-48.9267
120.32	-48.9267
120.4	-48.8642
120.48	-48.8642
120.56	-48.833
120.64	-48.833
120.72	-48.8017
120.8	-48.8017
120.88	-48.7705
120.96	-48.708
121.04	-48.708
121.12	-48.6455
121.2	-48.583
121.28	-48.6455
121.36	-48.6767
121.44	-48.6767
121.52	-48.583
121.6	-48.5517
121.68	-48.6455
121.76	-48.5205
121.84	-48.6455
121.92	-48.4893
122	-48.6767
122.08	-48.5517
122.16	-48.583
122.24	-48.5517
122.32	-48.6767
122.4	-48.583
122.48	-48.5517
122.56	-48.5517
122.64	-48.5205
122.72	-48.4267
122.8	-48.4893
122.88	-48.5205
122.96	-48.4267
123.04	-48.4267
123.12	-48.3955
123.2	-48.3642
123.28	-48.3642
123.36	-48.333
123.44	-48.3017
123.52	-48.2705
123.6	-48.3017
123.68	-48.333
123.76	-48.208
123.84	-48.1455
123.92	-48.1142
124	-48.1142
124.08	-48.0517
124.16	-48.0517
124.24	-47.958
124.32	-47.9892
124.4	-47.8955
124.48	-47.7705
124.56	-47.7705
124.64	-47.7705
124.72	-47.708
124.8	-47.6455
124.88	-47.7705
124.96	-47.708
125.04	-47.7705
125.12	-47.708
125.2	-47.708
125.28	-47.6143
125.36	-47.6455
125.44	-47.5517
125.52	-47.4892
125.6	-47.4892
125.68	-47.4267
125.76	-47.208
125.84	-47.333
125.92	-47.208
126	-47.208
126.08	-47.208
126.16	-47.1142
126.24	-47.1142
126.32	-47.1142
126.4	-47.083
126.48	-47.0517
126.56	-46.9892
126.64	-47.0205
126.72	-46.8955
126.8	-46.9267
126.88	-46.8017
126.96	-46.7705
127.04	-46.6455
127.12	-46.6767
127.2	-46.583
127.28	-46.5205
127.36	-46.4892
127.44	-46.5205
127.52	-46.5205
127.6	-46.3955
127.68	-46.4267
127.76	-46.3955
127.84	-46.3017
127.92	-46.2392
128	-46.1768
128.08	-46.1142
128.16	-46.1142
128.24	-46.083
128.32	-45.9892
128.4	-46.0205
128.48	-45.7705
128.56	-45.6767
128.64	-45.6455
128.72	-45.4267
128.8	-45.208
128.88	-45.0205
128.96	-44.5205
129.04	-42.9267
129.12	-38.7705
129.2	-33.3955
129.28	-27.3642
129.36	-19.9267
129.44	-10.0205
129.52	1.2295
129.6	11.1983
129.68	18.417
129.76	23.042
129.84	25.5108
129.92	26.3233
130	26.042
130.08	24.7295
130.16	22.9795
130.24	20.6358
130.32	18.2295
130.4	15.6045
130.48	12.792
130.56	9.88575
130.64	6.792
130.72	3.88575
130.8	0.792001
130.88	-2.208
130.96	-5.23925
131.04	-8.458
131.12	-11.5205
131.2	-14.5517
131.28	-17.6455
131.36	-20.8017
131.44	-23.8017
131.52	-26.5517
131.6	-29.2705
131.68	-31.708
131.76	-34.083
131.84	-36.2392
131.92	-38.1455
132	-39.8642
132.08	-41.3017
132.16	-42.6142
132.24	-44.0517
132.32	-44.9893
132.4	-45.958
132.48	-46.833
132.56	-47.6455
132.64	-48.4893
132.72	-48.958
132.8	-49.583
132.88	-50.1142
132.96	-50.458
133.04	-50.958
133.12	-51.3017
133.2	-51.6768
133.28	-51.9892
133.36	-52.1767
133.44	-52.583
133.52	-52.7705
133.6	-52.9892
133.68	-53.1455
133.76	-53.2392
133.84	-53.4267
133.92	-53.5205
134	-53.6455
134.08	-53.708
134.16	-53.8642
134.24	-54.0517
134.32	-54.0205
134.4	-54.208
134.48	-54.1767
134.56	-54.3017
134.64	-54.2705
134.72	-54.2705
134.8	-54.3642
134.88	-54.458
134.96	-54.4892
135.04	-54.458
135.12	-54.5518
135.2	-54.5518
135.28	-54.4892
135.36	-54.583
135.44	-54.583
135.52	-54.6455
135.6	-54.7392
135.68	-54.6142
135.76	-54.6767
135.84	-54.6455
135.92	-54.6142
136	-54.6142
136.08	-54.6455
136.16	-54.5205
136.24	-54.6455
136.32	-54.5205
136.4	-54.6142
136.48	-54.5205
136.56	-54.583
136.64	-54.6142
136.72	-54.4892
136.8	-54.5205
136.88	-54.6142
136.96	-54.5205
137.04	-54.458
137.12	-54.4892
137.2	-54.5518
137.28	-54.6142
137.36	-54.458
137.44	-54.5518
137.52	-54.4892
137.6	-54.5518
137.68	-54.5518
137.76	-54.583
137.84	-54.4892
137.92	-54.583
138	-54.5518
138.08	-54.583
138.16	-54.6455
138.24	-54.6455
138.32	-54.6455
138.4	-54.6142
138.48	-54.7392
138.56	-54.6455
138.64	-54.6142
138.72	-54.6142
138.8	-54.6142
138.88	-54.6455
138.96	-54.6767
139.04	-54.6767
139.12	-54.6455
139.2	-54.6142
139.28	-54.6142
139.36	-54.6767
139.44	-54.7392
139.52	-54.7392
139.6	-54.8017
139.68	-54.7392
139.76	-54.6455
139.84	-54.6767
139.92	-54.6142
140	-54.8017
140.08	-54.583
140.16	-54.6455
140.24	-54.6455
140.32	-54.6767
140.4	-54.6142
140.48	-54.6455
140.56	-54.6455
140.64	-54.708
140.72	-54.7392
140.8	-54.6455
140.88	-54.7392
140.96	-54.6455
141.04	-54.708
141.12	-54.708
141.2	-54.7392
141.28	-54.6767
141.36	-54.8642
141.44	-54.8017
141.52	-54.8955
141.6	-54.833
141.68	-54.833
141.76	-54.7392
141.84	-54.7392
141.92	-54.8017
142	-54.8955
142.08	-54.8955
142.16	-54.8642
142.24	-54.8955
142.32	-54.958
142.4	-54.8955
142.48	-54.958
142.56	-54.958
142.64	-54.8955
142.72	-54.958
142.8	-55.0205
142.88	-54.8955
142.96	-55.0205
143.04	-55.0205
143.12	-55.083
143.2	-55.0205
143.28	-55.0205
143.36	-55.083
143.44	-55.0517
143.52	-55.0517
143.6	-55.1455
143.68	-55.208
143.76	-55.083
143.84	-55.1143
143.92	-55.0517
144	-55.1455
144.08	-55.1143
144.16	-55.083
144.24	-55.208
144.32	-55.2392
144.4	-55.2392
144.48	-55.2392
144.56	-55.1767
144.64	-55.333
144.72	-55.2392
144.8	-55.3642
144.88	-55.3955
144.96	-55.3017
145.04	-55.2705
145.12	-55.3017
145.2	-55.3955
145.28	-55.4268
145.36	-55.3955
145.44	-55.3017
145.52	-55.4268
145.6	-55.5205
145.68	-55.4268
145.76	-55.4892
145.84	-55.4892
145.92	-55.4268
146	-55.5205
146.08	-55.4268
146.16	-55.583
146.24	-55.583
146.32	-55.5517
146.4	-55.5517
146.48	-55.5205
146.56	-55.6142
146.64	-55.4892
146.72	-55.5205
146.8	-55.5205
146.88	-55.4268
146.96	-55.5517
147.04	-55.5205
147.12	-55.5517
147.2	-55.5517
147.28	-55.6142
147.36	-55.5517
147.44	-55.6142
147.52	-55.6142
147.6	-55.4892
147.68	-55.583
147.76	-55.6767
147.84	-55.5205
147.92	-55.6767
148	-55.6455
148.08	-55.6455
148.16	-55.6767
148.24	-55.7392
148.32	-55.708
148.4	-55.7392
148.48	-55.708
148.56	-55.7705
148.64	-55.833
148.72	-55.708
148.8	-55.708
148.88	-55.7392
148.96	-55.8017
149.04	-55.833
149.12	-55.8642
149.2	-55.9267
149.28	-55.833
149.36	-55.8955
149.44	-55.833
149.52	-55.958
149.6	-55.958
149.68	-55.9893
149.76	-55.8642
149.84	-55.8955
149.92	-55.8642
150	-55.958
150.08	-55.9267
150.16	-56.0517
150.24	-55.958
150.32	-55.9893
150.4	-55.9893
150.48	-56.0205
150.56	-56.0205
150.64	-56.0205
150.72	-55.958
150.8	-56.0205
150.88	-55.958
150.96	-56.0205
151.04	-56.083
151.12	-56.0205
151.2	-56.1767
151.28	-55.9893
151.36	-56.083
151.44	-56.1142
151.52	-56.1767
151.6	-56.1142
151.68	-56.1142
151.76	-56.1767
151.84	-56.1142
151.92	-55.9893
152	-56.1767
152.08	-56.208
152.16	-56.1142
152.24	-56.208
152.32	-56.2705
152.4	-56.208
152.48	-56.208
152.56	-56.083
152.64	-56.2392
152.72	-56.1767
152.8	-56.1142
152.88	-56.1142
152.96	-56.1767
153.04	-56.1142
153.12	-56.2392
153.2	-56.208
153.28	-56.1767
153.36	-56.1142
153.44	-56.208
153.52	-56.1767
153.6	-56.1142
153.68	-56.083
153.76	-56.1767
153.84	-56.083
153.92	-56.1142
154	-56.2392
154.08	-56.1142
154.16	-56.1142
154.24	-56.208
154.32	-56.208
154.4	-56.1142
154.48	-56.0205
154.56	-56.3018
154.64	-56.208
154.72	-56.1767
154.8	-56.2392
154.88	-56.3018
154.96	-56.3018
155.04	-56.208
155.12	-56.333
155.2	-56.3018
155.28	-56.3018
155.36	-56.3018
155.44	-56.3642
155.52	-56.3642
155.6	-56.3955
155.68	-56.3018
155.76	-56.3642
155.84	-56.4267
155.92	-56.333
156	-56.333
156.08	-56.4267
156.16	-56.3955
156.24	-56.333
156.32	-56.2705
156.4	-56.4267
156.48	-56.3955
156.56	-56.3018
156.64	-56.3642
156.72	-56.3018
156.8	-56.3642
156.88	-56.3642
156.96	-56.3955
157.04	-56.3642
157.12	-56.333
157.2	-56.3642
157.28	-56.3642
157.36	-56.3642
157.44	-56.2705
157.52	-56.3642
157.6	-56.4267
157.68	-56.3642
157.76	-56.4267
157.84	-56.458
157.92	-56.3642
158	-56.3955
158.08	-56.3955
158.16	-56.3955
158.24	-56.4267
158.32	-56.3955
158.4	-56.3642
158.48	-56.3955
158.56	-56.3018
158.64	-56.3642
158.72	-56.3642
158.8	-56.2392
158.88	-56.4892
158.96	-56.3955
159.04	-56.4267
159.12	-56.3955
159.2	-56.3955
159.28	-56.4267
159.36	-56.3955
159.44	-56.3955
159.52	-56.3955
159.6	-56.3642
159.68	-56.3018
159.76	-56.3955
159.84	-56.4267
159.92	-56.4267
160	-56.3955
160.08	-56.458
160.16	-56.3955
160.24	-56.3642
160.32	-56.3018
160.4	-56.3642
160.48	-56.2705
160.56	-56.2392
160.64	-56.3018
160.72	-56.3018
160.8	-56.3955
160.88	-56.458
160.96	-56.3642
161.04	-56.333
161.12	-56.3642
161.2	-56.3955
161.28	-56.3018
161.36	-56.3642
161.44	-56.333
161.52	-56.3018
161.6	-56.3642
161.68	-56.3642
161.76	-56.3642
161.84	-56.3642
161.92	-56.3642
162	-56.3955
162.08	-56.3642
162.16	-56.3642
162.24	-56.3955
162.32	-56.333
162.4	-56.3642
162.48	-56.2705
162.56	-56.333
162.64	-56.3642
162.72	-56.3642
162.8	-56.333
162.88	-56.2392
162.96	-56.3955
163.04	-56.2705
163.12	-56.2705
163.2	-56.3018
163.28	-56.333
163.36	-56.3955
163.44	-56.2705
163.52	-56.3018
163.6	-56.2705
163.68	-56.2705
163.76	-56.3642
163.84	-56.2705
163.92	-56.2705
164	-56.2705
164.08	-56.333
164.16	-56.2705
164.24	-56.3642
164.32	-56.2705
164.4	-56.3955
164.48	-56.333
164.56	-56.2392
164.64	-56.333
164.72	-56.3018
164.8	-56.3642
164.88	-56.333
164.96	-56.3018
165.04	-56.333
165.12	-56.333
165.2	-56.333
165.28	-56.3642
165.36	-56.3642
165.44	-56.2392
165.52	-56.2392
165.6	-56.2392
165.68	-56.2705
165.76	-56.2392
165.84	-56.2705
165.92	-56.2705
166	-56.208
166.08	-56.2392
166.16	-56.208
166.24	-56.2705
166.32	-56.2392
166.4	-56.208
166.48	-56.208
166.56	-56.2392
166.64	-56.2392
166.72	-56.3018
166.8	-56.3018
166.88	-56.3018
166.96	-56.2392
167.04	-56.2705
167.12	-56.2392
167.2	-56.2392
167.28	-56.1767
167.36	-56.208
167.44	-56.2392
167.52	-56.2392
167.6	-56.3018
167.68	-56.2705
167.76	-56.2392
167.84	-56.208
167.92	-56.2705
168	-56.2705
168.08	-56.2392
168.16	-56.2392
168.24	-56.208
168.32	-56.2705
168.4	-56.208
168.48	-56.2705
168.56	-56.208
168.64	-56.208
168.72	-56.2705
168.8	-56.2392
168.88	-56.1142
168.96	-56.1142
169.04	-56.1767
169.12	-56.2392
169.2	-56.2392
169.28	-56.2392
169.36	-56.1767
169.44	-56.1142
169.52	-56.208
169.6	-56.0517
169.68	-56.2392
169.76	-56.208
169.84	-56.2392
169.92	-56.1767
170	-56.1767
170.08	-56.083
170.16	-56.0205
170.24	-56.1142
170.32	-56.0517
170.4	-56.083
170.48	-56.0205
170.56	-55.9893
170.64	-56.1142
170.72	-55.9893
170.8	-56.1142
170.88	-56.1142
170.96	-56.1142
171.04	-56.0517
171.12	-56.0517
171.2	-56.1142
171.28	-56.083
171.36	-56.0517
171.44	-56.0517
171.52	-56.0205
171.6	-56.0517
171.68	-56.0517
171.76	-56.1142
171.84	-56.0517
171.92	-56.0205
172	-56.083
172.08	-56.1142
172.16	-56.0517
172.24	-56.083
172.32	-55.9893
172.4	-55.9893
172.48	-56.0205
172.56	-56.0517
172.64	-56.0517
172.72	-55.9893
172.8	-55.958
172.88	-55.958
172.96	-55.958
173.04	-56.083
173.12	-56.0205
173.2	-56.1142
173.28	-55.9893
173.36	-56.0517
173.44	-55.958
173.52	-56.0205
173.6	-55.958
173.68	-56.0205
173.76	-56.0517
173.84	-56.0517
173.92	-56.0517
174	-56.0205
174.08	-56.0517
174.16	-55.9893
174.24	-55.958
174.32	-55.9267
174.4	-55.958
174.48	-55.9267
174.56	-55.8642
174.64	-55.958
174.72	-55.958
174.8	-56.0205
174.88	-55.8955
174.96	-55.8955
175.04	-55.9267
175.12	-55.9267
175.2	-55.8642
175.28	-55.8955
175.36	-55.958
175.44	-55.9893
175.52	-55.8955
175.6	-55.8642
175.68	-55.8955
175.76	-55.9893
175.84	-55.9267
175.92	-55.9267
176	-55.8955
176.08	-55.8642
176.16	-55.8955
176.24	-55.8642
176.32	-55.958
176.4	-55.958
176.48	-55.9267
176.56	-55.833
176.64	-55.8017
176.72	-55.958
176.8	-55.8642
176.88	-55.8955
176.96	-55.8642
177.04	-55.8642
177.12	-55.8955
177.2	-55.7705
177.28	-55.8955
177.36	-55.8955
177.44	-55.7705
177.52	-55.7705
177.6	-55.7705
177.68	-55.8955
177.76	-55.8642
177.84	-55.8642
177.92	-55.8955
178	-55.8642
178.08	-55.8642
178.16	-55.8642
178.24	-55.7705
178.32	-55.833
178.4	-55.8642
178.48	-55.833
178.56	-55.8642
178.64	-55.8642
178.72	-55.9267
178.8	-55.7705
178.88	-55.833
178.96	-55.958
179.04	-55.9893
179.12	-55.9267
179.2	-55.8955
179.28	-55.9893
179.36	-55.833
179.44	-55.8642
179.52	-55.8017
179.6	-55.8017
179.68	-55.8955
179.76	-55.8955
179.84	-55.8017
179.92	-55.833
180	-55.6767
180.08	-55.708
180.16	-55.8642
180.24	-55.833
180.32	-55.708
180.4	-55.7705
180.48	-55.708
180.56	-55.6767
180.64	-55.708
180.72	-55.7392
180.8	-55.6142
180.88	-55.6767
180.96	-55.6455
181.04	-55.708
181.12	-55.6767
181.2	-55.6455
181.28	-55.708
181.36	-55.6455
181.44	-55.583
181.52	-55.6455
181.6	-55.6767
181.68	-55.6455
181.76	-55.6142
181.84	-55.6767
181.92	-55.6455
182	-55.6767
182.08	-55.6767
182.16	-55.6455
182.24	-55.6455
182.32	-55.6455
182.4	-55.708
182.48	-55.708
182.56	-55.583
182.64	-55.6142
182.72	-55.583
182.8	-55.4892
182.88	-55.5205
182.96	-55.583
183.04	-55.5517
183.12	-55.5517
183.2	-55.5205
183.28	-55.5205
183.36	-55.4892
183.44	-55.583
183.52	-55.5205
183.6	-55.583
183.68	-55.5517
183.76	-55.5205
183.84	-55.5205
183.92	-55.5205
184	-55.5205
184.08	-55.5205
184.16	-55.3642
184.24	-55.4892
184.32	-55.4892
184.4	-55.3955
184.48	-55.4892
184.56	-55.5205
184.64	-55.5205
184.72	-55.4268
184.8	-55.5205
184.88	-55.4268
184.96	-55.4268
185.04	-55.4268
185.12	-55.4892
185.2	-55.4268
185.28	-55.3955
185.36	-55.3642
185.44	-55.4268
185.52	-55.3955
185.6	-55.3642
185.68	-55.333
185.76	-55.2705
185.84	-55.3955
185.92	-55.3017
186	-55.333
186.08	-55.3642
186.16	-55.3642
186.24	-55.3642
186.32	-55.333
186.4	-55.2705
186.48	-55.333
186.56	-55.2705
186.64	-55.333
186.72	-55.3642
186.8	-55.333
186.88	-55.333
186.96	-55.333
187.04	-55.3017
187.12	-55.2392
187.2	-55.2705
187.28	-55.2392
187.36	-55.2392
187.44	-55.3017
187.52	-55.2705
187.6	-55.3017
187.68	-55.2392
187.76	-55.3017
187.84	-55.3017
187.92	-55.3017
188	-55.2705
188.08	-55.2392
188.16	-55.2392
188.24	-55.1767
188.32	-55.3017
188.4	-55.208
188.48	-55.208
188.56	-55.2705
188.64	-55.2392
188.72	-55.1455
188.8	-55.2705
188.88	-55.1767
188.96	-55.2392
189.04	-55.2392
189.12	-55.3642
189.2	-55.3017
189.28	-55.2705
189.36	-55.2392
189.44	-55.3017
189.52	-55.1455
189.6	-55.1767
189.68	-55.1767
189.76	-55.2392
189.84	-55.208
189.92	-55.1143
190	-55.1767
190.08	-55.1455
190.16	-55.1455
190.24	-55.1455
190.32	-55.1143
190.4	-55.083
190.48	-55.1455
190.56	-55.1143
190.64	-55.1767
190.72	-55.1143
190.8	-55.0205
190.88	-55.0517
190.96	-55.083
191.04	-55.0205
191.12	-55.0205
191.2	-55.0517
191.28	-54.9892
191.36	-55.0517
191.44	-55.0517
191.52	-55.083
191.6	-55.083
191.68	-54.9267
191.76	-55.083
191.84	-55.083
191.92	-54.9892
192	-54.958
192.08	-55.0205
192.16	-55.0205
192.24	-55.0205
192.32	-54.9267
192.4	-55.0205
192.48	-54.9892
192.56	-54.958
192.64	-54.958
192.72	-54.958
192.8	-55.0205
192.88	-54.9267
192.96	-54.958
193.04	-54.9892
193.12	-54.9267
193.2	-54.9267
193.28	-54.8955
193.36	-54.8642
193.44	-54.833
193.52	-54.833
193.6	-54.8955
193.68	-54.8955
193.76	-54.8642
193.84	-54.8017
193.92	-54.8017
194	-54.833
194.08	-54.8642
194.16	-54.8017
194.24	-54.833
194.32	-54.8017
194.4	-54.833
194.48	-54.7392
194.56	-54.833
194.64	-54.7392
194.72	-54.708
194.8	-54.7392
194.88	-54.708
194.96	-54.8017
195.04	-54.833
195.12	-54.8017
195.2	-54.7392
195.28	-54.8017
195.36	-54.7392
195.44	-54.8017
195.52	-54.7392
195.6	-54.708
195.68	-54.708
195.76	-54.6142
195.84	-54.6767
195.92	-54.708
196	-54.8017
196.08	-54.6455
196.16	-54.6142
196.24	-54.6455
196.32	-54.708
196.4	-54.6767
196.48	-54.583
196.56	-54.833
196.64	-54.7392
196.72	-54.5518
196.8	-54.4892
196.88	-54.583
196.96	-54.6142
197.04	-54.458
197.12	-54.5205
197.2	-54.583
197.28	-54.4892
197.36	-54.4892
197.44	-54.5205
197.52	-54.4892
197.6	-54.583
197.68	-54.4892
197.76	-54.4267
197.84	-54.4267
197.92	-54.458
198	-54.4267
198.08	-54.458
198.16	-54.458
198.24	-54.458
198.32	-54.4892
198.4	-54.4892
198.48	-54.458
198.56	-54.5205
198.64	-54.4892
198.72	-54.4267
198.8	-54.5205
198.88	-54.4892
198.96	-54.458
199.04	-54.458
199.12	-54.3955
199.2	-54.458
199.28	-54.4267
199.36	-54.3955
199.44	-54.4267
199.52	-54.3955
199.6	-54.3955
199.68	-54.458
199.76	-54.3955
199.84	-54.4267
199.92	-54.333
200	-54.3642
200.08	-54.3017
200.16	-54.3642
200.24	-54.3955
200.32	-54.3955
200.4	-54.3955
200.48	-54.4267
200.56	-54.3955
200.64	-54.3017
200.72	-54.3642
200.8	-54.3017
200.88	-54.4267
200.96	-54.3642
201.04	-54.2705
201.12	-54.3955
201.2	-54.2392
201.28	-54.208
201.36	-54.3017
201.44	-54.208
201.52	-54.1455
201.6	-54.2705
201.68	-54.2705
201.76	-54.1767
201.84	-54.3017
201.92	-54.208
202	-54.208
202.08	-54.1455
202.16	-54.1455
202.24	-54.1455
202.32	-54.1455
202.4	-54.0517
202.48	-54.1455
202.56	-54.208
202.64	-54.1767
202.72	-54.1455
202.8	-54.0517
202.88	-54.0517
202.96	-54.0517
203.04	-54.1142
203.12	-54.0517
203.2	-54.1455
203.28	-54.1455
203.36	-53.958
203.44	-54.0205
203.52	-54.1142
203.6	-54.1142
203.68	-54.0517
203.76	-53.958
203.84	-54.0517
203.92	-53.9893
204	-53.9893
204.08	-53.958
204.16	-54.1142
204.24	-53.958
204.32	-53.9893
204.4	-54.0517
204.48	-53.9893
204.56	-53.9893
204.64	-53.8955
204.72	-53.958
204.8	-54.0517
204.88	-53.958
204.96	-53.8955
205.04	-53.958
205.12	-53.9267
205.2	-53.958
205.28	-53.958
205.36	-53.9267
205.44	-53.8955
205.52	-53.8642
205.6	-53.9267
205.68	-53.9267
205.76	-53.8642
205.84	-53.9267
205.92	-53.9267
206	-54.0517
206.08	-53.8955
206.16	-53.9893
206.24	-53.9893
206.32	-53.9893
206.4	-53.9893
206.48	-53.958
206.56	-53.8955
206.64	-53.8642
206.72	-53.8955
206.8	-53.8955
206.88	-53.9267
206.96	-53.8642
207.04	-53.833
207.12	-53.8955
207.2	-53.8955
207.28	-53.8642
207.36	-53.833
207.44	-53.8017
207.52	-53.7705
207.6	-53.8017
207.68	-53.8017
207.76	-53.833
207.84	-53.7705
207.92	-53.8017
208	-53.8017
208.08	-53.8017
208.16	-53.7705
208.24	-53.7705
208.32	-53.8017
208.4	-53.7705
208.48	-53.8017
208.56	-53.708
208.64	-53.7392
208.72	-53.6142
208.8	-53.7392
208.88	-53.708
208.96	-53.6768
209.04	-53.7392
209.12	-53.6455
209.2	-53.6455
209.28	-53.6455
209.36	-53.6768
209.44	-53.6768
209.52	-53.6455
209.6	-53.6768
209.68	-53.6768
209.76	-53.708
209.84	-53.6142
209.92	-53.5517
210	-53.6455
210.08	-53.583
210.16	-53.4892
210.24	-53.6142
210.32	-53.6142
210.4	-53.583
210.48	-53.5517
210.56	-53.6142
210.64	-53.583
210.72	-53.5517
210.8	-53.5205
210.88	-53.4892
210.96	-53.583
211.04	-53.6142
211.12	-53.583
211.2	-53.5517
211.28	-53.5205
211.36	-53.5517
211.44	-53.5205
211.52	-53.4892
211.6	-53.4892
211.68	-53.4892
211.76	-53.5517
211.84	-53.458
211.92	-53.5517
212	-53.4892
212.08	-53.5205
212.16	-53.5205
212.24	-53.5205
212.32	-53.458
212.4	-53.5205
212.48	-53.4892
212.56	-53.4892
212.64	-53.4892
212.72	-53.4267
212.8	-53.4267
212.88	-53.458
212.96	-53.4267
213.04	-53.4267
213.12	-53.333
213.2	-53.3017
213.28	-53.2705
213.36	-53.333
213.44	-53.2705
213.52	-53.2705
213.6	-53.2392
213.68	-53.1767
213.76	-53.208
213.84	-53.2392
213.92	-53.2705
214	-53.2705
214.08	-53.3017
214.16	-53.1767
214.24	-53.1767
214.32	-53.208
214.4	-53.208
214.48	-53.208
214.56	-53.2392
214.64	-53.3017
214.72	-53.1143
214.8	-53.1455
214.88	-53.2392
214.96	-53.6188
215.04	-53.6188
215.12	-53.6188
215.2	-53.6188
215.28	-53.6188
215.36	-53.375
215.44	-53.5313
215.52	-53.5
215.6	-53.5938
215.68	-53.75
215.76	-53.8125
215.84	-53.9375
215.92	-53.8125
216	-54.0937
216.08	-54.0937
216.16	-54.0937
216.24	-54.1563
216.32	-54.1563
216.4	-54.2188
216.48	-54.2812
216.56	-54.2812
216.64	-54.2812
216.72	-54.3437
216.8	-54.4688
216.88	-54.4063
216.96	-54.4688
217.04	-54.5625
217.12	-54.5937
217.2	-54.5937
217.28	-54.625
217.36	-54.6875
217.44	-54.6875
217.52	-54.7813
217.6	-54.7813
217.68	-54.8125
217.76	-54.8125
217.84	-54.8437
217.92	-54.9687
218	-54.9375
218.08	-54.9687
218.16	-55.0313
218.24	-54.9687
218.32	-55.0938
218.4	-55.0938
218.48	-55.1562
218.56	-55.0938
218.64	-55.25
218.72	-55.25
218.8	-55.2813
218.88	-55.3438
218.96	-55.375
219.04	-55.3125
219.12	-55.4375
219.2	-55.5
219.28	-55.3438
219.36	-55.5
219.44	-55.5312
219.52	-55.5625
219.6	-55.5312
219.68	-55.5
219.76	-55.4687
219.84	-55.625
219.92	-55.625
220	-55.5938
220.08	-55.6563
220.16	-55.6875
220.24	-55.6875
220.32	-55.8125
220.4	-55.9063
220.48	-55.7812
220.56	-55.8437
220.64	-55.8437
220.72	-55.9063
220.8	-55.9688
220.88	-56
220.96	-55.9063
221.04	-56.0625
221.12	-56.1563
221.2	-56.125
221.28	-56.25
221.36	-56.1875
221.44	-56.2188
221.52	-56.2812
221.6	-56.3437
221.68	-56.3437
221.76	-56.375
221.84	-56.4688
221.92	-56.4688
222	-56.4062
222.08	-56.5937
222.16	-56.5
222.24	-56.5937
222.32	-56.5313
222.4	-56.4688
222.48	-56.625
222.56	-56.625
222.64	-56.6875
222.72	-56.625
222.8	-56.75
222.88	-56.6875
222.96	-56.7188
223.04	-56.8438
223.12	-56.8125
223.2	-56.875
223.28	-56.875
223.36	-56.9375
223.44	-56.9375
223.52	-57
223.6	-57
223.68	-57.0313
223.76	-57
223.84	-57.0313
223.92	-57.0938
224	-57.0313
224.08	-57.0625
224.16	-57.125
224.24	-57.0625
224.32	-57.1562
224.4	-57.1875
224.48	-57.2187
224.56	-57.2812
224.64	-57.2812
224.72	-57.2187
224.8	-57.375
224.88	-57.4063
224.96	-57.4063
225.04	-57.5
225.12	-57.5312
225.2	-57.5
225.28	-57.3438
225.36	-57.4687
225.44	-57.5
225.52	-57.4687
225.6	-57.5625
225.68	-57.625
225.76	-57.6563
225.84	-57.75
225.92	-57.625
226	-57.6875
226.08	-57.7188
226.16	-57.8125
226.24	-57.7812
226.32	-57.8125
226.4	-57.7188
226.48	-57.9688
226.56	-58.0312
226.64	-58.0312
226.72	-58
226.8	-58
226.88	-58.0625
226.96	-58.0937
227.04	-58.0625
227.12	-58.125
227.2	-58.0625
227.28	-58.125
227.36	-58.0937
227.44	-58.1562
227.52	-58.1875
227.6	-58.1875
227.68	-58.125
227.76	-58.1875
227.84	-58.2813
227.92	-58.3437
228	-58.25
228.08	-58.4062
228.16	-58.4688
228.24	-58.5
228.32	-58.4375
228.4	-58.5313
228.48	-58.5313
228.56	-58.4375
228.64	-58.6562
228.72	-58.5625
228.8	-58.6875
228.88	-58.7187
228.96	-58.75
229.04	-58.75
229.12	-58.8125
229.2	-58.7187
229.28	-58.9375
229.36	-58.75
229.44	-58.7813
229.52	-58.8125
229.6	-58.875
229.68	-58.8125
229.76	-58.9375
229.84	-58.9375
229.92	-58.9062
230	-58.9375
230.08	-58.9687
230.16	-58.8438
230.24	-59.0625
230.32	-59.0313
230.4	-59
230.48	-59.0625
230.56	-59.125
230.64	-59.1875
230.72	-59.0938
230.8	-59.0625
230.88	-59.1563
230.96	-59.125
231.04	-59.1875
231.12	-59.1563
231.2	-59.1563
231.28	-59.1875
231.36	-59.1875
231.44	-59.4063
231.52	-59.375
231.6	-59.4063
231.68	-59.4375
231.76	-59.4063
231.84	-59.4063
231.92	-59.4687
232	-59.375
232.08	-59.4375
232.16	-59.5625
232.24	-59.5
232.32	-59.5937
232.4	-59.5312
232.48	-59.625
232.56	-59.6563
232.64	-59.625
232.72	-59.6875
232.8	-59.7188
232.88	-59.75
232.96	-59.7188
233.04	-59.7188
233.12	-59.7812
233.2	-59.75
233.28	-59.8125
233.36	-59.8125
233.44	-59.9375
233.52	-59.875
233.6	-59.9375
233.68	-59.875
233.76	-59.9375
233.84	-60.0313
233.92	-59.9688
234	-59.9375
234.08	-60.0625
234.16	-59.9688
234.24	-59.9688
234.32	-59.9688
234.4	-60.0625
234.48	-60.1562
234.56	-60.125
234.64	-60.1562
234.72	-60.1562
234.8	-60.1562
234.88	-60.1562
234.96	-60.25
235.04	-60.25
235.12	-60.2188
235.2	-60.3125
235.28	-60.3125
235.36	-60.3437
235.44	-60.375
235.52	-60.4062
235.6	-60.5
235.68	-60.5
235.76	-60.4687
235.84	-60.4062
235.92	-60.5
236	-60.4375
236.08	-60.5
236.16	-60.7187
236.24	-60.5625
236.32	-60.625
236.4	-60.625
236.48	-60.6562
236.56	-60.625
236.64	-60.6562
236.72	-60.625
236.8	-60.625
236.88	-60.6562
236.96	-60.6562
237.04	-60.75
237.12	-60.6562
237.2	-60.7187
237.28	-60.7813
237.36	-60.75
237.44	-60.7813
237.52	-60.75
237.6	-60.8125
237.68	-60.8125
237.76	-60.9375
237.84	-60.9063
237.92	-60.9687
238	-61
238.08	-60.9375
238.16	-60.9687
238.24	-61.0312
238.32	-61.0312
238.4	-61.0938
238.48	-61.0625
238.56	-61.125
238.64	-61.125
238.72	-61.2187
238.8	-61.1563
238.88	-61.2187
238.96	-61.2187
239.04	-61.2812
239.12	-61.2187
239.2	-61.2812
239.28	-61.2812
239.36	-61.2812
239.44	-61.4063
239.52	-61.4063
239.6	-61.4063
239.68	-61.5
239.76	-61.4375
239.84	-61.3438
239.92	-61.5625
240	-61.5
240.08	-61.4688
240.16	-61.5
240.24	-61.5312
240.32	-61.5312
240.4	-61.5937
240.48	-61.625
240.56	-61.6563
240.64	-61.5937
240.72	-61.7188
240.8	-61.625
240.88	-61.6875
240.96	-61.6563
241.04	-61.6563
241.12	-61.6875
241.2	-61.7188
241.28	-61.75
241.36	-61.7188
241.44	-61.7188
241.52	-61.6875
241.6	-61.6563
241.68	-61.7812
241.76	-61.8125
241.84	-61.9062
241.92	-61.9062
242	-61.8437
242.08	-61.8437
242.16	-61.8437
242.24	-61.9375
242.32	-61.8437
242.4	-61.9375
242.48	-62
242.56	-61.9688
242.64	-62.0937
242.72	-62
242.8	-61.9688
242.88	-61.9688
242.96	-62.125
243.04	-62.1875
243.12	-62.125
243.2	-62.1562
243.28	-62.1875
243.36	-62.1875
243.44	-62.1875
243.52	-62.2188
243.6	-62.1875
243.68	-62.2188
243.76	-62.2188
243.84	-62.3438
243.92	-62.3125
244	-62.2813
244.08	-62.3125
244.16	-62.3125
244.24	-62.3438
244.32	-62.3438
244.4	-62.375
244.48	-62.4375
244.56	-62.3438
244.64	-62.4375
244.72	-62.4375
244.8	-62.4375
244.88	-62.4687
244.96	-62.5
245.04	-62.5312
245.12	-62.5
245.2	-62.4687
245.28	-62.5625
245.36	-62.5625
245.44	-62.5938
245.52	-62.6563
245.6	-62.6563
245.68	-62.625
245.76	-62.5938
245.84	-62.5938
245.92	-62.5938
246	-62.7813
246.08	-62.6563
246.16	-62.75
246.24	-62.75
246.32	-62.6563
246.4	-62.6875
246.48	-62.6563
246.56	-62.6563
246.64	-62.7813
246.72	-62.7813
246.8	-62.8125
246.88	-62.7813
246.96	-62.75
247.04	-62.7813
247.12	-62.8437
247.2	-62.9063
247.28	-62.875
247.36	-62.875
247.44	-62.875
247.52	-62.9688
247.6	-63
247.68	-63.0625
247.76	-63.0312
247.84	-63.0312
247.92	-63.0625
248	-63.0625
248.08	-63.0312
248.16	-63.0312
248.24	-63.0938
248.32	-63.0938
248.4	-63.0938
248.48	-63.125
248.56	-63.1875
248.64	-63.1562
248.72	-63.25
248.8	-63.1875
248.88	-63.1562
248.96	-63.1875
249.04	-63.1562
249.12	-63.1875
249.2	-63.1875
249.28	-63.2188
249.36	-63.3125
249.44	-63.3437
249.52	-63.3437
249.6	-63.3437
249.68	-63.375
249.76	-63.4375
249.84	-63.375
249.92	-63.4687
250	-63.4375
250.08	-63.4375
250.16	-63.4687
250.24	-63.5
250.32	-63.5625
250.4	-63.5
250.48	-63.5312
250.56	-63.5312
250.64	-63.5
250.72	-63.5938
250.8	-63.5
250.88	-63.5
250.96	-63.5625
251.04	-63.6562
251.12	-63.6875
251.2	-63.6562
251.28	-63.625
251.36	-63.7188
251.44	-63.75
251.52	-63.75
251.6	-63.6562
251.68	-63.7188
251.76	-63.7188
251.84	-63.7812
251.92	-63.7188
252	-63.8437
252.08	-63.7188
252.16	-63.7812
252.24	-63.875
252.32	-63.875
252.4	-63.875
252.48	-63.875
252.56	-63.9063
252.64	-63.9063
252.72	-63.9063
252.8	-63.9375
252.88	-63.9375
252.96	-63.9375
253.04	-63.9375
253.12	-64
253.2	-63.875
253.28	-63.9375
253.36	-63.9375
253.44	-63.9375
253.52	-63.9375
253.6	-64.0313
253.68	-63.9687
253.76	-64
253.84	-64.0313
253.92	-63.9375
254	-63.9687
254.08	-64.0625
254.16	-64.0625
254.24	-64.0625
254.32	-64.1562
254.4	-64.25
254.48	-64.1875
254.56	-64.1875
254.64	-64.1875
254.72	-64.1875
254.8	-64.2812
254.88	-64.1562
254.96	-64.1875
255.04	-64.3125
255.12	-64.3125
255.2	-64.3125
255.28	-64.3125
255.36	-64.3125
255.44	-64.3438
255.52	-64.3125
255.6	-64.4063
255.68	-64.4063
255.76	-64.4687
255.84	-64.4687
255.92	-64.5
256	-64.5
256.08	-64.5
256.16	-64.625
256.24	-64.5313
256.32	-64.5313
256.4	-64.5625
256.48	-64.5937
256.56	-64.6563
256.64	-64.625
256.72	-64.5313
256.8	-64.5937
256.88	-64.5937
256.96	-64.5937
257.04	-64.625
257.12	-64.625
257.2	-64.6563
257.28	-64.6875
257.36	-64.6875
257.44	-64.6563
257.52	-64.6875
257.6	-64.6875
257.68	-64.7188
257.76	-64.75
257.84	-64.7188
257.92	-64.7188
258	-64.7188
258.08	-64.75
258.16	-64.7188
258.24	-64.8125
258.32	-64.875
258.4	-64.75
258.48	-64.75
258.56	-64.875
258.64	-64.8438
258.72	-64.8125
258.8	-64.8438
258.88	-64.8125
258.96	-64.9062
259.04	-64.9375
259.12	-64.875
259.2	-65
259.28	-64.9375
259.36	-65.0625
259.44	-65.0937
259.52	-65.0625
259.6	-65
259.68	-64.9687
259.76	-65.0313
259.84	-65.0313
259.92	-65.125
260	-65.0625
260.08	-65
260.16	-65
260.24	-65.1563
260.32	-65.125
260.4	-65.125
260.48	-65.125
260.56	-65.125
260.64	-65.0937
260.72	-65.125
260.8	-65.2187
260.88	-65.0625
260.96	-65.1875
261.04	-65.1563
261.12	-65.125
261.2	-65.25
261.28	-65.1563
261.36	-65.2187
261.44	-65.2812
261.52	-65.3438
261.6	-65.25
261.68	-65.2812
261.76	-65.2812
261.84	-65.25
261.92	-65.3125
262	-65.3125
262.08	-65.3438
262.16	-65.3125
262.24	-65.4062
262.32	-65.375
262.4	-65.3438
262.48	-65.3125
262.56	-65.375
262.64	-65.4062
262.72	-65.375
262.8	-65.3438
262.88	-65.4375
262.96	-65.4375
263.04	-65.4062
263.12	-65.4375
263.2	-65.375
263.28	-65.5
263.36	-65.5312
263.44	-65.5312
263.52	-65.5937
263.6	-65.5625
263.68	-65.5937
263.76	-65.5312
263.84	-65.4375
263.92	-65.4375
264	-65.5625
264.08	-65.5625
264.16	-65.5937
264.24	-65.625
264.32	-65.6563
264.4	-65.7187
264.48	-65.6875
264.56	-65.5937
264.64	-65.6875
264.72	-65.6875
264.8	-65.7187
264.88	-65.7813
264.96	-65.7187
265.04	-65.75
265.12	-65.8125
265.2	-65.6875
265.28	-65.7813
265.36	-65.7813
265.44	-65.7813
265.52	-65.7187
265.6	-65.6875
265.68	-65.8125
265.76	-65.7187
265.84	-65.875
265.92	-65.8438
266	-65.8438
266.08	-65.7813
266.16	-65.9062
266.24	-65.8438
266.32	-65.8438
266.4	-65.9375
266.48	-65.9062
266.56	-65.9375
266.64	-65.8438
266.72	-65.9062
266.8	-65.9688
266.88	-66
266.96	-65.9688
267.04	-65.9688
267.12	-66
267.2	-66.0312
267.28	-66.0312
267.36	-66.0312
267.44	-66.0625
267.52	-66.0312
267.6	-66.0938
267.68	-66.0625
267.76	-66.2187
267.84	-66.0938
267.92	-66.1875
268	-66.1875
268.08	-66.125
268.16	-66.0625
268.24	-66.0625
268.32	-66.0625
268.4	-66.125
268.48	-66.1875
268.56	-66.0938
268.64	-66.125
268.72	-66.25
268.8	-66.1875
268.88	-66.2187
268.96	-66.25
269.04	-66.2187
269.12	-66.3125
269.2	-66.2813
269.28	-66.1875
269.36	-66.3437
269.44	-66.2813
269.52	-66.25
269.6	-66.3125
269.68	-66.3125
269.76	-66.2813
269.84	-66.375
269.92	-66.375
270	-66.4375
270.08	-66.375
270.16	-66.375
270.24	-66.375
270.32	-66.375
270.4	-66.2813
270.48	-66.3437
270.56	-66.375
270.64	-66.4375
270.72	-66.375
270.8	-66.375
270.88	-66.4063
270.96	-66.5
271.04	-66.4688
271.12	-66.4688
271.2	-66.5
271.28	-66.4688
271.36	-66.375
271.44	-66.4063
271.52	-66.4688
271.6	-66.4688
271.68	-66.5312
271.76	-66.5312
271.84	-66.4688
271.92	-66.4688
272	-66.5312
272.08	-66.5625
272.16	-66.5312
272.24	-66.5625
272.32	-66.5938
272.4	-66.5625
272.48	-66.6562
272.56	-66.7187
272.64	-66.6875
272.72	-66.6875
272.8	-66.7187
272.88	-66.7187
272.96	-66.625
273.04	-66.5625
273.12	-66.6875
273.2	-66.625
273.28	-66.6562
273.36	-66.75
273.44	-66.75
273.52	-66.7187
273.6	-66.6875
273.68	-66.6562
273.76	-66.6562
273.84	-66.75
273.92	-66.6875
274	-66.6875
274.08	-66.8125
274.16	-66.8125
274.24	-66.875
274.32	-66.7813
274.4	-66.75
274.48	-66.7187
274.56	-66.875
274.64	-66.875
274.72	-66.7813
274.8	-66.7813
274.88	-66.8125
274.96	-66.6875
275.04	-66.875
275.12	-66.8125
275.2	-66.8125
275.28	-66.75
275.36	-66.875
275.44	-66.9063
275.52	-66.9375
275.6	-66.9375
275.68	-67
275.76	-66.9687
275.84	-67
275.92	-66.9687
276	-67.0312
276.08	-66.9687
276.16	-67.0312
276.24	-67.0312
276.32	-67
276.4	-66.9687
276.48	-67.0312
276.56	-67
276.64	-67
276.72	-67
276.8	-67.0625
276.88	-67.0938
276.96	-67.0312
277.04	-67.0312
277.12	-67
277.2	-67.125
277.28	-67.0625
277.36	-67.0625
277.44	-67
277.52	-67.0938
277.6	-67
277.68	-67.0625
277.76	-67.0625
277.84	-67.125
277.92	-67.1562
278	-67.2188
278.08	-67.1875
278.16	-67.2188
278.24	-67.25
278.32	-67.1562
278.4	-67.0938
278.48	-67.25
278.56	-67.25
278.64	-67.3125
278.72	-67.3125
278.8	-67.2813
278.88	-67.3125
278.96	-67.2813
279.04	-67.3125
279.12	-67.375
279.2	-67.25
279.28	-67.25
279.36	-67.3125
279.44	-67.2188
279.52	-67.2813
279.6	-67.3437
279.68	-67.2813
279.76	-67.25
279.84	-67.1875
279.92	-67.2188
280	-67.25
280.08	-67.2188
280.16	-67.2813
280.24	-67.25
280.32	-67.3125
280.4	-67.3125
280.48	-67.2813
280.56	-67.2813
280.64	-67.25
280.72	-67.2813
280.8	-67.3125
280.88	-67.3125
280.96	-67.3125
281.04	-67.3437
281.12	-67.3125
281.2	-67.3125
281.28	-67.3125
281.36	-67.3125
281.44	-67.2813
281.52	-67.3437
281.6	-67.3437
281.68	-67.3437
281.76	-67.3437
281.84	-67.5
281.92	-67.4687
282	-67.5
282.08	-67.4375
282.16	-67.5625
282.24	-67.375
282.32	-67.4063
282.4	-67.4063
282.48	-67.4687
282.56	-67.4375
282.64	-67.4375
282.72	-67.4687
282.8	-67.4687
282.88	-67.4687
282.96	-67.5625
283.04	-67.4687
283.12	-67.5938
283.2	-67.5625
283.28	-67.5625
283.36	-67.4687
283.44	-67.4687
283.52	-67.5
283.6	-67.4687
283.68	-67.5625
283.76	-67.5938
283.84	-67.5
283.92	-67.625
284	-67.5938
284.08	-67.6562
284.16	-67.5938
284.24	-67.5938
284.32	-67.5938
284.4	-67.5938
284.48	-67.5938
284.56	-67.6562
284.64	-67.7188
284.72	-67.6562
284.8	-67.6875
284.88	-67.6875
284.96	-67.75
285.04	-67.75
285.12	-67.8125
285.2	-67.6875
285.28	-67.75
285.36	-67.6562
285.44	-67.6875
285.52	-67.6875
285.6	-67.6875
285.68	-67.6875
285.76	-67.7188
285.84	-67.8438
285.92	-67.7812
286	-67.7812
286.08	-67.75
286.16	-67.7812
286.24	-67.8125
286.32	-67.7812
286.4	-67.8125
286.48	-67.8125
286.56	-67.8125
286.64	-67.8125
286.72	-67.8125
286.8	-67.75
286.88	-67.8125
286.96	-67.7812
287.04	-67.6875
287.12	-67.7812
287.2	-67.8125
287.28	-67.8125
287.36	-67.7812
287.44	-67.8438
287.52	-67.7812
287.6	-67.8125
287.68	-67.7812
287.76	-67.8438
287.84	-67.9063
287.92	-67.9063
288	-67.8438
288.08	-67.875
288.16	-67.9375
288.24	-67.8438
288.32	-67.8125
288.4	-67.9375
288.48	-67.9687
288.56	-68.0313
288.64	-67.9687
288.72	-67.9375
288.8	-67.9375
288.88	-68.0313
288.96	-68.0313
289.04	-68.0313
289.12	-67.9375
289.2	-67.9375
289.28	-68.0313
289.36	-68.0313
289.44	-68.0313
289.52	-68
289.6	-67.9687
289.68	-68.0625
289.76	-68.0937
289.84	-68
289.92	-68.0625
290	-68.0625
290.08	-68
290.16	-68
290.24	-68.0625
290.32	-68.0313
290.4	-68.125
290.48	-68.0313
290.56	-68.0937
290.64	-68.0313
290.72	-68.0937
290.8	-67.9687
290.88	-68.0313
290.96	-68.0625
291.04	-68.0937
291.12	-68.0937
291.2	-68.125
291.28	-68.25
291.36	-68.0937
291.44	-68.125
291.52	-68.125
291.6	-68.25
291.68	-68.1562
291.76	-68.0625
291.84	-68.0625
291.92	-68.1562
292	-68
292.08	-68.0937
292.16	-68.0937
292.24	-68.0937
292.32	-68.0313
292.4	-68.0937
292.48	-68.25
292.56	-68.25
292.64	-68.25
292.72	-68.1562
292.8	-68.1875
292.88	-68.1562
292.96	-68.2812
293.04	-68.25
293.12	-68.25
293.2	-68.1562
293.28	-68.25
293.36	-68.25
293.44	-68.1875
293.52	-68.1875
293.6	-68.3125
293.68	-68.2812
293.76	-68.25
293.84	-68.3438
293.92	-68.2812
294	-68.1875
294.08	-68.1875
294.16	-68.1562
294.24	-68.375
294.32	-68.2812
294.4	-68.2812
294.48	-68.1875
294.56	-68.2812
294.64	-68.3438
294.72	-68.3438
294.8	-68.375
294.88	-68.3125
294.96	-68.3438
295.04	-68.375
295.12	-68.4062
295.2	-68.4687
295.28	-68.375
295.36	-68.375
295.44	-68.4375
295.52	-68.375
295.6	-68.375
295.68	-68.3438
295.76	-68.4062
295.84	-68.375
295.92	-68.4062
296	-68.5313
296.08	-68.4062
296.16	-68.4062
296.24	-68.4375
296.32	-68.5
296.4	-68.4687
296.48	-68.4375
296.56	-68.4062
296.64	-68.4375
296.72	-68.4375
296.8	-68.4687
296.88	-68.4687
296.96	-68.4375
297.04	-68.4062
297.12	-68.375
297.2	-68.375
297.28	-68.4687
297.36	-68.4375
297.44	-68.4687
297.52	-68.5
297.6	-68.4375
297.68	-68.4375
297.76	-68.4687
297.84	-68.4687
297.92	-68.4687
298	-68.4687
298.08	-68.5313
298.16	-68.5313
298.24	-68.4687
298.32	-68.4375
298.4	-68.5
298.48	-68.4375
298.56	-68.5313
298.64	-68.5
298.72	-68.5313
298.8	-68.4375
298.88	-68.5625
298.96	-68.5313
299.04	-68.5937
299.12	-68.5625
299.2	-68.6563
299.28	-68.5313
299.36	-68.5625
299.44	-68.5625
299.52	-68.5
299.6	-68.5313
299.68	-68.5
299.76	-68.5
299.84	-68.625
299.92	-68.5937
300	-68.625
300.08	-68.625
300.16	-68.6563
300.24	-68.6875
300.32	-68.5625
300.4	-68.75
300.48	-68.5625
300.56	-68.7187
300.64	-68.6563
300.72	-68.7187
300.8	-68.625
300.88	-68.6563
300.96	-68.625
301.04	-68.6563
301.12	-68.6875
301.2	-68.5937
301.28	-68.625
301.36	-68.7187
301.44	-68.7187
301.52	-68.5625
301.6	-68.6563
301.68	-68.6875
301.76	-68.7187
301.84	-68.6563
301.92	-68.75
302	-68.6563
302.08	-68.8125
302.16	-68.7187
302.24	-68.7187
302.32	-68.8125
302.4	-68.7812
302.48	-68.75
302.56	-68.625
302.64	-68.6875
302.72	-68.6563
302.8	-68.7812
302.88	-68.75
302.96	-68.7812
303.04	-68.7812
303.12	-68.8125
303.2	-68.75
303.28	-68.7812
303.36	-68.75
303.44	-68.8438
303.52	-68.75
303.6	-68.7812
303.68	-68.8125
303.76	-68.7812
303.84	-68.8125
303.92	-68.75
304	-68.8125
304.08	-68.7187
304.16	-68.8125
304.24	-68.8125
304.32	-68.7812
304.4	-68.75
304.48	-68.75
304.56	-68.7812
304.64	-68.8438
304.72	-68.75
304.8	-68.8438
304.88	-69
304.96	-68.9062
305.04	-68.9375
305.12	-68.8438
305.2	-68.9375
305.28	-68.8438
305.36	-68.9688
305.44	-68.9062
305.52	-68.9375
305.6	-68.8438
305.68	-68.9688
305.76	-69.0313
305.84	-68.9688
305.92	-68.9375
306	-69
306.08	-68.9688
306.16	-68.9062
306.24	-68.9062
306.32	-68.9062
306.4	-68.9375
306.48	-68.9062
306.56	-69
306.64	-68.9375
306.72	-68.9688
306.8	-68.9688
306.88	-68.9375
306.96	-68.9375
307.04	-68.8125
307.12	-68.9062
307.2	-68.9062
307.28	-69
307.36	-68.9688
307.44	-69
307.52	-69.0313
307.6	-68.9688
307.68	-69.0313
307.76	-69
307.84	-68.9688
307.92	-69.0313
308	-68.9375
308.08	-68.9375
308.16	-68.9375
308.24	-68.9688
308.32	-69
308.4	-69.0625
308.48	-69
308.56	-69.0313
308.64	-69
308.72	-69
308.8	-68.9688
308.88	-69.0313
308.96	-68.9688
309.04	-69
309.12	-68.9375
309.2	-69.0313
309.28	-69.0313
309.36	-69
309.44	-69.0625
309.52	-69.0313
309.6	-69.0625
309.68	-69.0625
309.76	-69.0313
309.84	-69
309.92	-68.9688
310	-69.125
310.08	-69.0313
310.16	-69.0625
310.24	-68.9688
310.32	-69.0937
310.4	-69.0625
310.48	-69.125
310.56	-69.125
310.64	-69.0625
310.72	-69.0937
310.8	-69.0937
310.88	-69.0937
310.96	-69.125
311.04	-69.0937
311.12	-69.125
311.2	-69.125
311.28	-69.125
311.36	-69.0625
311.44	-69.0625
311.52	-69.0625
311.6	-69.125
311.68	-69.1563
311.76	-69.1563
311.84	-69.1875
311.92	-69.2187
312	-69.2187
312.08	-69.1563
312.16	-69.2813
312.24	-69.2187
312.32	-69.1563
312.4	-69.25
312.48	-69.2187
312.56	-69.125
312.64	-69.25
312.72	-69.1563
312.8	-69.2187
312.88	-69.25
312.96	-69.1875
313.04	-69.125
313.12	-69.2187
313.2	-69.2187
313.28	-69.25
313.36	-69.3125
313.44	-69.1563
313.52	-69.125
313.6	-69.2187
313.68	-69.125
313.76	-69.1563
313.84	-69.125
313.92	-69.2187
314	-69.1875
314.08	-69.2187
314.16	-69.2187
314.24	-69.2187
314.32	-69.1875
314.4	-69.1875
314.48	-69.1563
314.56	-69.1875
314.64	-69.25
314.72	-69.2813
314.8	-69.25
314.88	-69.25
