1264
15405
6075
30206
22726
32843
23106
18639
45192
35255
11768
27161
43248
59718
49651
63213
13067
2320
3157
16227
22638
25929
1184
14819
63580
54850
32133
59872
2208
42323
8727
39242
4849
15328
10654
63411
7043
4279
4179
54620
3216
13305
14715
56140
55246
19082
53903
2193
32833
23741
54238
63978
17910
57102
52553
50348
3312
50603
27909
22114
12655
37081
31013
42113
716
6612
41487
52678
31652
6437
57190
13814
32873
15057
41943
49179
58645
3786
2423
22138
55245
18716
24068
13854
2079
25010
12066
42272
17658
52149
9881
2670
53059
13363
49805
16921
55857
34708
6687
49158
51937
53984
61297
11450
16879
30203
12374
63741
11813
4655
56758
39531
2916
45224
62482
14083
36525
24468
19540
23300
19165
34613
50341
39296
25640
1641
3976
32202
13822
54624
9643
45970
11872
3938
48911
48640
58037
35675
50354
50684
47556
879
44681
63463
29859
20649
9887
63240
40030
29323
9784
64480
17659
12398
20058
56193
4690
49320
56156
55000
15296
23866
1177
47496
7557
16599
3028
41269
63130
15181
34541
6414
51150
1982
11088
27348
7547
7899
6738
33996
19336
24101
32773
36725
30340
58653
33450
31065
48346
50862
25865
53301
52374
5158
61171
1513
29374
2970
41855
40886
23002
8388
49517
63298
12476
60465
56372
2313
8157
59266
31120
6183
18269
45270
42725
51385
24380
57884
32784
44352
62897
54815
24860
43181
33789
60719
29993
58821
23949
56123
43450
16624
10949
1093
5641
10792
62266
64386
64056
28845
39405
17293
23936
20265
34930
4566
32603
16591
13488
31501
6270
30488
24790
13978
41022
35720
61487
54786
59016
61408
12047
61787
61314
24683
31777
46083
50401
45423
47270
40975
52602
25555
61444
17799
63302
31163
24744
35746
5021
26292
28232
43356
3167
32813
44655
64469
61748
56717
52951
47019
59524
53462
32969
39993
17250
29281
11059
51813
30953
57495
1375
11096
2332
56613
41843
60107
51365
20954
1765
65126
4047
29618
8044
19140
33148
54055
53333
44664
26593
3760
20181
44680
64004
53323
62852
44065
48183
30502
48056
36592
31122
63088
33073
44260
25109
12425
15250
59418
58088
37129
47006
51645
62461
43004
29196
35769
47646
972
17419
65509
32489
13889
7500
26731
33889
52744
44650
57415
58531
60759
44981
46978
64048
34965
26345
64015
15345
39280
61120
30395
32105
44170
22842
33956
18098
51986
30118
32201
8063
35613
5089
41397
14786
33351
27841
41112
235
63999
55184
47313
31887
47100
24695
54531
33269
46960
48775
25303
2319
64729
52474
64843
14910
22173
35964
24235
48266
7678
63225
39903
29544
58552
29208
5821
25809
8420
65240
44722
35855
904
47318
23812
21943
50363
17878
1795
30211
55739
60335
47973
26561
19545
35227
19782
40479
19599
56780
28170
41086
63200
54316
53570
44402
53864
41499
63784
9524
47095
45934
21920
11080
52495
38177
20713
25341
9126
35003
13621
57916
47679
30302
61204
2325
47511
12919
24796
17577
3872
8017
38265
58714
28468
4255
55987
18713
52536
16429
44020
3921
24019
41269
35357
51871
5487
55681
28959
14177
55910
17594
44537
23777
60654
49087
17365
31883
55217
57890
52582
65185
54541
13272
33152
3268
25889
37175
44581
36989
46588
45224
39869
43918
56424
6339
36771
38586
21444
16636
23016
42940
47273
64486
63481
50837
48450
14455
52083
10953
61045
28379
8579
3302
9158
52979
42833
10682
16812
23605
13720
21369
379
11011
20825
2023
45129
59736
15291
18020
19436
36381
51236
13587
18415
23974
29438
47468
20382
38881
30381
4481
50371
63328
31612
34807
9433
43287
50232
17914
10073
37199
18611
32117
11591
63809
31070
1667
25832
43915
40732
52062
29278
9776
44656
4910
24984
54434
57675
21345
58152
10884
58476
13368
8152
35225
63214
27642
65447
20230
53169
57704
31754
34195
19086
21237
51213
44394
30518
44405
50528
31877
22440
36655
8874
25700
20551
62811
49558
27406
3734
42272
64133
59504
36637
35880
10012
31894
42427
20230
9562
60542
31479
27722
43984
44468
52240
18306
46657
13320
64017
57636
18266
24662
46907
16507
26377
39610
10458
28069
37325
17408
9785
55456
3592
1243
57066
49230
31310
18262
37363
56963
20174
60075
46529
45590
1808
57562
4654
26858
21231
11269
40726
59276
48332
41607
40261
56378
58758
54360
24531
3745
43000
51197
43560
9722
56910
47748
54349
57832
16636
29704
18345
32745
54159
55086
16428
16088
19065
57549
43234
4502
47932
10121
37679
40939
47011
63098
29012
35227
33301
43687
22177
1990
51872
34251
349
3907
54897
23645
13681
40186
213
36796
2291
51204
65249
25965
57804
9705
3049
49345
35584
11917
34748
14056
14578
30455
3423
22469
1847
13412
3298
10046
63967
26791
22916
61906
11716
62177
47077
36717
50855
45067
53121
56337
15868
64885
770
27283
38518
2175
38288
2915
19929
1293
1272
5419
58216
2553
16137
34517
62979
10375
50580
6951
41876
41635
62535
18330
25327
20518
56928
26103
30418
21485
46437
2109
19811
47791
29742
64449
27090
27082
53364
41412
2878
24406
27408
28068
1151
5772
33510
58538
45554
8839
38820
10861
63717
30741
21008
10555
1901
16318
16286
4431
23719
60005
26175
31234
7758
9444
34304
13721
61830
23430
40075
57560
18724
52790
12491
21768
26490
31241
12169
52863
16888
44870
15055
36956
35391
37897
58590
28450
59021
41772
31943
60219
33119
60722
35968
16711
11462
593
51166
53346
48086
48621
20536
25123
40067
49719
59180
15000
36815
730
32595
2190
13507
64476
53850
63042
46658
40436
21589
31461
42969
59011
1497
17747
63286
701
58913
58968
8808
60683
45075
61290
56955
28651
14015
9975
33161
5534
8091
60888
29803
12582
39828
1351
17794
28983
61126
12026
61405
32490
64021
10657
282
6091
40466
40793
55042
9735
4523
11574
28141
6606
27702
903
43602
36058
6357
5011
16173
49032
38577
15709
714
41074
11283
47977
24984
45528
32419
3121
24481
14826
4502
9915
36660
5776
3085
27107
15483
63722
17125
33969
52793
51440
24826
55173
42342
30555
6544
37872
41541
26256
11684
106
32870
58078
15972
1262
26829
17580
59166
53732
26530
10442
45141
52428
63696
13720
55516
42604
55497
28261
15916
11435
16135
58614
4956
33555
63464
63789
19984
63158
63447
51039
27256
13159
40935
62355
59820
56809
53171
35488
8531
56796
20893
8545
6003
